20195
20143
20239
20161
20025
20238
20229
20287
20249
20243
20231
20212
19963
20206
20271
20249
20067
20094
20156
19942
20204
20053
20256
20180
20264
20173
20144
20225
19969
20143
20109
20264
20238
19934
20218
20283
20095
20240
20237
20257
20325
20299
20182
20324
20096
20203
20221
20273
20222
20155
19867
20229
20227
20341
20147
20062
20161
20301
20138
20320
20111
20142
20119
20233
20255
20107
20320
20146
20248
19886
20206
20264
20246
20267
20307
20278
20270
20032
20189
20278
20265
20152
20274
20266
20245
20135
20185
20251
20209
20245
20131
20146
20268
20252
20070
20260
20306
19932
20205
20159
20252
19616
20161
20195
20108
20224
20252
20231
20055
20152
20208
20034
20314
20166
20158
20199
20117
20295
20007
20125
20125
20224
20252
20168
20141
20080
20097
20270
20219
20329
20273
20278
20214
20167
20109
20005
20258
20037
20232
20209
20225
20292
20334
20186
20049
20159
20188
20267
20101
20307
20057
20275
20133
20220
20158
20309
20332
20049
20197
19913
20268
20148
20011
20165
20195
19939
20119
20163
20311
20246
20144
20158
20037
20207
20114
20240
20212
20217
20267
20276
20286
20162
20269
20273
20280
19848
20069
19928
19908
20061
20281
20206
20271
20218
20036
20183
20334
20213
20296
20305
20165
20071
20245
20244
20237
20172
20031
20260
20232
19963
20152
20050
20262
20223
20255
20197
19954
20009
20076
20002
20308
20200
20080
20112
20142
20230
20170
20128
20182
20147
20133
20147
20203
20272
19837
20260
20208
20259
20186
20214
20281
20221
20192
20207
20299
20215
20212
20220
20205
20256
20315
20214
20235
20103
20272
19933
20163
20337
20109
20284
20069
20219
20268
20140
20317
20115
19951
20051
20145
20080
20198
20129
20290
20276
20084
20283
20340
19993
20171
20274
20107
20285
20218
20197
20304
20300
20201
20268
20192
20033
20250
20148
20280
20257
20188
20220
20015
20127
20302
20191
20295
20312
19933
20151
20268
20217
20139
20046
20233
20164
20262
20092
20132
20251
20219
19973
20110
19965
20249
20156
20273
20199
20200
20250
20055
20236
20263
20090
20227
20079
20218
20286
20295
20197
20248
20241
20264
20256
20237
19851
20111
20119
20119
20263
20282
20271
20223
20268
20249
20061
20261
20102
20301
20193
20218
20271
20185
20261
20231
20122
20253
20217
20271
20248
20162
20187
20264
20114
20274
20231
20255
20287
20293
20179
20072
20162
20176
20086
20117
20284
20266
20235
20269
19978
20061
20048
20216
20211
20268
20128
20196
20308
20192
20153
20151
20093
20269
20213
20178
20145
20215
20039
20076
20242
20162
20134
20192
20251
20218
20234
20267
20236
20057
20122
19961
20057
20265
20087
20137
20255
20041
20237
20233
20274
20088
20247
20210
20236
20236
20102
20128
20230
20194
20042
20304
20220
20135
20198
20342
19976
20078
20086
20257
20307
20162
20157
20126
20240
20117
20196
20318
20204
20273
20088
20309
20220
20296
20102
20300
20190
20098
20036
20043
20262
20135
20328
20146
20254
20180
20292
20235
20246
20228
20194
20259
20028
20239
20150
20100
20003
20188
20189
20262
20294
20275
20210
20035
20095
20223
20215
20236
20254
20075
19856
20336
19982
20128
20033
20089
20206
20127
20325
20138
20177
19993
20022
20327
20174
20206
20231
20064
20236
20140
20262
20294
20290
20255
20256
20140
20121
20261
19968
20242
20199
20331
20188
20044
20145
19906
20055
20174
20251
19789
20294
20003
20085
20296
20209
20276
20106
20143
20156
20299
20228
20123
20261
20195
20199
20257
20119
20276
20311
20196
20275
20170
20151
20289
20092
20253
20248
20125
20245
19976
20098
20253
20268
20123
20148
20225
20201
20249
20116
20030
20220
20181
20198
20068
20210
20147
20340
20111
20204
20326
20010
20151
20246
20163
20289
20073
20226
20300
20142
20331
20221
20028
20151
20287
19919
20260
20182
20271
20212
20222
20241
20099
20314
20246
20286
20109
20144
20256
20061
20225
20193
20203
20180
20149
20272
20076
20232
20221
20162
20170
20144
20251
20235
20124
20271
20176
20142
20198
20186
20189
20171
20170
20144
20087
20192
20149
19988
20276
20202
20267
20182
20298
20264
20204
20027
20198
20108
20139
20178
20204
20300
20280
20242
20287
20221
20260
20251
20191
20304
20219
19960
20266
20231
20246
20214
20162
20170
20127
20128
20097
20129
20266
20282
20086
20164
20019
20154
20112
20308
20181
20314
20266
20056
20223
20013
20163
20056
20214
20014
20335
20161
20303
20287
20157
20280
20141
20278
20254
20340
19973
20150
20243
20215
20285
20192
20097
20097
20302
19990
20264
20202
19863
20271
20059
20317
20187
20094
20326
20113
20209
20278
20311
20258
20048
20125
20186
20108
20314
20195
20274
20177
19979
20168
20328
20219
20155
20326
20136
20234
20131
20314
20283
20047
20125
20211
20233
20276
20274
20144
20278
20122
20223
20109
20306
20266
20202
20075
20219
20174
20217
20221
20181
20077
20250
20029
19925
20292
20081
20225
20226
20179
20050
20125
20073
20272
20264
20042
20292
20264
20212
20178
20110
20041
20204
20326
20067
20259
20059
20247
20232
20239
20259
20158
20266
20306
20303
20065
20142
20090
20208
20235
20258
20224
19961
20256
20177
20147
20243
20135
20142
20116
20280
20298
19715
20251
20312
20176
20207
20221
20324
20195
19974
20128
20192
20195
20249
20119
20142
20119
20094
20249
20076
20269
20163
20042
20176
20253
20267
20256
20281
20093
20268
20214
20154
20309
20239
20136
20269
20264
20288
20041
20273
20189
19865
20199
20253
20143
20135
20231
20147
20195
20209
20261
20264
20130
19974
20280
20168
20175
20207
20282
20216
20177
20211
20247
20156
20271
20209
20190
20165
20272
20146
20275
20183
20173
20262
20152
19918
20024
20272
20294
20266
20241
20099
20233
20111
19794
20082
20215
20220
20256
20096
20149
20114
19932
20062
20086
20030
20170
20232
20207
20258
20330
20194
20321
19957
20077
19842
20291
19801
20176
20047
20179
20039
20278
20295
20307
20279
20275
20163
20099
20159
20304
20208
20240
20222
20209
20273
19588
20027
20036
20253
20152
20242
20200
20218
20180
20321
20231
20169
20262
20223
20219
20264
20281
20263
20290
20223
20272
20021
20263
20096
20258
20220
20122
20217
20257
20304
20102
20230
20259
20198
20265
20195
20052
20259
20220
20170
20302
20147
20140
20264
20088
20187
20157
20052
20327
20295
20107
20191
20253
20186
20208
20265
20118
20241
20170
20276
20294
20243
20110
20329
20224
20161
20240
20145
20133
20208
20298
20251
20128
20052
20153
20264
20187
20288
20224
20261
20052
20287
20243
20170
20097
20182
20177
20134
20168
20209
20164
20112
20304
20148
20278
20184
19932
19974
20165
20186
20254
20008
20299
20097
20162
20204
20293
20183
20134
20314
20250
20107
20285
20227
20309
19970
20308
20359
20183
20270
20275
20229
20086
20294
20307
20160
20294
20084
20136
20216
20163
20112
20185
20151
20228
20132
20223
20044
20239
20241
19955
20078
20163
20256
20161
20104
20269
20261
20217
20310
19971
20195
20221
20267
19828
19995
20315
20158
20188
19985
20218
20188
20113
20134
20267
20236
20220
20222
20041
20152
19911
20117
20136
20274
20258
20091
20062
20165
20277
20186
20179
20254
20256
20148
20301
20299
20231
20244
20176
20318
20171
20320
20265
20259
20276
20209
20196
20253
20309
20279
20300
20264
20183
19926
20078
20161
20197
20180
20176
20077
20129
20271
20144
20296
20083
20202
20155
20169
20154
20281
20297
20350
20322
20319
20182
20019
20219
20234
20241
20217
19813
20178
19908
20290
20277
20246
20156
20249
19989
20289
20248
20262
20019
20276
20312
20136
20148
20228
20011
20112
20158
20022
19826
20213
20119
20265
20255
20211
20193
20283
20272
20280
20216
20165
19905
20201
20233
20244
20152
20270
20222
20231
20286
20224
20293
19903
19920
20210
20230
20298
20144
20226
20022
20166
19870
20214
20100
20286
19943
20046
19993
20036
20267
20222
20267
20190
20270
20181
20266
20253
20204
19888
20294
20101
20163
20104
20245
20230
19972
20290
20323
20212
20011
20328
20225
20275
20221
20162
19848
20133
20127
20115
20300
20235
20061
20256
20241
20185
20272
20095
20027
19992
20212
20196
20082
19890
19998
20312
20264
20292
20217
20211
20227
20040
20185
20160
20268
20221
20221
20272
20303
20112
20242
19990
20196
20291
20241
19996
20248
20177
20247
20236
20165
20313
20068
20181
20220
20188
20121
20171
20316
20096
20060
20121
20323
20155
20162
20081
20207
19820
20234
20222
20092
20196
19867
20202
20156
19989
20129
20295
19888
20257
20156
20083
20289
19909
20115
20151
20323
20206
20258
20281
20109
20266
20263
20290
20158
19950
20016
20218
20107
20230
20119
20161
20094
20145
20312
20164
20267
20074
20138
20223
20025
20118
20078
20125
20262
20252
20211
20270
20162
20033
20075
20078
20210
20054
20217
20177
20153
20290
20247
20178
20263
20167
20255
20078
19998
20206
20313
20270
20283
20277
20276
20044
20296
20165
20093
20061
20284
20257
20269
20253
20236
20186
20290
20264
19922
20224
20140
20208
20300
20212
20289
20329
20290
20193
20152
20175
20302
20251
20256
20123
20220
19884
20284
20332
20279
20327
20224
20251
20276
19982
20156
20159
20042
20261
19989
20287
20161
20337
20251
20175
19936
20191
20170
19986
20072
20274
20267
20078
20200
20097
20230
20223
20258
20070
20102
20096
20276
20277
20206
20182
20001
20343
20171
20178
19914
20089
19908
20269
20273
19823
20307
20202
20323
19981
20041
20284
20032
20117
20221
20247
20261
20254
20282
20095
19960
20289
20275
20015
20221
20182
20055
20188
20165
20251
20250
19990
20292
20230
20188
20107
20251
20283
20266
20176
20222
20092
20268
20253
20187
20231
20012
20151
20176
20120
20242
20032
20114
20178
20277
20083
20253
20191
20326
20267
20182
20167
20176
20252
20224
20106
20108
20337
20135
20113
20270
20327
20137
20223
20014
19952
20306
20150
20272
20160
20166
20082
20155
20154
20010
20218
20161
20226
20281
20059
19638
20323
20217
20016
20278
20117
20082
20289
20254
20043
19962
20166
20076
20227
20080
20240
20082
20213
20200
20096
20182
20285
20192
20250
20170
20133
20251
20209
20112
19880
20187
20111
20240
20196
20208
20148
20296
20213
20131
20224
20080
20036
20292
20279
19761
20067
19875
20070
20035
20255
20174
19913
20187
20009
20238
20261
20244
20276
20280
20215
20208
20177
20276
20246
20213
20247
20119
20119
19882
20254
20133
20244
20049
20159
20263
20260
20162
20245
20155
20254
20113
20264
19977
20141
20175
20202
20294
20273
20246
20256
20277
19990
20278
20288
20242
20183
20297
20210
20131
20211
20189
20177
20056
20232
20096
20293
20247
20339
20269
20289
20164
20180
20229
19986
20251
20271
20154
20265
20135
20215
20160
20220
20284
19942
20164
20231
19920
20238
20266
20268
20184
20196
20040
20135
20199
20199
20210
20151
20264
20273
20108
20115
20195
20137
20055
20121
20183
20203
20140
20177
19999
20201
20242
20248
20053
19929
20196
20238
20244
20337
20114
20288
19846
20284
20144
20112
20293
20218
20222
20194
20298
20142
20174
20209
20174
20334
20244
20213
20332
20270
20274
20121
20258
20115
20141
20134
20255
20276
20215
20223
20218
20245
20188
20293
20250
20152
19953
20214
20224
20279
20224
20055
20154
20244
20163
20283
20163
20336
19976
20286
20146
20136
20236
19969
20119
20285
20226
20230
19939
20221
20226
20270
20223
20317
20170
20205
20242
20117
20170
20137
20288
20226
20194
20239
19924
20212
20308
20123
20001
20175
20272
19964
20155
20191
20185
20214
20315
20184
20225
20141
20242
20249
20249
20136
20175
20217
20193
20143
20202
20251
20028
20236
20233
20061
20225
20296
20295
20299
20175
20260
20225
20294
20219
20330
20153
20130
20229
20232
20176
20320
20295
20225
19960
20254
20208
20067
20153
20190
20250
20228
20154
20200
20231
20225
20293
20281
20227
20160
20170
20044
20159
20233
20232
20190
20166
20139
20078
20189
20227
20215
20279
20267
20221
20171
20128
20319
20273
20158
20065
20262
20062
20067
20240
20261
20209
19506
20176
19896
20290
20228
20262
20060
20109
20019
20127
20215
20240
20248
20253
20246
20088
20176
20268
20193
20361
20216
20172
20328
20223
20295
20122
20138
20281
20284
20174
20214
20291
20250
20165
20171
20285
20010
20074
20208
20216
20233
20135
20145
20327
20314
20274
20262
20238
20059
20163
20196
20279
20227
19797
20225
20231
20244
20183
19997
20243
20266
20222
20264
20309
20097
20225
20236
20162
20215
20138
20264
20252
20258
20064
20180
20179
20250
20263
20193
19940
20199
20119
20013
20215
20270
20137
20117
20007
20048
20112
19934
20221
20207
20181
20305
20303
20299
20275
20187
20039
20185
20246
20232
20222
19998
20102
20182
20192
20135
20256
20155
19883
19963
20095
20229
20239
20067
20204
20153
20286
20057
19986
20140
19981
20110
20157
20184
20294
20156
20099
20095
20273
20049
20163
20064
20186
20272
20326
20235
19946
20226
20210
20267
20109
20164
20180
20250
20240
20273
20248
19927
20280
20257
20291
20232
20222
20291
20292
20245
20227
20184
20103
20229
20282
20212
20058
20061
20070
20160
20182
20056
20075
20010
20320
20265
20257
20196
20170
20224
20264
19969
19999
20281
20281
20278
20217
20254
20231
20224
20190
20130
20285
20130
20295
20162
20228
20172
20186
20262
20171
19775
20234
20013
20227
20287
20228
20081
20251
20326
20194
19936
19997
20254
20321
20103
20246
20190
20218
20278
19922
20290
20317
20273
20284
20197
20245
20103
20302
20152
20141
20144
20312
20139
20296
20055
20173
20230
20111
20244
20297
20206
20189
20298
20271
20243
20196
20318
20285
20198
20233
20277
20258
20167
20176
20211
20235
19960
20285
20194
20219
20285
20233
20200
20182
20289
20230
20231
20208
20199
20213
20199
19959
20228
20101
20011
19923
20298
19823
20131
20213
20082
20203
20047
20185
20189
20162
20297
20009
20292
20288
20170
20191
20284
20101
20205
20174
20143
20213
20044
20256
20143
20241
20254
20196
20212
20278
20286
20155
20250
20226
20235
20301
20280
20069
20218
20222
20064
20252
20272
20045
20310
20124
20325
20231
20207
20212
20215
20079
20160
20162
20135
20049
20260
20070
20208
20122
20328
20249
20185
20323
20210
20072
20256
20104
20155
20161
20241
19842
20108
20257
20183
20169
20171
20246
20235
20093
20298
20256
20013
20144
20158
20212
20285
20028
20199
20227
20131
20080
20031
20200
20219
20248
20282
20297
20205
20199
20106
20085
20083
20289
20080
20134
20144
20210
20082
20281
20286
20082
20208
19916
20125
19742
20130
20097
20103
20325
20260
20225
20285
20306
20220
20263
20211
20308
20200
20008
20226
20185
20209
20168
20104
20213
20178
20248
20302
20081
20341
20240
20177
20123
20218
20282
20231
20000
20266
20296
20257
20178
20141
20234
20186
20219
20282
20274
20178
20170
20299
20136
20228
19958
20221
20209
20267
20121
20037
20131
20174
20279
20253
20147
20115
20294
20131
20270
20207
20258
20285
20131
20276
20180
20089
20287
20263
20099
19987
20328
20147
20176
20178
20279
20172
20268
20288
20221
20105
20245
20197
20202
20209
20162
20185
20220
20152
20246
20213
20249
20212
20229
19796
20140
19993
20298
20169
20128
20270
20033
20326
20209
20146
20165
20271
20041
19871
20197
20209
20282
20086
20011
19830
20246
20114
20303
20228
20279
20243
20181
20190
20317
20238
20256
20305
20289
20186
20091
20190
20129
20273
20189
20186
20036
20222
20163
20269
20173
20244
20286
20271
20313
20281
20042
20031
19926
20239
20101
20095
20314
20027
20345
20299
20240
20188
20167
20246
20190
20182
20308
20291
20131
20171
20002
20249
20216
20161
20301
20149
20170
20148
20134
20081
20297
20100
20148
20148
20216
20287
20153
20208
20185
20103
20018
19967
20137
20263
20244
20213
20267
20284
20124
20221
20198
20054
20125
20119
20249
20132
20218
20005
20189
20179
20074
20216
20032
20125
20271
20186
20324
20118
20207
20240
20169
19960
19895
20163
20263
20018
20196
20121
20290
20225
20185
20243
20073
20195
20322
20052
20272
20261
20070
20295
20145
20112
20178
20336
20153
20155
20329
20241
20172
20109
20262
19906
20171
20190
20008
20243
20217
20061
20246
20266
20097
20232
20187
20119
19993
20150
20219
20053
20129
19915
20195
20225
20199
20254
20183
20240
20236
20257
20146
20233
20215
19953
20262
20126
20035
20349
20111
20180
20292
20157
20224
20272
20182
20208
20283
20269
20082
20251
20282
20167
20296
20313
20241
19967
20191
20229
20225
20114
20230
20214
20235
20149
20248
20293
20167
20170
20295
20204
20135
20160
20203
20279
20163
20204
20037
20130
20208
20217
20138
20282
20071
20249
20222
20295
20203
19921
19975
20186
20171
20095
20206
20164
20215
20257
19979
20275
19897
19970
20114
20191
20080
20274
20234
20092
20221
20147
20177
20305
20179
20268
20202
20255
20225
20083
20222
20174
20178
20182
20313
20075
20153
19903
20260
20276
20164
20306
20263
20200
20002
20047
20219
20270
20229
20266
20245
20191
20116
20274
20318
20203
20094
20156
20145
20326
20258
20219
20244
20235
20263
20260
20313
20294
19980
20217
20077
20138
20234
20236
20313
20260
20183
20143
20152
20307
20168
20276
20324
20324
20265
20192
20258
20203
20261
20283
20022
20246
20304
20155
20290
20217
20132
20015
20102
20219
19927
20138
20051
20175
20059
20144
20080
20193
20075
20097
20235
20268
20247
20191
20172
20233
20322
20185
20270
20169
20240
20260
20220
20253
20254
20233
20334
20115
20031
20140
20188
20060
20291
20186
20100
20254
20241
20258
20235
20090
20222
20180
20275
20278
20147
20085
20000
20226
20196
20134
20132
20203
20146
20315
20059
20060
20181
20237
20231
20064
20204
20317
20220
20302
20035
20219
20249
20193
20164
20179
20217
20131
20163
20259
20311
20319
20271
20029
20268
20231
20234
20223
20136
20295
20228
20213
20208
20296
20285
20137
20250
20239
20227
20259
20237
20257
20266
20104
20243
20304
20230
20292
20175
20231
20297
20167
20248
20276
20237
20225
20295
20236
19946
19901
20176
20169
20141
20028
20177
20214
20242
20244
20233
20192
20148
20304
20307
20178
20288
20165
20102
20143
19934
20085
20298
20301
19925
20120
20231
20178
20333
19975
19978
20152
20195
20170
20278
19586
20238
20290
20157
20180
20168
20242
20171
20152
20179
20230
19927
20098
20256
20285
20228
19972
20291
20158
20188
20193
19930
20061
20243
20192
20266
20141
20201
20152
20029
20113
20281
20282
19790
20310
20062
20149
20299
20265
20223
20208
20237
20095
20252
20207
20256
20298
20249
20269
20315
20221
20273
20300
20145
20214
20288
20197
20227
20041
20120
20282
20322
20201
20193
20094
20236
20176
19936
20262
19994
20193
20223
20272
20219
20086
19913
20201
20209
20191
20163
20235
20271
20309
20151
20240
20273
20216
20306
20238
20012
20249
20072
20257
20075
20257
20229
20212
20253
20239
20187
20195
19997
20251
20298
20041
20122
20227
19868
20231
20273
20330
20190
20048
20237
20211
20222
20125
20099
20189
20258
20285
20180
20006
20248
20142
20058
20258
20283
20111
20197
20288
20277
20155
20115
20273
20287
20300
20041
20300
20256
20276
20031
20126
20252
20153
20221
20221
20165
20162
20166
20296
20248
20298
20195
20114
20152
20078
20229
20235
19965
20134
20165
20323
20114
20291
20192
20192
20155
20204
20091
20259
20165
19903
20208
20276
20214
20292
19836
20221
20220
20185
20166
20198
20297
20091
20240
20176
20132
20116
20228
20271
20093
20241
20316
20241
20278
20281
20216
19999
20111
20213
20202
20134
20121
20203
20276
20334
20181
20129
20302
20295
20221
20151
20266
20208
20232
20337
20274
20276
20172
20295
20306
20025
20231
20185
20189
20173
20132
20235
20291
20235
20262
20253
20093
20272
20239
20155
20262
20247
19983
20173
20199
20152
20135
20171
20245
19851
20232
20332
20122
20148
20220
20179
19907
20261
20203
20141
20228
20266
20315
20252
20254
20257
20186
20214
20248
20246
20101
20240
20214
20315
19977
20233
20215
20327
20287
20148
20316
19486
20269
20213
19954
20187
20315
20232
20306
20225
20022
20217
20236
20173
20325
20280
20170
20087
20216
20060
20287
19831
20287
20211
20060
20124
20270
20129
20246
19994
19898
20227
19906
20178
20200
20223
20176
19991
20219
20161
20167
20147
20291
20253
20093
20167
20147
20175
20187
20200
20160
20108
20192
20154
20190
20298
19969
20164
20180
20209
20171
20286
20174
20236
20298
20171
20235
20251
20223
20143
20199
20215
20088
20154
20285
20208
20177
20111
20263
20194
20202
20265
20215
20256
20173
20314
20184
20053
20076
20164
20144
20321
20248
20242
20290
19971
20204
20249
20241
19998
20280
20096
20137
20174
20179
19934
20111
20059
20227
20090
20213
20195
20288
20263
20137
20089
20252
20097
20169
20182
20295
20328
20223
20045
20226
20119
20188
20265
20292
20198
20109
19968
20045
20280
20311
20296
20081
20134
20269
20286
20157
20278
20284
20211
20199
20277
20154
19933
20055
20132
20294
20267
20172
20254
20266
20208
20258
20251
20276
20205
20140
20170
20021
20304
20173
20201
20185
19897
20063
20174
20232
20060
20226
20199
20211
20314
20128
20159
20231
20209
20201
20005
19989
19941
20263
20055
20133
20000
20075
20224
20141
20297
20155
20305
20204
20283
20297
20169
20231
20334
20243
20351
20211
20242
20267
20063
20000
20311
20263
20082
20261
20031
20281
20320
20252
20313
20046
20300
20331
20144
20136
20064
19970
20109
20235
20236
20265
20289
20299
20131
20061
19979
20230
20184
20247
20158
20051
20292
20192
20234
20238
20121
20172
20188
20116
20164
20252
20334
20269
20165
19988
20134
20204
20138
20326
20171
20180
19619
20242
20267
20075
20171
20085
20182
19983
20145
20051
20129
20280
20198
20149
20196
20310
20066
20141
20177
20206
20231
20174
20212
20317
20288
20077
20235
20261
20163
20327
20237
20219
20255
20260
20152
20242
20199
20290
20172
20319
20285
20266
20136
20068
20257
20181
20316
20314
20213
20102
20166
20245
20119
20220
20146
20143
20280
19904
20220
20225
20067
20259
20300
20182
20138
20216
20262
20142
20268
20285
20291
20186
20230
20212
20035
20144
20228
20229
20184
20246
20304
20224
20234
20214
20227
19932
20170
20124
20294
20138
20111
20198
20249
20223
20128
20152
19890
20085
19923
20279
20313
20217
20266
20273
20252
19930
20238
20058
20290
20132
20146
20165
19907
20175
20226
20306
20270
20338
20068
20297
20176
20177
20229
20235
20227
20279
19831
20123
20161
20047
20266
20259
20205
20209
20075
20300
20107
20156
20190
20256
20192
20292
20341
20189
20191
20203
20223
20199
19701
20147
20303
20225
20002
20198
20314
20135
20116
20333
20297
20216
20171
20221
20257
20174
20084
20122
20300
19935
20125
19910
20277
20234
20243
20171
20087
20313
20223
20093
20096
20148
20131
20233
20149
20194
20263
19867
20298
20167
19989
20176
20207
20298
20278
20262
20095
20012
20245
19949
20251
20190
20119
20260
20281
20108
20102
20266
20230
20195
20245
20003
20165
20241
20075
20102
20186
20109
20150
20240
20316
20245
20307
20291
20207
20288
20342
20189
20226
20161
20234
20270
20261
20095
20200
20196
20124
20138
19946
20266
20275
20256
20209
20123
20135
20198
20327
20105
20264
20236
20191
20125
20124
20267
19927
20171
20281
20294
20300
20235
20071
20264
20223
20272
20323
20117
20115
20240
20163
20133
20248
20192
20096
20244
20075
20035
20019
19951
19970
20123
20266
20216
20199
20160
20284
20127
20239
20258
20253
20104
19939
20226
20273
20215
20229
20188
20191
20253
20192
20271
20237
20147
20183
20175
20250
20213
20145
20157
20256
20204
20163
20111
19962
20246
20088
20245
20237
20191
20313
20227
20242
20303
20242
19824
20019
20207
20136
20233
20140
20191
20157
20067
20244
20272
20248
20285
20172
20128
20253
20278
20219
20294
20268
20161
20208
20100
20190
20186
20209
20141
20157
20265
20280
20208
20265
20273
20193
20279
20247
20176
20088
20241
20079
20276
20201
20011
20042
20206
20204
20257
20125
20083
20211
20090
20158
20157
20172
20188
20289
20278
20143
20305
20124
20187
20155
20215
20165
20279
20216
20124
20265
20170
20231
20276
20203
20197
20237
20202
20105
20104
20297
20279
20258
20182
20064
20159
20259
20216
20197
20112
20267
20270
20068
20302
20181
20300
20244
20142
20198
20289
20219
20181
20153
20231
20322
20230
20146
19956
20229
20251
20165
20237
20164
20251
20257
20250
20278
20165
20110
20330
19998
20071
20098
20319
19944
20096
20257
20105
20140
20094
20152
20266
20139
20151
20294
20003
20122
19913
20293
20285
20177
20198
20054
20042
20208
20264
20273
20287
20311
20201
20177
20036
20279
20191
20221
19926
20250
20127
20305
20050
20163
20122
20244
19854
20239
20301
20013
20186
20233
20177
20203
20051
20221
20112
20301
20121
20312
20301
20167
20057
20280
19852
20224
20158
20207
20029
20041
20116
20180
20255
20221
20277
20110
19897
20101
20208
20088
20167
20149
20168
20257
20215
20181
20180
20344
20176
20264
20242
20242
20090
20101
20225
20233
20122
20311
19882
20213
19928
20112
20250
20211
20213
20238
20314
20293
20230
20189
20200
20217
20139
20224
20240
20208
20256
20213
20134
20010
20247
20212
20190
20281
20286
20086
20147
20191
20298
20306
20024
20101
20118
20180
20263
20156
20194
20256
20044
20150
20165
20110
20339
20113
20292
20270
20245
20153
20222
20132
20035
20152
20244
20198
20218
19986
19991
20262
20148
20226
20334
20169
20246
20233
20276
20227
20296
20167
20062
20212
20300
20252
20287
20284
20135
20228
20068
20244
20151
20069
20303
20239
20123
20193
20127
20065
20277
20113
20236
19914
20187
20308
20281
20278
20116
20153
20155
20192
20267
20273
20190
20256
20071
20212
19960
20085
20104
20255
20091
20274
20212
20224
20282
19914
20111
20236
20221
20234
20112
20249
20274
20256
20259
20130
20271
20229
20312
20244
20252
20020
20299
20243
20185
20221
20112
20306
20228
20195
20161
19948
20291
20217
20004
20273
20226
20134
20310
20285
20146
20220
20267
20240
20322
20285
19992
20281
19965
20175
20290
20201
20277
20168
20106
20300
20125
20040
20306
20191
20013
20048
20242
20246
20300
19964
20139
20268
20151
20063
20053
20242
20226
20157
20053
20272
20192
20171
20184
20251
20300
20216
20266
20073
20172
20244
20005
20234
20206
20306
20299
20175
20142
20233
20153
20109
20190
20135
20200
20208
20280
20195
20310
20166
20231
20229
20267
20247
20311
19930
20160
20197
20223
20224
20128
20317
20234
20038
19987
20031
20059
20113
20063
20225
20119
20277
20203
20216
20261
20088
20289
20176
20093
20269
20271
19820
20014
20322
20185
20274
20240
20226
20211
20259
20018
20292
20209
20078
20169
19893
20268
20265
20063
20171
20240
19949
20190
20213
20092
20309
20011
20148
20056
20175
20198
20325
20199
20271
20250
20101
20278
20327
20150
20195
20142
20166
20283
20249
20139
20030
20191
20250
20264
20264
20221
19969
20211
20154
20155
20000
20302
20185
20266
20114
20160
20224
19928
20291
20246
20271
20279
20227
20211
20242
20106
20255
20151
20241
20189
20272
20334
20136
20236
20314
20187
20293
20192
20110
20295
19953
20185
20115
19848
20112
20257
20303
20035
20185
20194
20322
20101
20228
20196
20160
20233
20190
20171
20175
20322
20183
20096
20037
20155
20239
20176
20193
20270
20119
20178
20214
20077
20261
20165
20116
20292
20257
20068
20288
20253
20024
20253
20219
20199
20222
19957
19932
20174
20210
20088
20050
20031
20156
20148
20286
20052
20104
20276
20100
20214
20175
19972
20194
20183
20228
20049
20165
20284
20161
20240
20208
20230
20021
20216
20203
20087
20205
20191
20212
20200
20174
20068
20277
20126
20081
20167
20282
20106
19840
20243
20110
20156
20281
20096
20025
20067
20274
20285
20053
20068
20268
20175
20228
20287
20134
20258
20144
20280
20093
20313
20294
20239
19799
20212
20231
20259
20151
20182
20031
20187
20279
20274
20271
20202
20140
20117
20281
20206
19983
20145
20264
20104
19976
20013
20297
20173
20309
20130
20194
20277
20163
20247
20218
20275
20190
20203
20282
20248
20248
20223
20231
20250
20319
20149
20134
20299
20261
20205
20262
19943
20201
20167
20203
20283
20090
20027
20261
20196
20180
20320
20235
20261
20318
20269
20216
20246
20256
20142
20092
20165
20053
20208
20227
20166
19966
20230
20126
20207
20100
20104
20268
20093
20300
20261
20122
20137
20206
20204
20201
20243
20186
20106
20127
19994
20208
20221
20050
20179
19969
20053
20286
20122
20207
20174
20295
20272
20082
20171
20073
20210
20318
20037
20092
20298
20183
20186
20310
20281
20262
20209
19886
20255
20292
20185
20257
19976
20170
20228
20207
20166
20215
20077
20163
20116
20074
20211
20246
20209
20246
20266
20284
19979
20261
20105
20203
20257
20195
20108
20285
20127
20122
20238
20219
20239
20171
20151
20267
20269
20192
20197
20150
20037
20118
20293
20259
20284
20187
20308
20277
20168
20281
20223
20108
20149
20162
20311
20283
20114
20255
20208
20274
20225
20110
20145
20190
20117
20255
20250
19992
19302
20222
20208
20316
20184
20175
20277
20255
20104
20081
20207
20261
20246
20068
20280
20117
20247
20165
20331
20254
20225
20251
19942
20230
20274
20238
20143
20222
20168
20153
20088
20070
20202
20349
20143
20131
20187
20074
20228
20216
20212
20231
20209
20094
20267
19690
20202
20267
20059
20089
20167
20196
20231
20245
20185
20262
20211
20314
20130
20305
20277
20089
20092
20184
20231
20321
20003
20185
20225
20243
20064
20236
20138
20036
20293
19972
20067
20309
19885
20256
20279
20053
20061
20042
20234
20100
20290
20278
20275
20121
20203
19964
20227
20300
20179
20218
20281
20222
20273
20037
20219
20256
20124
20294
20292
20123
20222
20292
20286
20188
20209
20195
20154
20309
20102
20246
20165
19978
20261
20209
20271
20172
20138
19966
20317
19986
20185
20205
19956
20169
20203
20139
20298
20204
20304
20000
20253
20205
20283
20120
19841
20269
20203
19957
20317
20279
20174
20176
20267
20165
20309
20031
20114
20109
20279
19943
20190
20275
20162
20184
20250
20157
20258
19483
20205
20080
20174
20254
20203
20305
20284
20129
20265
20326
20214
20175
20170
20100
20190
20187
20210
20015
20249
20292
20249
20236
20266
20066
20263
20192
20246
20229
20279
20173
20160
20311
20229
20217
20000
20225
20145
20185
20187
20260
20241
20218
20158
20108
20182
20192
20165
20219
20078
19942
20230
20109
20309
20197
20260
20019
20194
20274
20113
20172
20143
19735
20211
20141
20270
20241
20170
20151
20255
20140
20114
20014
20265
19987
20272
19965
20134
20155
20260
20258
20020
20283
20141
20240
20237
20227
20104
20271
20105
20281
20179
20191
20304
20274
20269
20239
20191
20262
20216
20237
20183
20220
20216
20229
20118
20275
20284
20103
20102
20272
20086
20115
20123
20177
20122
20311
20161
20088
20164
19741
20138
20127
20110
20222
20030
20266
20243
20292
20095
20264
19850
20117
20110
20226
20014
20333
19986
20267
20191
20216
20228
20251
20353
20187
20093
20260
20284
20142
20235
20236
20061
20266
20286
20118
20083
20107
20140
20263
20254
20235
20197
20200
20277
20179
19914
20185
20256
20292
20055
20232
20222
20184
20180
20160
20176
20251
20238
20174
20133
20054
20126
20200
20270
20204
20203
20307
20161
20344
20264
20271
20142
19990
20295
20194
20207
20151
20238
20221
20117
20294
20138
20208
20221
20137
20254
20169
20082
20318
20250
20327
19951
20032
20210
20276
20024
20082
20267
20073
20159
20232
20225
20241
20154
20119
20245
19902
20169
20042
20202
20098
20120
20254
20310
20258
20117
20170
20182
19921
20359
20295
20304
19761
20245
20223
20145
20132
20178
20080
20218
20191
20281
20189
20125
20239
20275
20262
20217
20231
20270
20241
20097
20303
20189
20217
20260
20197
20171
19970
20309
20274
20063
20288
20118
20199
20252
20318
20118
20135
20214
20081
20192
20053
20201
20214
20201
20177
20035
20190
20253
20119
20160
20291
20247
19851
20091
20199
20273
20113
20184
20205
20168
20173
20281
20331
20294
20238
20114
19981
20090
20247
20223
20022
20268
19873
20198
20105
20097
20085
20064
20195
20164
20156
20123
19942
20223
20278
20151
20315
20038
20278
19938
20100
20289
20310
20142
20228
19923
20078
20298
20251
20072
20208
20277
20260
20289
20154
19865
20269
20071
20098
19935
20268
20315
20230
20233
20258
20269
20058
20240
20035
20166
20172
20238
20095
20209
20226
20073
20154
20253
20137
20157
20283
20176
20153
20307
20146
20177
20161
20252
20079
20157
20299
20145
20269
19838
20306
20119
20276
20258
20236
20237
19801
20244
20101
20150
20104
20243
20159
20308
20303
20077
20201
20245
20204
20340
20225
20231
20295
20332
20308
19894
20214
20146
20253
20182
20262
20308
20184
20077
20277
20098
20271
20215
19940
20330
20000
20237
20104
20176
20226
20283
20223
20304
20223
20179
20212
20110
20272
19908
20184
20333
20073
20304
20207
20149
20309
20094
20263
20111
20184
20177
20201
20206
20083
20194
20242
20241
20129
20319
20044
19935
20312
20297
20240
20267
20125
20184
20259
20091
20263
20251
20165
20291
20244
19909
20247
20069
20253
20232
20192
20167
20221
20114
20097
20178
20329
20046
20196
20214
20334
19947
20120
19907
20282
20218
20296
20151
20172
20278
20312
20240
20085
20212
20244
20247
20251
20241
19973
20242
20263
20334
20351
20178
20027
20149
20130
20165
20019
20232
20272
20101
20241
19981
20247
20232
20152
20259
20324
20241
20172
20139
20328
20151
20119
20296
20259
20057
20225
20201
20163
20204
20068
19964
20279
20143
20162
20144
20267
20086
19726
20131
20309
20254
20182
20213
20111
20012
20209
20215
20313
20207
20258
20217
20251
20220
20236
20139
20196
20228
20215
19931
20149
20209
20256
20228
20147
20270
20044
20105
20250
20176
20241
20033
20197
20240
19883
20195
20170
20193
20212
19798
20048
20058
20231
19914
20143
19847
20268
20209
20333
20224
20097
20294
20248
20256
20082
20310
20200
20040
20264
20111
20268
20162
20034
20075
20122
20264
20150
20231
20349
20244
20188
20215
20268
20156
20268
20091
20137
20272
20244
19975
20291
20291
20326
20313
20266
20089
20117
20270
20262
20286
20174
20221
19989
20273
20221
20267
20188
20306
20281
20023
20135
19990
20160
20276
20241
20283
20307
20165
20246
20122
20275
20103
20203
20071
20219
20147
20147
20128
19935
20312
20272
20052
20083
20099
19968
20111
20106
20305
20328
19945
20005
20285
20249
20012
20237
20259
20252
20122
20254
20069
20196
20205
20224
20283
20265
20215
20176
20254
20176
20315
20256
20195
20160
20211
20290
20247
20060
20258
20058
20140
20281
20157
20274
20194
20258
20214
20296
20242
20293
20269
20128
20221
20187
20273
20254
20104
19994
20237
20253
20042
20208
20143
20147
20141
20201
20201
20270
20274
20276
20294
20259
20260
20255
20243
20202
20272
19957
20056
19809
20238
20255
20329
20217
20313
20080
20230
20285
20149
20206
20216
20278
20128
20231
20114
20056
20156
20228
20274
20112
20231
20113
20134
20145
20237
20250
20134
20075
20235
20016
20146
19965
20068
20036
20072
20196
20115
20102
20327
20275
20222
19841
20217
20214
20306
20283
20218
20049
20338
20291
20194
20089
20275
19950
19895
20212
20308
20194
19984
20207
20315
20236
20197
20248
20188
20171
20279
20118
20060
20288
20223
20086
20260
20205
20283
20079
20071
20151
20221
20108
20196
20162
20224
20212
20302
20164
20250
20286
19943
20340
20233
20242
20219
20272
20201
20151
20249
20310
20162
20258
20177
20051
20149
20253
20330
20317
20303
20156
20110
20224
20248
20048
20201
20330
20223
20291
20235
20195
20166
20137
20146
20068
20042
20169
20185
20154
20106
20185
20026
20046
19960
20130
20064
20091
20215
20002
20281
20112
20122
20235
20075
20175
20250
20150
20099
20239
20109
20176
20093
20096
20178
20310
20229
20041
20041
20184
20161
20073
19874
20209
20162
20125
20161
20080
20273
20203
20103
20251
20054
20290
20191
20240
20235
20195
20164
20228
20226
20163
20059
20162
20269
20286
20196
20077
20063
20227
20308
20148
20255
20324
20257
20095
20126
20221
20238
20301
20242
20114
20231
20239
20172
20281
20207
20187
20307
20325
20019
20260
19906
20266
20156
20271
20127
20265
19944
20107
20036
20247
20305
20286
20283
20285
20126
20150
20191
20283
20145
19797
20193
20253
20061
20095
20272
20206
20247
20185
20105
20286
20158
20088
20278
20286
20273
19882
20136
20238
20142
20271
20226
20272
20284
20244
20284
20174
20181
20078
20252
20117
20262
20323
20109
19763
20128
20225
20116
20180
20326
20177
20201
19995
20234
20122
20210
20202
20180
20236
20238
20216
20177
20195
20161
20289
20118
20158
20234
20169
20319
20322
20228
20097
20213
20255
20114
20251
20293
20199
20110
19991
20175
20190
20092
20295
20101
20268
20235
20309
20160
20272
20273
20126
20152
19845
20214
20089
20214
20181
20046
20208
20228
20179
20243
20142
20209
20124
19849
20248
20191
20292
20294
20164
20235
19999
20105
20201
20206
20065
20271
20089
20151
20324
20220
20205
20316
20233
20164
20146
20260
20197
20144
20227
19928
20257
20272
20155
20262
20187
20214
20254
20304
20205
20275
20234
20215
20325
20211
20211
20127
20187
20258
20136
20243
20230
20028
19967
20116
20251
20084
20105
20130
20239
20186
20312
20226
20248
20179
20323
20041
20161
20278
20108
20034
20209
20095
20157
20259
20154
20058
20330
20157
20130
20305
20293
19946
20147
20269
20131
20045
20160
20232
20176
20134
20264
20259
20290
20254
20190
20234
19823
20286
20141
20099
20263
20101
19963
20196
20315
19968
20305
19926
20139
20131
20165
20074
20278
20270
20094
20236
20140
20149
20150
20332
20317
20103
20171
20223
19989
20128
20162
20321
20229
20041
20217
20177
20238
20191
20254
20238
20175
20217
20232
20153
20075
20212
20149
20201
20069
20185
20233
20268
20065
20263
20250
20144
20235
20280
20183
20168
20091
20127
20159
20212
20246
20041
20237
20316
20199
20306
20272
20183
20104
20157
20135
20298
20093
20045
20147
20088
20157
20185
20261
20310
20154
20235
20163
20216
20206
20244
20279
20191
20126
20197
20076
20173
20217
20178
20241
20349
20238
20298
19854
20223
20201
20154
20187
20237
20317
20200
20222
20233
20128
20203
20273
20091
20200
20202
20219
20261
20241
20160
20059
20275
20249
20216
20102
20136
20010
20125
19992
20201
20290
20232
20287
20253
20282
20112
20285
20276
20074
20202
20203
20138
20299
20285
20163
20317
20084
20308
20047
20132
20199
20266
19906
20246
20064
20197
20267
20281
20214
20240
20173
20349
20132
20176
20094
20305
19997
20290
20291
20170
19830
20309
20282
20250
20201
20211
20109
19940
20168
20205
20060
20223
20159
20222
19844
20288
20293
20236
20283
20180
20201
20152
20312
20206
20268
20088
20246
20232
20224
20043
19849
20268
20080
20013
20307
20064
20211
20273
20251
20193
20278
20259
20360
20017
20182
20157
19954
20196
20088
20084
20216
20270
20233
20226
20260
20282
20246
20060
20261
20244
20297
20208
20261
20230
20223
20233
20218
20205
20177
20176
20256
20223
20286
20080
20287
20226
20037
20292
20123
20291
20085
20197
20059
20052
20076
20173
20214
19953
20069
20211
20329
20191
20225
19813
20229
20064
20291
20038
20122
20197
20063
19999
20179
20259
20213
20210
20200
20179
20063
20261
20060
20162
20228
20233
20203
20262
20171
20198
20221
20098
20158
20303
20108
20266
20218
20312
20159
20194
20007
20024
19915
20229
20233
20116
20091
20065
20258
20249
19996
20202
20264
20186
20275
20233
20232
20271
20221
20257
20065
20097
20232
20176
20227
20266
20016
20251
20052
20291
20067
20173
19845
20238
20107
20034
20092
20273
20262
20174
20107
20183
20212
20198
20164
20122
20302
20200
20323
20033
20310
20338
19916
20135
20153
19952
20229
20249
20224
20178
20110
20282
20034
20248
20116
20285
20067
20139
20270
19979
20311
20243
20104
20255
20188
20270
20217
20238
20292
20233
20190
20213
20259
20353
20289
20229
20009
20117
20290
20202
20273
20122
20274
20093
20259
20132
20173
20031
20189
20309
20182
20293
20144
20261
20299
20076
20055
20220
20053
20127
20160
20141
20063
20217
20148
20218
20267
20209
20265
20176
20337
20196
20256
20283
20225
20216
20133
20297
20070
20307
20309
20281
20034
20257
20115
20182
19907
20272
20207
20250
20060
20142
20104
20307
20260
20316
20021
20237
20177
20258
19886
20339
20116
20191
20199
20267
20057
20171
20303
20227
20153
20085
20029
20220
20055
20039
20246
20247
20294
20135
20234
20124
20200
20085
19941
20285
20050
19839
20050
20312
19997
20164
20156
20273
20319
20253
20310
20124
20313
20220
20083
20315
20036
20235
19989
20220
19983
20181
20210
20131
20154
20148
20207
20290
20311
20255
20053
20211
20295
20229
20293
20131
20239
20207
20254
20279
20061
20254
20230
20060
20269
20291
20163
20228
20168
20216
20259
20168
20094
20153
20191
20073
20241
20120
20126
20263
20275
20199
20210
20136
20253
20332
20184
20250
20274
20144
20222
20317
20210
20201
20131
20243
20211
20170
20210
20118
20212
20232
19959
20317
19768
20114
20282
19951
20275
20200
20283
19891
20210
20249
20219
20283
19959
20289
20198
20232
20253
20135
20187
20274
20251
20217
20283
20077
20031
20124
20209
20230
20228
20178
20272
20247
20104
20115
20110
20268
20255
20239
20195
20233
20293
20222
20271
20237
20065
20249
20164
20173
20308
20160
20130
19840
20029
20136
20281
20167
20194
20259
19988
20258
20244
20317
20231
20237
20274
20103
20257
20226
20289
20067
20209
20135
20198
20213
20253
20269
20105
20147
20181
20197
20163
19998
20281
20129
20255
19863
20252
20055
20053
20201
20238
20289
20149
20232
20236
20263
20226
20274
20334
20138
20166
20178
20139
20174
20241
20209
20185
20194
20245
20322
20139
20205
20006
20213
20081
20293
20230
20317
20311
20093
20287
20170
20236
20200
20301
20190
20221
20150
20249
20208
20304
20205
19775
20045
20082
20222
19964
20250
20071
20018
20060
20048
20136
20304
20236
20188
19929
20148
20186
19800
20145
20297
20327
20172
20190
20246
20060
20198
20098
20221
20105
20242
20250
20142
20228
20219
20220
20230
20186
20206
20194
20049
20171
20110
20250
20265
20110
20312
20295
20120
20297
20023
20077
20240
20244
19963
20152
20232
20210
20197
20307
20128
20228
20184
20200
19974
20314
20298
20223
20048
20104
20253
20295
20259
20002
20335
20116
20164
20211
20204
20236
20249
20297
20265
20175
20190
20209
20301
20234
20268
20186
20099
20211
20169
20182
20164
20275
20128
20228
20078
20221
19899
20201
19742
20252
20273
20285
20086
20101
20044
20076
20173
20225
20215
20045
20260
20027
20226
20312
20155
20213
20172
20326
20152
20195
20267
19900
20272
20201
20048
20278
20104
20187
20259
20257
20040
20001
20087
20192
20181
20296
20062
20177
19989
20200
20214
20259
20299
20150
20266
20182
20088
20104
20296
20260
20157
20199
20246
20094
20139
20179
20140
20192
20102
20214
20285
19958
20236
20299
20160
20221
20139
20230
20337
20030
20285
20222
20150
20199
20200
20116
20236
20237
20173
20293
20134
20281
20193
20298
20092
20052
20173
20258
20216
20095
20047
20189
20135
20143
20275
20169
20202
20240
20199
20281
19958
20246
20239
20197
20163
20239
20223
20280
20223
20305
20260
20204
20218
20288
20206
20152
20176
20181
20254
20103
20226
20229
20246
20173
20253
20021
20015
20199
20087
20133
20253
20012
20235
20065
20267
19945
20280
19971
20204
20185
20196
20241
20222
20312
20272
20108
20298
20151
20230
20126
20304
19853
20309
20134
19970
20276
20312
20250
20256
20207
20067
20261
20271
20290
20210
20191
20160
20291
20250
19976
20310
20195
20088
20064
20170
20337
20255
20267
20233
20200
20284
20171
20207
20290
20144
20055
20187
20074
20204
20262
20152
20177
20218
20015
20300
20047
20169
20307
20188
20082
20005
20219
20292
20153
20222
20319
20220
20230
20233
20058
20069
20203
20100
20258
20311
19971
20139
20271
20218
20056
20093
19987
20158
20252
20158
20183
20118
20096
20238
20316
20230
20221
20256
20049
20257
20133
20131
20081
20246
20086
20245
20258
20266
20109
20134
20319
20275
20115
20175
20071
20210
20253
20198
20328
20304
20249
20049
20271
20149
20231
20208
20208
20214
19964
20297
20294
20184
20177
20252
20057
20262
20109
20213
20244
20188
20282
20156
20247
20242
20107
20303
20267
20118
20257
20076
20256
20042
20099
20115
20137
20180
20231
20260
20057
20165
20171
20269
20163
20149
20252
20218
20298
20185
20204
20238
20341
20305
20283
20058
20280
20226
20199
20147
20174
20107
20149
20063
20207
20172
20012
20263
20235
20236
20288
20186
20228
20138
20015
20196
20280
20195
20315
20191
20260
20159
20242
20115
20203
20325
20298
20206
20284
20258
20313
20299
20187
20289
20247
20157
20092
19849
20251
20090
20192
20225
20265
20177
20249
20283
20153
20147
20134
20117
20281
20310
20272
20027
20212
20099
20288
20219
20085
20098
20035
20109
20081
20096
20297
20029
20255
20219
20250
20100
20192
20164
20262
20174
20269
20142
20198
20201
20112
20158
20274
20235
20336
20221
20194
20143
20098
20047
20166
20302
20261
20305
20249
20205
20213
20255
20111
20266
20328
20217
20164
20277
20075
20043
20322
20040
20281
20206
20112
20282
20110
19942
20257
20252
20274
19996
20262
20272
20251
19986
20086
19796
20194
20266
20122
20196
20283
20008
20284
20015
20310
20257
20280
20063
20160
20184
20267
20023
20026
20249
20190
20086
20244
20275
20101
20265
20258
20284
20204
20014
20260
20284
20140
20292
20226
20171
20124
20211
20191
20278
20199
20257
20232
20160
20345
19879
20184
20200
20265
20127
20158
20239
20274
19967
20295
20089
20233
20284
20157
20172
20186
20222
20214
20290
19798
20244
20241
20314
20178
20084
20277
20166
19987
20218
20145
20161
20094
19911
20208
20247
20119
20274
20019
20239
20127
20233
20164
20143
20245
20227
20128
20170
20254
20137
20201
20194
20152
20161
20136
20271
20244
20028
19947
20297
20195
20196
20200
20201
20238
20136
20290
20272
20205
20013
20176
20209
20139
20263
20161
20101
20211
20254
20250
20089
19973
20175
20184
20280
20177
20280
20143
20119
20340
20237
20255
20207
20281
20325
20269
20155
20142
20082
20264
20259
20224
20258
20288
20300
20310
20215
20138
20302
20091
20247
20295
20212
19938
20069
20187
20071
20171
20111
20232
20237
20220
19891
20240
20291
20289
20260
20095
20275
20030
19991
20163
20051
20206
20271
20208
20207
20029
20202
20193
20275
20317
20205
20234
20320
20049
20275
20126
20164
20210
20233
20130
20054
20180
20298
20143
20145
20158
20301
20112
20292
20277
20100
20267
20215
20131
20215
20194
20026
20263
20298
20308
20242
20175
20132
20141
20056
20220
20256
20237
19879
20252
20203
20245
20202
20169
20239
20172
20184
20194
20128
20272
20337
20035
20249
20284
20176
20200
19992
20260
20304
20251
20229
20258
20231
19972
20279
20087
20223
20080
20208
20154
20279
20233
20222
19977
20139
20104
20226
20146
20189
19945
20312
19947
20178
20134
20147
20252
20175
20072
20284
20093
20258
20197
20220
20243
20188
20224
20212
20291
20310
20285
20113
20174
20123
19898
20255
20287
20248
20332
20191
20198
20071
20264
20266
20140
20272
20141
19992
20160
20112
20257
20221
20177
20260
20153
20009
20039
20257
20244
20244
20308
20239
20257
20190
20248
20194
19841
20301
20231
20166
20163
20348
20319
20198
20243
20203
20058
20191
20341
20163
20034
20288
20134
20229
20115
20279
20164
20118
20203
20112
20174
20254
20207
20266
20148
20110
20165
20209
20253
20213
20126
20240
20258
20051
20255
20318
20109
20200
20169
20188
20271
20194
20178
20255
20169
20250
20269
20044
20200
20310
20145
20307
20025
20196
20207
20071
20163
20210
20170
20301
20253
20331
20212
20177
20252
20281
19999
20157
20202
20170
20023
20253
20183
20203
20194
20206
20093
20234
20292
19918
20206
20297
20159
20022
20123
20049
20021
19880
20293
20053
20225
20190
20167
20214
20220
20190
20080
20212
20188
20170
20254
20295
20218
20321
20271
20280
19891
20094
20106
20176
20203
20300
20249
20113
20251
20032
20031
20050
20190
20325
20154
20226
20203
20247
20298
20283
20314
20201
20239
20171
20177
20162
20310
20105
20316
20051
20106
20247
20178
20262
20328
20217
20284
20287
20211
20152
20211
20132
20266
20114
20279
20121
20195
20176
20177
20084
20229
20187
20022
20028
20156
20235
20175
20165
20170
20202
20218
20154
20215
20006
20163
20177
19941
20212
20154
20146
20209
20003
20152
20220
20287
20295
20240
20300
20280
20246
20218
20214
20103
20106
20153
20322
20175
20315
20295
20149
20011
20317
20139
20087
20168
20197
19844
20090
20208
20263
20166
20185
20345
20221
20238
20019
20279
20267
20303
20208
20143
20258
20207
20322
20231
20196
20043
20174
20244
20145
20265
20167
20011
20305
20274
20150
20100
20099
20238
20160
20100
20164
20178
19921
20295
20289
20127
20210
19935
20033
20163
20114
20164
20260
20090
20181
20076
20153
20140
19856
20324
20165
20133
19905
20239
20203
20267
20121
20202
20182
20184
20171
20140
20261
20017
20238
20249
19993
19866
20146
20205
20208
20146
20064
20203
20116
20132
20284
20168
20190
20271
20174
20306
20256
20271
20257
20163
20275
20303
20253
20202
20034
20203
19854
19745
20103
20261
20249
20133
20203
20184
20111
20306
20045
20087
20220
20188
20159
20266
20213
20293
20274
20119
20192
20209
20186
20036
20138
20173
20263
20130
20306
20119
20180
20227
20153
20193
20279
20289
20153
20038
20256
20089
20263
20218
20212
20224
20194
19907
20073
20206
20061
20260
20103
20247
20236
20173
19915
20218
20216
20210
20120
20034
20285
20142
20175
20060
20253
20286
20249
20294
20324
20252
20294
20122
20183
20223
20255
20294
20237
20232
20251
20228
20251
20274
20222
20187
20208
20291
20303
20089
20259
20146
20292
20286
20195
20288
20207
20233
20272
20170
20219
20021
20159
20203
19944
20162
20193
20294
20309
20243
20067
20295
20120
20231
20273
20239
19974
20183
20173
20294
20146
20107
20180
20300
20245
20155
20307
20166
20169
20299
20135
20293
20199
20205
20206
20073
20245
20159
20240
20327
20285
20190
19576
20206
20060
20149
19893
20110
20011
20262
20132
19961
20198
20265
20050
20063
19948
20246
20220
20190
20211
20164
20077
20320
20011
20260
20167
20119
20156
20050
20170
20240
20184
20171
20216
20298
20132
20208
20253
20085
20207
20026
20149
20053
20243
20236
20255
20305
20174
20094
20191
20219
19973
20261
19900
20078
20297
20336
20272
20071
20140
20277
20281
20166
20246
20252
20239
20248
20341
20046
20174
20050
20234
20201
20171
20095
20026
20238
20283
19887
20115
20211
20152
20218
20261
20202
20122
19982
20163
20038
20188
20194
20231
20147
20294
20041
20201
20207
20134
20120
20304
20176
20204
20210
20267
20273
20180
20175
20244
20077
19902
20197
20266
20153
20125
20258
20131
19939
20156
20232
19934
20022
20197
20206
20155
20161
20286
20114
20056
20240
20347
20288
20264
20035
20180
20298
20265
20116
20110
20173
20299
20206
20200
20149
20244
20296
20228
20189
20173
20202
20217
19905
20254
20184
20280
20227
20103
20220
20256
20229
20199
20217
20142
20188
20277
20251
20278
20013
20135
20050
20075
20184
20251
20219
20232
20174
20250
20209
20086
20175
20249
20230
20275
20231
20215
20057
20143
20185
20184
19986
20240
20197
20244
20279
20162
20268
19971
19760
20293
20201
20024
20268
20130
20218
20141
20321
19910
20312
20149
20212
20239
19910
20161
20151
20239
20237
20137
20050
19943
20259
20214
20222
20272
20302
20193
20237
20188
20097
20139
20291
20195
20128
20161
20276
20313
20229
20234
20070
20283
20204
20190
20329
20252
20255
20268
20226
20131
20184
20146
20281
20043
20209
20291
20183
20262
20271
20228
20263
20163
20182
20225
20011
20211
20221
20093
20123
20248
20232
20237
20169
20045
20224
20097
20253
20182
20147
20261
19949
19990
20128
20266
20135
20184
20305
20287
20150
20134
20053
20247
20264
20026
20237
20194
20157
20272
20197
20042
20217
20241
20296
20286
20300
20285
20022
20272
20210
20242
20242
20183
20281
20236
20247
20261
20282
20138
20087
20223
20184
20232
20146
20263
20144
20316
20159
20204
19878
20260
20302
20133
20187
20097
20165
20193
19990
20219
20297
20165
20251
20232
20248
20142
20131
20213
20310
20148
20238
20086
20287
20195
20226
20117
20259
20171
20305
20236
20167
20102
20206
20255
20283
20309
20209
20232
20062
20028
20207
20161
20270
20185
20070
19897
19987
20013
20151
20043
20241
20231
20207
20138
20090
20122
20167
20180
20279
20024
20213
20188
20200
20056
20170
20217
20094
20138
20183
20208
20067
20275
20136
20127
20058
20175
20241
19917
20152
20274
20125
20181
20304
20322
20193
20180
20333
20159
20162
20286
20105
20248
20241
20226
20257
19920
20180
20198
19925
20291
20189
19927
20213
20108
20210
20252
20256
20304
20153
20010
20155
20289
20261
20246
20270
19878
20137
20320
19927
20147
20259
20254
20260
20279
20097
20114
20117
20351
20120
20275
19789
20190
20140
20299
20179
20251
20285
19982
20176
20024
20265
20265
19995
20162
20160
20258
20111
20186
20137
20267
20137
20249
20256
20179
20145
20223
20145
20262
19995
20228
20268
20209
20202
20253
20249
20256
19981
20199
20255
20250
20271
20214
20055
19996
20164
20251
20219
20093
20144
20198
20230
20073
20130
20093
20248
20302
20164
20223
20284
20154
20314
20175
20183
20278
20104
20167
20208
20296
20313
20183
20143
20242
20282
20201
20193
20235
20148
20115
20258
20250
20299
20213
20235
20223
20195
20182
19880
20104
20217
20304
20077
20264
20167
20130
20026
20037
20241
20047
20269
20219
19856
20095
20150
20323
20197
20236
20305
20193
20125
20076
20249
20152
20222
20100
20233
20318
19852
20251
20278
20064
20121
20292
20176
19875
20234
20244
20284
20037
20092
20311
20237
20259
20243
20274
20205
20125
20078
20124
20180
20212
20236
20319
20138
20183
20168
20267
19772
20117
20235
20288
20233
20270
20162
20294
20176
20128
20109
20269
20152
20168
20224
20043
20250
20293
20189
20131
20120
20101
20296
20182
20147
20266
20292
19949
20225
20274
20214
20187
20331
19969
20212
20057
20059
20325
20130
20259
20249
20174
20151
20269
20261
20180
20112
20246
20264
20130
20209
20186
20295
20167
20036
20351
20156
20190
20230
20234
20265
20306
20119
20223
20197
20192
20152
20073
19950
20328
20255
20187
20246
20095
20082
20208
20101
20059
20219
20210
20248
20281
20213
20108
20291
20294
20246
20262
20181
20211
20282
20143
20324
20164
20149
20176
20270
20271
20202
20209
20075
20267
20166
20109
20161
20162
20221
20208
20094
20257
20335
20195
20145
20265
20313
20223
20109
20101
20278
20204
20247
20170
20043
20234
20230
20146
20286
19930
20296
20283
20146
20245
20222
20210
20211
20069
20289
20242
20207
20226
20170
20143
20182
20291
20247
20191
20257
20278
20118
20250
20205
20186
20171
20262
20304
20203
20219
20200
20180
20065
20052
20302
20006
20233
20208
20167
20189
20278
20172
19950
20277
20197
20170
20275
20313
20255
20266
20152
20162
20142
20191
20119
20123
20166
20254
20244
20255
20071
20110
19988
20228
20215
20234
20258
20212
19987
20305
20236
20203
20276
20094
20249
20096
20124
20256
20150
20348
20170
20251
20317
20152
20187
20304
20239
20284
20219
20205
20001
20303
20123
20295
20164
20230
20234
20164
20289
20245
20178
20227
20207
20268
20305
20181
20006
20210
20218
20015
20199
20276
20314
20282
20199
19915
20058
20208
20065
20156
20090
20193
20289
20177
20171
20212
20167
20004
20072
20241
20153
20056
20263
20260
20287
20255
20192
20295
20164
20272
20279
20110
20267
20158
20197
20223
20248
20107
20103
20204
20113
20214
20276
20165
20294
20105
20197
20096
20260
20139
20158
20115
20257
19697
20175
20018
20133
20281
20064
20327
20213
20002
20145
20260
20206
20247
20057
20208
20272
20126
20114
20111
20119
20231
20214
20309
20105
20248
20226
20174
20273
20133
20045
20266
20217
20208
20198
20100
20069
19992
20287
20173
20269
20319
20003
20254
20060
20333
20242
19883
20194
20127
20244
20268
20245
20083
20165
20263
20000
20258
20270
20076
20186
20121
20250
20110
20192
20152
20084
20212
20313
20109
20152
20035
20169
20238
20051
20118
20271
20216
20032
19985
20234
20050
20135
20240
20167
20176
20209
20239
20079
20122
20083
20115
20275
20132
20064
20329
20317
20233
20118
20212
20180
20228
20040
20017
20305
20153
20279
20253
20228
20107
20235
20056
20141
20280
20169
20323
20087
20285
20266
20137
20102
20274
20231
20248
20085
20090
20270
20014
20262
20186
19994
20106
20301
20316
20159
20098
20267
20203
20198
20173
20098
20216
20225
20229
20286
19939
20189
20253
20193
20177
20270
20274
20340
20309
20239
20221
20135
20309
20107
19994
20155
20233
20061
20297
19909
20253
20179
19894
20104
20182
20280
20183
20193
20238
20278
20249
20153
20179
20231
20101
20185
20152
20146
20255
20052
19961
20078
20078
20037
20115
20208
20024
20249
20019
20157
20146
20284
20213
20018
20086
20158
20197
20031
20273
20297
20194
20160
20287
20250
19974
19948
20324
20271
20107
20141
20163
20226
19740
20256
20247
20173
20339
20225
20202
20318
20155
20251
20273
19959
20241
20081
20230
20237
20267
20261
20304
20107
20293
20021
20191
20242
20156
20187
20132
20293
20194
20134
20159
20043
20165
20241
20220
20176
20254
20039
20115
20108
20237
20038
20311
20236
20193
20166
20036
20297
20205
20277
20085
20193
20167
20297
20259
20107
20163
20144
20155
20193
20223
20099
20278
19947
20239
20116
20233
20203
20224
20342
20264
20071
20226
20321
20117
20241
20275
19835
20293
20061
20223
20100
20293
20325
20170
20221
20233
20289
20237
20198
20171
20328
20266
20219
20197
20280
20100
20145
19969
20113
20161
20226
20115
20232
20283
20151
20049
20232
20319
20312
20259
20029
20321
20226
20302
20132
20174
20239
20163
20259
20115
20234
20234
20184
20240
20131
19979
20214
20142
19850
19839
20207
20056
20319
20031
20151
20309
20041
20330
20271
20226
20190
19940
20308
20265
20220
20302
20236
20199
20155
20208
20151
20259
20141
20267
20204
20286
20128
20290
20175
20160
19978
20208
20214
20135
20276
20156
20293
20222
20278
20157
20028
20182
19998
20308
20198
20179
20136
20228
20170
20238
19910
20073
20030
20243
20320
19988
20207
20207
20115
20248
20210
20306
20280
20274
20267
19966
20302
20066
20227
20128
20332
20263
20221
20069
20121
20257
20211
20192
20173
20303
20281
20194
20235
20164
20143
20154
20266
20071
20254
20204
20152
20182
20284
20235
20229
20111
20246
20291
20276
20193
20116
20297
20225
20331
19983
20213
20266
20219
20296
20151
20183
20254
20254
20234
20130
20160
20208
20019
19937
20279
20198
20263
20185
20313
20137
20045
20251
20075
20236
20163
20136
20128
20266
20142
20323
20214
20033
20079
20104
20213
20094
20193
20217
20141
19886
20274
20132
20292
20183
20185
20213
20199
20041
19971
20185
20240
20315
20264
20088
20158
20152
20100
20105
20331
20135
20122
20254
20179
20101
20340
20269
20175
20269
20101
20179
20106
20212
20219
19989
20149
20316
20118
20051
20239
20283
20225
20268
20101
20143
20133
19935
19935
20124
20263
20131
20142
20228
20123
20067
20116
20147
20150
20022
20168
20049
20119
20010
20048
20271
20168
20118
20221
20319
20032
20108
20093
20190
20249
20282
20224
20073
20207
20223
20177
20141
20228
20191
20058
20010
20227
20229
20175
20267
20206
20117
20210
20233
20127
20265
20222
20271
20074
20289
20144
20115
20119
20318
20256
20186
20317
20037
20254
20009
20250
20227
20243
20115
20233
20139
20297
20157
20300
20269
20121
20232
20240
20248
20285
20186
20017
20178
20321
20141
20129
20055
20304
20237
20328
20110
20252
20148
20351
20221
20026
20131
20147
20082
20333
20090
20167
20247
20258
20092
20286
20222
20243
20180
20250
20069
20199
20071
20045
20233
20167
20325
20222
20034
20203
20098
20280
20229
20304
20234
20248
20199
19706
20264
20331
20131
20316
20275
20157
20030
20313
20157
20312
20240
19905
20304
20172
20286
20188
20279
20168
20193
20238
20254
20105
20234
20218
20312
20181
20182
20163
20290
20117
19975
20071
20238
20312
20226
20213
20191
20187
20270
20268
19922
20307
20092
20172
20254
20271
20179
19994
20195
19997
20244
19985
20170
20227
20253
20147
19896
20216
20249
20234
20248
20168
20197
20175
20051
20129
20284
20284
20293
20224
20111
20224
20185
20284
20090
20357
20271
20135
20091
20206
20151
20154
20224
20219
20229
19945
20257
20080
20268
20295
20053
20027
20157
20314
20194
20219
20050
19966
20216
20308
20301
20234
20120
20072
20206
20235
19830
20185
20323
20175
20132
20131
19965
20153
20270
19815
20209
20251
20174
19998
20244
20266
20265
20133
20212
20314
20251
20189
20146
20015
20249
20309
20168
20254
20260
20270
20204
20203
20264
20236
20261
20284
20246
20176
20023
20314
20252
20229
20211
20258
20140
20133
20152
20224
20174
20267
20162
20047
20204
20292
20098
20203
20318
20149
20246
20198
20190
20110
20222
20113
20031
20357
20290
20217
20262
20263
20154
20197
20220
20081
20159
19968
20071
19916
20228
20281
20263
20186
20282
20154
20181
19986
20223
20241
20232
19957
20191
20123
20153
20272
20219
20163
20298
20200
20158
20148
20193
20276
20158
20230
20315
20228
20153
20267
20269
20310
20340
20105
20313
20234
20289
20295
20249
20126
20098
20077
19880
20239
20202
20244
20139
20062
20201
20257
20289
20214
20070
19827
20297
20149
20249
20296
20070
20339
20219
20334
20300
20145
20178
20286
20284
20199
20279
20075
20116
20179
20199
20267
20158
20010
20068
20290
20147
20122
20135
20112
20129
20304
20281
20291
20247
20193
20305
20198
20301
20136
20157
20261
20299
20228
20175
20266
19899
20074
20258
20258
20071
20296
20122
20171
20306
20234
20148
19997
20192
20169
20222
20196
20134
20263
20339
20238
19912
20227
20245
20280
20202
20277
20085
20075
20095
20265
20282
20244
20110
20324
20115
20219
20127
20044
20196
20160
20141
20192
20242
20169
20114
20347
20094
20250
20311
20170
20251
20291
20038
20162
20141
20199
20286
20087
20262
19868
20248
19928
20261
20167
20279
20171
20166
20162
20240
20029
20091
20215
20143
20095
20029
20278
19939
20314
20194
20087
20182
20242
20236
20143
20302
20163
20242
20101
20264
20130
20224
20294
20245
20286
20073
19862
20131
20208
20266
20023
20123
20197
20239
20295
20115
20220
20129
20146
20109
20262
20210
20187
20020
20250
20195
20273
20114
20193
19846
20184
20064
20180
20267
20296
20232
20238
20089
20127
20283
20254
20192
20124
20261
20279
20215
20230
20240
20259
20195
20236
19916
20131
20166
20192
20169
20275
20212
20151
20270
20101
20141
20179
20106
20325
20105
20295
20136
20265
20165
20153
20043
20106
20057
20158
20174
20312
20225
20238
20244
19960
20220
20174
20198
20184
20167
20237
20194
20311
20073
20102
20316
20115
20232
20195
20252
19988
20274
20071
19910
20219
20232
20326
20061
20273
20274
20145
20168
20210
20265
20232
20241
20169
19981
20139
20160
20227
20247
20177
20069
20025
20201
20284
20140
20322
20051
20261
20279
20197
20251
20195
20274
20262
20213
20124
20232
20089
20167
20192
20057
20267
20072
20112
20207
20271
20135
20121
19956
20261
19998
20100
20195
20254
19896
20156
20189
19969
20127
20013
20163
20317
20129
20196
20186
20067
20042
20291
20160
20008
20240
20324
20146
19974
20232
20186
20200
20177
20068
20327
20216
20239
20131
20236
20185
20158
20177
20173
20159
20321
20197
20274
19986
20163
20121
20261
20275
20108
20138
20052
20301
20264
20323
20272
20149
20190
20263
20117
20338
