18543
17601
19404
16743
16648
15699
17735
19014
17820
18911
18207
18216
19306
18235
18766
18991
19039
19055
19716
14629
19144
11230
17125
17503
16722
17367
18763
18865
18319
18039
17394
17697
16280
16009
18766
19463
18152
18117
16826
19443
17404
16430
17437
19150
16129
18510
18194
17657
17499
16607
19316
18972
18745
16430
15910
14972
16761
18334
19492
20103
17664
18345
17246
17523
19379
16487
18692
19571
16784
18690
13719
19161
13509
16650
19690
13032
18325
19411
17737
16075
16453
16753
18089
18708
15476
19165
18952
16314
19101
18492
14294
19634
19183
14711
16591
13057
15416
7271
14182
18386
19711
17944
18539
17176
17692
15519
18702
16899
15526
17816
12349
15051
17108
16609
18380
19653
18704
17287
17422
18345
19246
15173
17715
16683
16519
18395
17138
16765
19507
18717
16617
18110
18603
19288
19326
18804
17997
18534
12769
14811
18725
16592
17029
17260
17884
19661
17329
18912
18734
17955
18546
19736
16139
19638
13683
18931
16039
19581
18191
19212
14266
17238
19520
15370
19088
19301
17217
19493
18733
19824
16289
18331
19421
18075
17998
19544
19173
19415
16672
19634
16267
18389
14845
16409
17436
18073
17620
19710
17326
17324
16885
18729
17893
18210
17204
17072
18194
12969
19804
18701
18954
16264
17403
16425
19257
15654
17236
17849
19067
19974
17751
18828
17133
19411
18183
14825
17169
17869
13761
17917
19242
18628
18891
17291
15983
19294
18539
19116
18758
15928
18207
19267
18847
17218
19187
14546
13861
19903
16449
17066
17151
18943
19564
18854
18855
18188
14988
15193
18709
16946
19806
16620
17492
18010
15902
17130
18849
16547
16671
16688
19762
18723
17917
17434
17960
17767
19523
18131
18476
13545
16028
19172
16956
17455
18667
18754
16733
16615
16365
19251
18955
15012
16639
17154
18816
18825
18054
15400
17320
19124
16082
16879
16491
18696
19741
14720
16826
14876
17595
14772
17075
17895
18525
18519
18187
15052
19174
16245
18665
10739
16045
14264
12231
11130
17604
19114
19361
18119
16775
19070
16632
18633
17854
16155
17056
18887
19393
19043
17714
13489
18028
18396
19648
19419
15842
18078
19031
19565
15953
18116
14851
15052
14685
18113
19080
19622
18098
15271
17212
18245
18378
17920
18486
15738
16765
12426
16647
17801
18777
17845
18056
18102
19241
19459
18002
18267
17932
18611
17770
19196
18389
19543
18263
19170
15335
19218
17001
19653
18294
15497
13729
19710
12569
17542
16400
10509
19046
16287
19415
15618
19202
17378
17873
18650
19505
15683
19661
19536
15473
16775
19889
18131
18298
17471
17879
15822
18658
18092
18367
18312
18268
15477
19729
17890
17714
18917
17210
18519
16293
18952
17170
19147
19104
17085
17184
19299
15750
17633
18324
18303
18009
17431
19518
16683
18338
17484
16927
19309
17479
17763
18401
17661
19282
19264
18985
17552
18634
10517
17477
13869
18818
19396
16812
17373
16275
18607
11274
14543
19780
17716
17643
15250
18587
18484
18046
15982
19979
19246
17765
18893
17072
17221
17015
17352
19247
19745
17734
19300
18493
19906
19676
15751
10690
19265
16519
19642
19780
17031
17329
13804
18199
18130
15869
18973
17339
16898
19324
16550
19251
9947
16635
17571
17914
17272
19329
19304
18008
18299
15825
18494
18410
14407
16760
19619
19812
19136
19408
17377
18660
14029
19805
19447
18155
18713
13871
16640
18036
17736
19339
17549
18927
19594
19235
18829
18742
14557
17923
18548
18195
19615
18518
19341
18282
18576
17936
19599
15815
14351
18691
18336
19673
14792
18128
19151
18503
18683
17967
18874
18684
17016
17910
16669
15609
16866
17389
19333
19842
14615
17143
16041
17614
19899
19122
18803
18193
14988
19699
18822
17717
19933
15849
18111
16080
18769
19333
19621
18576
17630
19319
17692
19496
18693
13416
16429
19167
17939
18050
19134
18563
17934
19327
15676
16877
11836
19298
18302
18437
18408
18446
19360
16529
15412
18608
17761
14382
18452
19122
18041
17522
19163
18899
18961
18857
17337
19946
19700
18830
16570
17420
18631
16432
17127
18539
18062
17056
19333
19286
19820
15247
19279
18012
18847
16382
18273
18772
17931
17076
15440
19175
15873
18340
17866
17846
18628
18958
17237
18484
16572
16763
18717
18577
18228
20267
17589
18292
18626
18226
18790
19364
16249
15933
19679
17432
19249
18472
18173
18163
19434
17345
17077
19606
14271
19484
15681
17937
18564
17352
16351
16960
19095
16367
17892
16561
19517
19442
19777
18625
16678
18173
18417
17415
16533
18054
18837
18082
16687
16860
18484
18073
17876
19445
17612
19132
19008
19840
18219
19200
19173
18900
18175
17299
17144
17762
18443
17688
18520
17941
19247
18713
17905
17925
13776
19040
19235
16962
12633
19064
17753
17981
17531
18008
15863
14595
19270
19310
18836
19113
18287
18971
17753
19730
13257
19398
18822
14639
10765
17339
15816
16144
19140
19324
17109
12768
18502
18135
12374
16757
19388
19410
19060
17262
19175
16354
15524
15772
15393
19726
11676
10765
14008
18485
19486
18572
16732
17425
18256
18253
19232
16755
17819
16187
17031
18228
19714
18190
18584
17979
19245
18470
16787
19739
17643
17618
19246
17777
17617
18369
14587
18971
19646
16122
18886
18304
14159
17405
17908
18709
16792
17824
18755
18009
18176
19502
17571
18846
18593
18787
15320
18222
18112
18717
14976
15597
18432
16881
18527
19691
18950
18958
15866
19694
16021
19033
18308
17917
17424
17288
18100
18895
16246
18024
19330
18814
18639
18733
19212
19971
7073
19735
19480
15119
13303
15264
18452
12478
19289
16299
18509
14929
17634
17172
18706
17013
18039
17877
17312
18118
15528
16137
18938
17067
19153
15873
13462
19992
18492
18795
19020
19122
14742
16744
13067
19580
15663
19723
18193
16619
19484
17557
18537
15894
17537
15900
20071
17229
19261
18000
16933
18848
18962
18450
18962
16637
18198
11289
19486
15087
13421
17246
19268
16479
19405
18079
18967
17570
19359
19153
18354
16714
14977
18622
19168
17796
16728
19878
12542
15729
19799
19318
17638
18303
18807
19659
13489
17608
16763
18229
18760
19357
18605
19699
18038
15621
19238
15986
19713
14505
18774
18787
19203
16613
19665
17507
18198
15425
13838
18140
18800
17869
18900
18538
16173
14471
18139
16836
16540
19039
17305
18590
19389
18269
19337
17617
19451
19076
19495
19482
18267
14201
13058
19111
15133
18284
19229
18139
17158
19695
17706
16935
14737
17873
17466
19656
14249
15627
18914
18522
17912
19396
14243
15090
14395
17524
15294
17621
16768
18739
17696
10879
18637
14488
17850
16750
15478
19187
19444
19217
18852
15319
17099
19128
18574
18135
19756
17702
17266
18749
18798
18122
16004
18454
18748
18677
18712
15990
18547
15747
19090
17127
19867
19543
16384
14362
19171
18896
19523
18748
19118
16281
18164
19815
18536
15819
15192
19794
18190
18812
19316
18853
13525
15743
17506
18947
19869
18834
19475
18676
17450
8516
16590
18960
17242
18688
15475
15515
16055
15947
16262
18339
16008
14904
17251
18863
16087
17160
14565
18526
19254
19059
12598
19752
16401
19579
18700
18790
17913
18510
15801
18192
15351
14183
17559
17171
19338
18958
17972
19309
19595
18499
17916
16562
18614
16056
17165
18907
18603
12221
17529
18074
18144
17846
18737
18857
16644
19498
16985
18483
18338
16746
18908
18708
19142
18941
18107
16053
17357
18454
18252
15629
18725
18195
13946
17971
19273
17623
18345
16269
19538
16890
19638
19039
19742
19106
18406
16083
18498
17052
18786
19495
19234
17456
19010
16827
17857
17286
18620
19482
18348
15411
18213
15717
13119
18054
17929
17775
17872
17856
19572
15013
18638
19728
18168
16138
15551
18191
17269
18718
14734
18620
17939
18340
16727
18319
14053
17239
16423
18899
16127
17807
19633
20093
15875
19536
18464
18078
18878
17749
19367
16665
17633
19814
18324
18438
15768
16614
15917
17641
18394
19098
18304
19236
17738
17143
18583
20036
13987
17730
15406
18611
18517
16740
19813
19614
15777
17686
18234
19508
18848
17543
15039
19172
17057
18265
19119
19331
18528
18361
15597
18756
18197
18504
18519
18921
15646
18708
18737
19491
18128
16047
18819
17040
18939
16960
17706
13784
15171
18931
18902
17497
16940
19262
17752
19604
18613
18724
19476
19743
19214
19556
14855
18917
18851
19604
18017
15346
17325
19903
17762
18320
19230
15601
18684
17168
14986
18573
18766
18578
13452
15039
18168
18101
18073
15189
19466
18419
14591
16479
19637
18272
12567
19191
16950
18074
18910
14319
15555
17849
18217
17480
18871
17281
14308
18902
19277
18104
18559
15637
15178
17151
16919
16909
18421
16811
19382
18015
17437
17699
18118
19544
18183
18650
14901
19520
18181
17512
18839
18471
19571
18956
18469
18852
20152
17789
16301
18180
10768
15594
12964
17741
17659
19090
17294
19689
19263
13179
17977
17173
19277
19145
18110
18605
18029
16359
19271
19184
18124
19039
19266
17261
18579
14901
19255
19127
14206
16745
17986
18898
12965
18872
15306
17130
16672
16704
15126
17454
17639
19452
18084
18666
15804
19058
18255
17961
18619
18583
19115
19437
19529
17560
16736
19338
15580
15985
19132
18509
18793
19744
19184
19282
18707
19201
17121
19779
18606
18764
17779
15414
16544
18558
18966
16267
16592
15440
18241
19205
17126
18134
17783
17286
15605
13640
14831
13952
18457
17781
18435
17862
18399
18482
17396
16627
18909
17414
17779
18988
17375
19883
19277
18051
17145
19089
19302
19384
19133
17933
19854
19076
20078
19648
18731
19233
17544
16002
19286
16337
17250
19643
19403
18328
16158
15717
17318
19495
19163
19029
13179
13132
19508
19167
18762
19030
20132
14799
18619
19377
18639
19219
18048
17748
18178
15265
14109
18649
13752
16273
19548
19289
18170
18349
18524
18693
17980
14852
16696
17836
15167
16665
19252
15253
16508
18458
16690
15332
19433
18406
18173
19002
17751
19521
19021
15322
13770
19351
18751
18444
18102
16291
13167
19037
17822
17486
15489
17815
15199
18708
17572
19043
12867
17225
17339
18876
17231
14360
16508
18986
15638
18335
16255
19221
17849
16614
17676
18068
16998
17109
17320
19213
17241
14979
13205
18458
17318
19529
19654
18336
18602
18218
12656
18797
18637
19319
18753
15302
18110
19510
17368
18025
16287
18562
15006
19387
19911
17843
18905
17256
19069
19634
17955
15238
15735
19602
19225
18857
18291
17569
17338
18652
18101
19212
18339
18989
16582
18852
15910
18206
18600
18835
18339
19509
14532
19503
17944
16025
19626
19514
17779
16998
17203
18732
18995
19028
17802
15247
18764
15766
16044
12615
19322
19561
16905
19925
10240
13157
17998
16853
14947
19183
17890
12529
19265
17005
16090
18993
14470
10655
15241
17995
17327
18183
16283
16985
18088
18390
19262
17795
17668
17460
17014
18677
19419
17249
18434
17058
16142
19225
12830
16043
17620
18070
18726
17878
18049
18595
18584
12489
19642
18532
16808
17001
19258
17541
17798
17775
17931
17791
18464
18661
18659
18112
13985
15899
19527
14928
18598
17912
17646
19095
17710
18130
14087
17286
19989
18990
15765
17321
14979
13829
18368
16594
17955
18521
19698
18441
17119
18898
16159
19915
18021
15819
17238
18878
16420
17774
18823
16941
18552
16689
18518
14014
19169
16785
18745
17981
17290
19137
18794
18012
14235
16499
16242
17013
18826
14425
16203
18906
18621
15768
17645
17262
17235
17955
15711
19670
17049
18699
17378
13342
18308
18001
18421
19221
16622
16864
17615
15677
13309
19090
14471
18356
19396
17371
14968
18746
17141
18223
18121
17963
18307
17610
18066
18803
17734
10637
18195
18025
17533
18757
17656
19759
18192
18020
16235
19300
18018
18742
18441
18364
11922
18697
17772
18664
17991
19579
17533
18890
16531
18087
14751
18942
19251
19737
18138
15627
16392
18062
16457
16193
19561
19421
19485
18606
19445
18120
19309
20118
19136
16190
17004
17328
19098
16715
18388
17335
18979
17386
16534
18505
18657
18489
18591
18953
19284
15216
19785
19662
18873
18019
14409
18930
14819
17768
17561
19161
15231
18909
18124
16959
16758
18462
17779
18050
19485
17655
16676
18044
17546
19449
16735
17848
19534
13319
18411
18683
19135
17407
16815
18502
19112
19583
18385
18410
17906
16149
15781
16739
17767
18685
17505
17886
13776
18949
17120
17283
17083
18919
19327
16527
19285
16756
19376
19340
14592
18059
19240
18528
18736
19066
17351
16616
19435
17297
17252
16625
17789
19069
14395
19391
19293
15764
18843
18403
18481
15114
19393
18474
17947
14608
17582
19000
18714
15077
18259
19152
18210
18383
18763
18967
19212
16129
14051
19699
18074
17362
15694
17194
18751
18940
17413
17110
17688
18709
15734
18178
15210
18953
19520
17457
17149
19924
19093
17211
18179
15147
19765
17474
16720
18241
18008
19109
19172
19073
19518
17043
18533
18987
16221
16522
15561
18434
16983
18037
14803
18402
17168
18680
19040
19814
16859
18088
16265
18525
18690
19451
18443
17665
15385
17505
16160
19150
18885
19803
16584
19122
18374
17586
17285
19591
18999
18962
18038
15963
16342
18751
17686
17618
17791
19166
18090
19251
19206
15778
14700
17117
15747
15470
18073
18608
17459
18576
14065
17762
17706
18108
16398
19042
19601
18173
18266
18968
12033
18265
13098
18559
19268
18442
17311
17657
18349
18885
17792
17703
18232
17189
18514
14768
19432
13923
18522
16953
14498
16930
18339
17741
17407
19555
15259
17336
18168
19016
17463
15063
17137
18573
15848
19444
16304
17488
17705
17995
18812
17019
17745
13694
16391
19355
17470
18721
18698
17487
10177
18850
19072
18661
14814
18352
19774
19094
19164
17656
15971
18401
18342
16299
17990
17467
17822
17129
19176
11977
19964
12170
19315
18128
18972
16258
17683
17874
17412
18081
17361
18298
18890
18028
19375
16502
19471
15088
18176
17633
15125
19144
18668
18054
18330
16753
17692
18441
19405
18964
18562
15197
18595
19332
15829
18147
19119
12836
19425
18336
18319
13053
16595
18029
18050
19303
19009
18484
18101
18972
12375
14255
15835
14257
19005
19137
17447
19361
16169
19218
19152
17986
18444
19007
16258
18795
18257
18465
14079
19103
13424
13535
18187
18625
19017
17354
17031
18408
18716
18853
17950
13456
19468
16817
15221
14439
14311
19552
16612
17557
19715
18009
16724
17406
14695
18857
19439
18636
19750
17545
19070
18000
19802
19406
18385
18618
17242
17617
18490
18408
18905
19154
19590
18964
19463
19098
15718
18636
15756
19001
16295
18250
14308
18772
17881
16742
19513
15922
18913
18798
17693
18037
17932
16628
16410
17613
14008
16867
18864
18128
18145
17838
18984
19900
17544
19467
14515
18561
19699
19268
19650
17917
19069
18598
16945
15056
16808
18376
19469
16032
18703
17651
17248
16544
19403
19259
17616
17958
18090
15503
17471
18091
18126
18437
12927
14901
20058
18615
18765
18052
17280
16785
17473
16807
15697
14116
17748
19754
17209
16161
20100
18915
18182
17548
17621
18158
19355
17486
15597
19398
14740
14666
16752
14340
17579
18142
15339
20171
19058
19138
17835
18405
18125
16374
14109
19339
18338
16884
19339
16730
18030
16318
18891
18806
15137
18478
18699
19334
17943
17724
19387
16435
16038
16786
16963
14123
18718
18883
18616
16817
18112
16116
18205
19192
13386
19060
18604
19186
19882
19134
19423
16200
19238
18987
18995
19666
19421
16475
19422
18137
17409
18132
17369
18038
17540
13252
17725
18128
18889
17148
16573
12224
17163
18989
18473
18280
18582
18436
19356
15437
16538
19954
18868
19351
16385
16646
15155
17107
17536
17130
15203
17108
19628
16694
19565
19174
18797
12708
17260
15998
17235
18763
13830
17926
18467
15429
15623
14420
20065
13066
18876
19576
16246
15967
12803
18515
15702
18651
19694
14363
18643
18626
18447
16448
18788
17566
16786
14359
16843
17224
15566
19196
8303
18525
15174
18428
19773
16830
19515
14710
19483
19616
18635
18336
16666
16780
18507
18741
18364
14222
17490
18721
19907
18244
18182
18526
13947
17499
17595
16587
17690
18932
16319
15537
18897
16572
17968
16092
14598
17665
16391
16020
17173
17752
19293
17152
18426
17877
9616
16945
18551
18511
18184
18742
16905
19635
14645
19685
19235
18745
17594
18737
19943
18723
16244
18921
20056
16050
17101
18902
18862
17719
20100
18296
15751
19337
18475
18176
19090
18676
19849
19303
17913
18632
15964
16344
19562
16099
17042
18656
17587
17752
16661
19595
17837
18844
19693
15636
18572
16895
18780
19633
19204
16302
18276
17783
18430
19192
18998
17091
17030
13862
14340
14356
18081
18636
18754
19823
19172
18476
19174
15736
18881
18064
18326
15668
13940
18884
17748
14742
14614
19094
16520
19096
16753
18543
15801
17542
15922
18324
19746
18123
17731
17667
18112
19173
18706
18927
18628
13075
19700
13679
16017
19092
19395
13707
19013
18573
19020
14731
18757
17997
17536
10514
19303
15522
19552
19918
19718
16055
16016
14912
18611
15989
19372
18992
16511
18800
14824
15320
14596
16283
13872
19655
18740
19090
16864
16794
14756
17912
18584
18484
17142
17913
17384
18993
17324
19921
18287
19011
17245
12445
17679
17772
18597
14954
17989
14304
17950
8915
17803
19276
16361
15526
16729
17210
12839
17561
19691
18029
16836
16873
17304
17958
17165
19619
18213
17248
17077
17695
19223
15971
12997
16916
17512
19888
16478
14389
16063
19155
16724
18089
16392
17165
18881
17899
16219
16949
18465
16833
14474
17986
15799
18103
18728
18053
14449
18735
15712
19539
14098
18955
18273
19542
19467
12046
17472
13756
18827
19835
13930
17846
19440
19406
19746
17571
16003
19696
17075
17452
17121
18006
19123
17860
17594
18003
18719
18249
18187
18775
18463
17674
16921
18176
18738
17614
18838
17423
19945
19477
19448
13378
19785
18399
15411
18768
18878
15864
18145
17325
15982
18593
18758
12810
17737
13484
15301
19316
19464
17465
18173
19146
19605
17640
18518
18282
17771
15518
18563
18656
18736
14552
18332
15659
17910
17984
18108
17442
17654
18197
18812
16555
17207
16219
18878
19071
15893
19661
18481
19382
18301
19200
19099
13669
17652
19161
18490
17708
19443
14443
18256
15077
17618
19576
19245
16992
18185
17532
18374
18300
19551
15970
17534
17818
13367
13077
19846
16719
17111
15198
16701
18004
12501
19614
17866
16574
18033
18080
11876
14919
16912
19141
19048
18080
19386
19457
17703
18056
16182
16692
15911
19142
17185
15145
14832
18262
17939
18495
17224
18935
18145
17409
15684
16921
18686
18594
19297
18350
14462
18463
16361
17157
19723
18557
15847
13892
19371
15563
18098
19096
16999
18145
19533
17980
17240
15528
19915
17504
18682
18528
18302
17957
17984
19610
16454
19074
17204
19717
17920
16151
12654
19530
17594
16372
14453
17647
18863
15143
19049
11679
17949
18326
18290
17386
16610
17938
17553
19630
16765
19705
18816
19072
16348
18217
15895
17970
18874
17342
18513
13460
16003
16468
19670
18644
18974
17542
16360
19557
18241
19807
17188
18743
17592
19617
14969
18920
16911
12704
18318
19017
18281
18577
18856
18200
18887
15642
17251
19475
19315
16499
18912
15996
15678
19140
14984
17112
17735
17757
19499
17851
14480
18050
16927
17614
17322
18217
18952
18592
18370
19768
19540
18376
19866
18005
13740
18587
13921
18698
16313
16830
13915
17612
17850
18595
15154
18751
19261
18059
13237
18356
18907
15789
17662
18601
19288
19576
14029
16039
19552
20093
18217
18189
18297
19422
17016
15516
16207
19080
16878
19332
19542
15960
17752
14708
18845
14632
14986
19799
16667
11088
18567
19078
17670
18588
18823
16459
17912
16526
18632
18309
18829
16942
18731
17415
15933
18285
18230
15137
17246
18664
19335
18903
18805
20033
16296
18953
19825
19433
15756
8245
19130
13548
16873
17030
16216
19121
19179
17501
16758
17093
18489
14829
19931
18784
16452
12235
17324
19055
19397
14968
14695
18911
19246
18050
19630
9389
17831
19603
19524
12362
17139
10732
18830
19354
16043
20111
17147
17005
19459
11941
19388
16762
16791
18293
18433
13805
19555
17319
14393
13470
16744
19115
18175
18833
17112
14470
18469
18817
16539
17482
19693
15589
17671
19432
18984
18141
16874
19207
18807
18553
17507
17029
18963
16503
18356
18106
19061
18181
16344
19930
17988
18191
17719
18168
16518
18792
15845
19328
18987
19365
17232
18149
18830
18285
19380
14706
16851
18850
17167
19546
17885
18942
17616
19870
18276
19015
20064
17365
16018
17730
17236
14077
20040
18012
19093
16704
15927
19905
19167
16122
16987
16463
14489
19596
17491
14379
15825
17887
14318
12857
15435
17384
18092
18741
18743
18495
18274
13050
19126
18027
16427
19426
17193
16717
18253
19435
17962
18944
19061
17818
18080
18055
16757
19973
19182
15206
18961
15819
9032
19350
17551
19828
19322
19957
17586
18967
19179
18288
19181
15895
18827
14015
19380
15564
17140
19810
19878
18620
18373
11377
19069
17195
19064
14585
18737
18938
18529
19093
19362
19069
18761
19733
16519
17463
18785
16339
17196
19209
19293
18148
18767
14745
18258
20077
18139
17988
16413
19485
17161
10571
16273
14942
17406
19072
20154
16699
18547
14612
19348
16767
19382
16860
15568
17667
17835
12364
19127
19117
17564
16974
18489
18854
17292
18928
18192
16075
19464
18484
19704
18579
17710
15961
20046
17742
16649
17625
16677
18136
17827
18552
19847
15683
19256
18193
17858
17535
18783
17112
18464
17309
17986
18738
16787
19632
14144
15192
19124
19433
20176
19177
17497
14057
18691
17170
18929
18851
19235
17949
18652
15949
14960
19736
17795
17479
19037
13739
16994
16207
18987
18100
18624
18439
18456
17921
18935
17054
19975
17874
18586
19861
18891
17640
19967
18405
16639
16062
17617
17875
18359
14096
15628
18586
19784
16243
16898
17187
17334
19085
14849
17111
19136
18862
17988
14660
18479
18883
18840
16759
17567
12812
16685
14278
18563
12805
15040
15730
18483
16011
19081
12407
19493
17050
19248
19136
18270
17768
18336
18604
17009
18327
19238
17293
17843
18394
13346
19326
19163
14164
17438
18613
10201
17775
18440
17928
18991
16218
18580
17793
19003
18543
14636
18614
17267
19420
14287
7398
16748
16344
18609
18978
17217
18023
15259
13925
17501
18736
18407
18758
18802
16142
18402
19005
18529
18157
17969
19378
19002
19340
16058
16465
19584
19306
18093
18328
15019
17227
10695
19309
18924
17810
13283
15392
19436
17701
15466
16756
13966
18626
19153
18714
17821
17976
17535
18075
18145
18297
18484
18470
18717
18421
15680
18488
19046
18358
19203
19230
16996
13688
16335
17029
18692
17638
18174
12622
16495
16884
19295
19042
15314
18147
18467
18316
13231
16856
16685
16950
18859
18881
18935
19237
15631
15133
18570
19020
14959
16410
13815
14308
17248
16825
17367
16626
16852
18938
15645
18214
16785
17502
18415
16610
17270
19839
14086
16545
19245
18764
13516
16146
18501
19424
19139
18492
18627
16314
18416
20012
17448
18829
9769
16013
17772
18726
19081
19219
18451
19241
19316
17754
17469
19280
17321
17554
17757
15980
19072
18057
16765
17007
17563
18042
18662
18593
16925
17878
17507
16964
17322
14217
16851
14187
19297
17066
12152
18269
14560
18273
17405
19150
19411
17684
19770
18740
17731
19197
19170
17327
20163
16808
17480
19467
17487
18957
15104
19563
15023
15995
16131
19091
18318
17438
17275
17980
18990
19007
18777
16417
17911
19175
15412
16243
16520
17686
19371
18808
19179
18598
18939
18279
19301
18982
19453
16905
17578
14456
19286
19250
17126
18701
16319
18253
15511
15135
19338
17498
18323
19526
17824
18937
19302
15020
19383
19894
17021
17368
18521
18629
19122
18640
18509
19431
17069
19556
15031
16754
17528
18368
14075
19021
19384
19179
19617
18145
18712
17912
19110
18479
18467
18952
18159
18384
19816
17635
18323
19457
19749
19145
19136
18113
15728
16723
19523
16254
18830
18676
18655
19414
18245
17985
12805
15897
16215
13485
17058
17693
17935
17829
18088
18591
19706
16933
18972
17032
19700
18430
19221
19750
18508
16529
14738
19653
18066
17686
18849
18002
19177
16096
18418
17977
18974
18825
18134
19049
19723
16285
15248
17072
18393
17984
18602
15457
12312
18093
16124
18004
18379
14344
16812
19410
17815
16912
19088
18360
15805
17997
17672
19968
16263
17526
19746
19257
18747
14021
19261
16165
16350
18582
18907
19325
17052
15901
18149
17154
17690
16921
19390
16436
18534
19764
16703
19505
17538
18379
15842
17159
17113
19749
16402
18002
17705
15380
15001
18000
19068
18267
18551
17797
18349
16585
17612
18606
17549
18193
19690
16106
12680
16688
13221
18666
17360
18243
11748
19584
16978
18829
19221
19693
16197
19748
17482
18025
18495
19064
18707
18116
17558
16438
12587
17611
19577
12387
15667
18365
15806
15466
19414
15823
18591
17967
19229
14946
18195
18825
15254
16040
15735
19696
18867
16035
17337
18076
17631
12037
17032
15728
18914
16677
18249
18561
18972
18740
17232
19037
19204
18703
17161
17426
16077
14994
18272
16133
14301
17957
17646
18281
19187
16079
19433
18070
17434
19349
14689
16324
16975
18831
18549
19438
14877
19064
17354
16953
18296
18815
18010
10868
19057
13435
17049
18655
18570
17546
19893
19983
15859
14629
15791
18814
18265
19867
16447
18482
19989
19040
18827
16749
19372
14325
17326
16835
19452
19064
19103
15337
17819
19539
18981
19479
16802
17581
17772
18886
19291
14645
18816
15608
16134
18045
16607
14523
17589
18840
18706
12685
18624
19228
19215
18422
18720
19547
14800
16966
18032
17871
13803
17985
19790
19570
16222
14975
14553
8728
19322
18677
17875
19428
18888
16698
18151
18779
18948
18079
12601
12260
18403
13830
16890
18806
13892
13728
18507
17531
19550
19532
18488
19734
15438
19239
17738
18346
18536
18708
14147
18910
17275
18711
19070
13942
19183
19528
19251
17773
19489
18664
18596
16761
19025
18830
18945
19855
14666
17967
17381
19151
17340
18491
15031
15766
16245
16287
14194
19186
17443
12705
17016
19436
18287
18510
19344
19253
16787
18735
15421
14857
19084
18171
17985
19232
17366
11976
16290
18597
18044
16142
18800
18239
18064
17693
18519
14799
19576
18825
16488
16622
15986
18758
16687
17743
13683
20056
18915
18188
15741
18615
17439
16255
19033
18887
18405
16270
18756
18717
19138
17903
19547
19417
18735
16682
18459
17529
18011
19265
18569
19382
16249
10378
17443
17851
20086
18051
19262
19088
16758
18105
16541
19747
18367
17233
16076
18945
19514
19097
17941
17750
18445
14873
18655
17356
15111
17528
12620
16117
18963
18347
17287
17300
17609
18438
19086
12597
18628
16119
19436
16760
18084
19484
18057
19433
16477
18540
16464
19551
18562
15752
18961
18614
17388
16829
17484
17964
17960
18043
13920
18120
16748
18437
18610
18310
16119
18637
17938
17979
18171
19459
15819
16026
17889
18371
19471
18997
15201
20004
18701
15794
15795
17955
18563
15487
20066
18378
17347
16232
18772
17769
18589
18218
14399
19362
18571
16936
16219
18581
18586
16290
18595
15412
15453
14111
17039
18775
17573
19050
17843
19049
18113
16651
17428
18873
16477
10904
16491
19926
18875
17894
12878
19025
18211
19240
18885
15902
13605
18991
17199
18963
17745
19916
16444
15801
19023
17227
18070
17279
15916
18707
19535
17348
18948
19946
19217
20007
16998
17735
13112
17880
17994
17629
18702
18700
18250
15326
17378
19631
17872
18157
18858
18823
13485
13908
18491
17737
19720
17853
16099
16749
16838
16574
16359
18832
17243
19597
18738
17334
16252
16271
18315
19992
15145
17797
18454
13693
18323
18586
18281
19221
16801
17702
18249
9930
19119
18735
19449
19851
16563
18659
17228
19089
18940
15576
17659
18861
16899
18924
14229
17138
18685
17646
19564
17741
19382
16589
18187
18232
16384
16790
19184
18362
17951
19345
16939
16527
17474
14630
18043
19115
17516
19140
19604
17840
15890
18467
18081
17097
18899
17303
19494
17975
20154
19357
17395
17072
17711
18995
17074
16727
18495
18652
15883
19007
17756
14647
16644
19030
14054
18541
17798
14622
18454
18327
19394
16553
16542
18582
19177
15800
17936
16979
16206
15866
16968
18662
16505
19264
18135
19625
17648
18046
16932
18755
13003
17702
13478
13616
19102
17895
17713
18056
18344
18832
19932
17223
17245
17513
17052
18759
18937
18551
18840
16166
18986
18231
17927
18121
19516
19247
16059
15912
14107
17797
14022
18933
18691
18325
14652
17849
18014
17705
18215
17183
19489
12899
16458
15715
15821
15176
18229
19432
17736
12015
18088
16445
17937
15746
19301
13846
19056
19072
17646
18557
19665
17613
18220
15963
18913
16426
17231
18554
17288
14661
18129
19569
17816
16479
19131
18662
16757
20043
19517
17604
16447
16636
19667
18346
17407
17408
17135
18803
17039
18013
15345
18030
15507
16637
18464
17866
17832
18001
17534
13849
19630
19089
15668
17657
16203
15673
17328
17281
17013
17978
18921
18310
18321
19176
18159
19808
18444
19175
15566
11955
15062
17572
17191
18489
18269
19103
18277
18346
19091
18568
17842
19741
16908
19707
19347
17394
19610
15869
17747
17295
16994
18647
16036
18678
16533
17397
19039
18223
19566
13619
17137
19432
17996
18510
19052
18525
15456
18963
17365
16236
15633
7124
17750
17296
19253
16413
18033
19562
18809
16807
19444
14284
19346
16112
17108
18270
19293
19740
19092
17587
16439
14585
16187
16588
16292
18789
17832
18173
18215
18459
14358
18860
18957
19507
19102
14490
15282
16884
17982
12855
17090
10778
15744
17849
17874
17537
16749
17994
17539
19701
18147
18787
19379
19128
15905
19001
15675
17800
18499
17566
20057
18414
18051
18378
18001
17951
19094
17338
18412
16250
17570
17943
18321
18881
19553
19567
16750
15614
16095
18322
18497
19121
18394
17579
18943
18675
17900
18451
19170
18125
19340
16835
18454
17467
16664
15799
15823
18956
18052
17483
18860
17281
18472
17230
12923
16844
17438
19619
13549
18599
18848
19082
19619
18740
16300
19663
17239
16997
19179
19311
17921
16911
14026
18617
15247
16570
17228
12502
16507
18509
18112
19449
17678
17181
17466
18288
18398
17427
13574
19486
19009
19423
16942
18109
17781
17033
19003
17202
19094
16604
16995
18749
16866
19192
19823
14057
14633
17887
19070
18001
18790
14464
19815
19243
18907
17720
19250
18476
18559
18423
17838
18646
17032
16940
19074
17785
18448
19596
19835
18910
19176
14957
19146
19586
17818
18154
14099
16991
13173
14266
17590
18592
19427
18063
16018
17799
18438
19568
10535
19065
19020
18184
18831
17664
17803
18743
18703
19418
18100
18400
18162
14023
18746
18950
17026
18085
18737
18145
18204
18340
17634
18690
15840
19304
18613
17870
17654
12558
18704
15287
17045
18646
18662
17090
16526
19186
19339
16715
18869
18607
19447
15963
19150
16424
19114
19394
19728
19679
16822
16560
19089
17938
18373
17431
17442
19727
18299
18660
19170
17596
18042
19127
18076
19499
17044
17368
15447
18642
12837
16914
20032
17075
19016
19656
17207
17573
17919
19104
18742
19580
17416
17587
19706
17457
19711
19098
18261
14270
17940
18832
19164
18810
19618
19491
15411
17821
17503
18077
17228
15250
18161
19254
18156
16869
17923
18915
19416
17561
19401
15213
19061
15113
18442
12987
17247
14272
19024
18365
18406
18710
19520
17453
19036
18196
16217
16867
18503
19200
18506
18974
18294
15706
17011
16699
18872
17520
18315
16518
13586
18779
19363
17584
19736
17165
16173
17702
18274
17613
18182
13604
18448
19463
17386
19544
18345
17906
18335
16170
16320
18568
18685
19273
19650
12718
11900
19901
15221
18962
17638
19606
18085
17650
18013
19902
16943
19041
18958
18202
16649
17392
19613
19231
18631
19565
18831
18003
18670
18325
18494
17582
16998
16622
17218
20108
11838
14179
17825
18564
17584
18132
18799
13558
18100
18983
19660
17237
17105
19105
15681
19162
18377
18956
10054
15231
18735
17428
16174
18719
16321
14981
18328
18483
19230
13823
18806
17244
17440
18047
16582
19816
17799
17780
19315
18977
19379
18502
17809
17376
19624
15256
13675
18966
19609
16107
18052
17373
13713
16536
19458
19188
17184
19400
18933
18837
16938
17705
13020
19796
18945
18529
18910
19563
18859
17092
18212
18208
18304
17004
18808
19295
10016
19450
19655
20105
18497
19096
13757
10825
18763
18445
19043
13022
17770
17837
16863
18681
16584
13933
16404
15833
18456
18699
17425
18971
16345
18260
16164
19012
17428
16118
18964
19201
16093
19453
19060
17988
17986
18444
17514
19413
17413
19587
16430
19751
18112
17484
19204
16076
18276
19522
15066
16722
17817
12839
19218
17420
18592
17989
19257
19497
16915
18050
12106
16217
18017
19373
17294
19597
18187
18179
19298
19526
18402
18383
16511
19108
16644
18289
17500
18200
16821
19116
14149
18992
17529
18456
17966
13723
17310
18804
19289
18792
18709
18870
17001
15066
19081
18972
17668
19730
19070
16729
17985
19076
19897
19260
15477
18536
19005
15653
19331
18955
19577
15618
17193
18612
17365
17777
14026
19257
17770
18429
18123
14710
18807
15584
16520
15843
19703
19693
15408
15291
19154
18668
14751
14581
18529
18842
19271
13033
17545
19428
18786
19001
17158
17097
18678
19139
17546
14794
16335
18171
19436
18298
18170
18927
18290
18336
16496
17857
17751
19509
18921
19040
18052
18837
17874
17688
16216
17430
18533
17147
17610
19685
10436
18638
17881
19870
18119
19072
14214
13851
19523
16092
18779
17812
14906
19646
17314
19468
17809
19769
17889
16082
19566
19739
18894
19766
18373
17788
18759
18788
17548
17568
13716
16940
15839
18663
18854
13882
18248
18246
16587
18931
18541
19269
17158
16737
18330
19261
17382
15402
19753
17740
19302
17974
15615
19239
16355
13449
15909
18759
19683
18996
17923
19537
17725
15304
18098
19707
18383
14929
18237
17977
16400
15603
18505
19227
17532
16593
14887
19602
17607
18726
19021
17350
17275
17895
18482
14958
14419
19621
18346
18838
18523
18801
15499
18847
17248
18947
18535
17662
15541
17979
14376
19235
19208
19740
18720
18887
15319
19825
19368
17803
18798
16743
17349
17232
16838
18041
19815
16143
19384
19553
19163
18869
18477
19226
19025
18081
18660
16784
19407
19434
19905
16675
19473
15899
17569
19653
18102
17971
16347
19707
18509
16420
12330
18681
19603
16938
18670
17746
16246
17868
17853
19751
18352
19332
18350
17380
16046
20021
17915
18717
17810
16498
14312
17679
17968
19528
15246
19345
19152
14949
17122
18900
17648
14926
19124
16544
16657
16812
15727
18659
16532
15254
19970
17813
16229
18164
18506
18585
19283
17836
19118
19193
18252
18482
18808
17332
16242
17182
14079
17564
18608
18827
17707
18803
18204
17815
12668
18564
18779
16426
19563
16532
18539
14517
16490
15526
12559
19428
18508
16514
17006
18764
19033
15375
18838
16472
15983
17666
19760
17434
16506
16426
14895
19035
12776
16882
18732
17730
19291
17691
15455
19695
19023
19205
18348
18398
19664
17438
10045
17876
18691
18144
18976
17627
16739
18384
18798
18471
17574
19889
17143
15699
15395
16152
17947
11882
18048
16676
17309
13538
19360
18442
17690
19697
18195
19221
18992
15667
19185
18653
14236
17825
16895
18044
19237
18374
16625
17991
18858
19258
17223
18127
18627
19191
18428
18999
16985
18196
19414
19897
18707
16428
15837
18055
16353
18795
19127
15812
18691
18063
15078
19734
15681
16388
16304
17863
18192
17711
15771
19652
17003
19276
19203
19381
18898
16932
17860
16875
19337
18218
19440
19523
14015
18359
18727
17408
19324
18052
20065
18116
18002
15872
17814
17347
19801
16886
19771
17921
15998
19195
18009
19542
19937
19748
13165
19120
16461
18671
19847
16399
18665
19181
19390
17239
18722
19668
17898
19018
17096
17751
11290
19377
13316
19338
17883
15412
18837
18997
15771
19649
19564
18941
17683
18998
18532
18855
18530
18528
18215
17076
18644
18414
16772
18981
13973
14603
14920
12868
15192
18510
15837
17345
17257
19492
18219
17904
15216
19343
16477
17030
16734
17455
19586
18110
18751
17662
18549
17339
17855
17035
15634
18919
13899
18230
16018
17797
18919
18036
18115
16905
16768
14627
19193
18594
19076
17936
18118
17011
16946
17466
16512
19914
16124
17464
19874
19299
18943
18134
19059
17997
17633
17389
20034
16148
16671
18457
17667
19063
15412
18179
16313
18223
15450
13116
15901
17182
17762
19620
19183
18516
18351
18597
19185
17537
18711
16586
10752
14554
18546
19031
18249
17028
16531
17042
17526
16055
18902
16521
19602
18271
18646
19805
18872
18528
16065
19585
18300
15377
12537
18043
18249
17594
17327
19769
17797
19152
18314
17646
18542
17388
18097
19582
18791
17560
17936
16667
19102
18209
16467
17940
19078
17454
14128
17941
17502
18399
17317
10341
19216
18443
16779
19549
13810
14406
17953
16704
18391
19083
16075
18794
16171
18831
17793
19829
15953
15155
17319
18976
17457
18993
19182
14128
17828
17235
19469
19167
15054
18811
16295
17295
17984
18457
16131
18124
18105
17697
18400
18864
16531
18050
18859
18169
13089
14777
17787
18902
19305
18461
19463
19149
17638
19001
18576
17575
19152
17420
19632
16917
18433
19416
17974
19468
19396
18341
18997
19521
17341
19233
19381
18750
17199
18321
19727
15855
17805
17703
17180
17686
18458
18601
18751
18759
18297
16140
18553
19197
18996
17088
16603
17520
19397
18065
18336
18408
17283
15176
18783
18370
17759
18558
18292
19367
17558
18186
18274
18848
17889
19466
17538
17950
13585
16711
17332
18301
19288
17040
17593
18349
15997
18236
14951
17795
19319
17927
17944
17612
17125
19094
19091
18914
18298
19232
18844
17863
19948
18142
19601
17177
17713
19552
17614
18119
18227
18784
19201
17774
17728
17337
19218
19074
19258
19900
15552
17300
19352
17054
19674
16512
18439
17002
15516
16231
17955
17838
17252
18991
15655
14635
18514
14894
15212
13658
14679
16571
18987
19477
15658
18705
15899
19795
17138
19554
18673
18724
16636
18289
16927
17458
18968
18698
19097
17808
19105
16900
19160
18451
19193
19660
19218
19574
19166
17354
19213
18316
18087
18714
17775
18402
15689
18944
19814
19994
19664
18262
18400
19755
15314
19627
19585
19313
17895
19829
19925
17654
19520
17180
18059
16581
16932
13236
12569
18571
16566
18732
19483
19421
18417
18440
17216
19284
16368
16388
16431
16892
16486
19283
18637
18074
19743
17165
19027
18740
19592
17278
15460
18517
18931
18275
17772
16210
20138
19149
18548
18110
17781
17125
19193
18963
18504
19706
18740
16311
16450
18863
18929
18026
13467
17660
14282
18497
18492
18806
18694
15177
11896
19875
18342
19435
18323
18867
19329
16934
18933
15236
12010
17811
16947
15933
17720
17499
15312
15174
18440
16706
17074
16622
16392
18652
17727
19045
13564
13336
19742
16189
18458
18930
16119
17113
18264
17483
17546
18952
15671
17874
16206
18721
18054
15213
14019
16567
18199
18259
18201
18127
17846
15957
13644
17422
19208
16150
18288
18297
19575
19018
17767
18401
13008
18554
17252
18069
17994
19241
19383
18581
14828
17259
16425
17610
16733
18919
18958
18066
15893
17042
18653
19050
16591
18905
17100
17369
17063
18894
16320
18044
19109
18449
19123
17471
16391
14683
19167
17328
19598
19106
19117
19114
12013
19512
19199
16483
13123
19335
13988
15908
18433
18468
17270
18685
19087
15204
18188
19731
17984
18922
15520
17717
17049
19881
15981
16696
18632
17841
18489
18986
14428
19648
17915
17772
18988
18234
19488
18085
18706
16843
17439
18222
18151
18533
19655
15283
17096
18725
13013
14837
19148
18240
16326
18624
19912
18691
19119
17643
14763
19072
17446
19024
17157
18487
19717
17630
18620
17234
16776
17675
15229
19220
19135
18452
19062
18656
17000
19724
16789
19472
16840
17674
18329
19335
17325
18936
11517
16187
18726
14573
19147
17296
16247
19018
18622
19591
18633
18596
15447
16538
13571
17627
18220
18099
19110
17486
19426
15685
18342
19869
18247
15566
17396
18572
19344
18723
19527
16605
14547
17602
19756
19722
16097
17281
18310
19238
17386
17927
16696
16539
19522
17786
19097
18107
16230
15169
15685
19455
18592
14120
14214
17046
18723
18114
13791
16133
19427
18960
17580
19816
18145
15708
16519
17954
17859
14658
16321
15149
18524
12405
15871
14651
17599
19489
18586
18521
17972
17499
19202
18814
18583
18877
19214
19140
18079
16074
19528
19336
18047
15891
19392
17814
17402
18022
19729
19470
19474
18094
18390
14954
16968
10317
17651
17980
19852
18224
17907
19607
19195
18075
19376
18146
15753
17018
19413
14244
16767
19039
19806
16469
19425
15651
19478
20223
19185
19188
19175
18145
18191
18578
17871
19145
18851
18362
15122
18265
19374
16540
14270
18745
18951
19769
17835
19456
20023
17788
15704
17933
19011
13604
19667
17979
17190
16528
15218
19652
18576
16050
10138
18621
17350
16941
19567
18211
17474
18374
13091
16893
11817
18787
18175
13250
19699
12487
15824
20005
16974
17661
17297
17957
19394
18732
17257
16144
19057
18762
18439
17672
18105
18926
16446
18052
15571
17741
16874
17142
19146
19454
18036
19534
17820
19065
14704
18917
19851
15941
19149
18081
17504
19109
18113
19034
19846
16078
15823
17294
17966
18213
19672
18718
18676
18830
18353
18237
17841
18414
19600
19091
15698
17126
18531
10428
19160
18065
16052
19027
18501
18219
16217
18611
18460
18478
19572
15842
15723
18662
16465
19485
19095
19349
13779
17761
18282
18649
15190
18114
19120
14907
18920
17600
19512
17244
18833
15188
17125
15148
16549
19286
15212
18952
17929
17671
18685
15088
15684
16810
18827
19140
18451
16712
18651
15171
18472
16412
17427
17918
19784
19553
16226
16925
17339
18149
19270
19636
16302
19190
18208
16824
19558
17717
18359
13917
18447
16630
18247
16919
20023
18897
17294
16528
15576
19909
18192
17224
19005
18240
19844
18897
18783
11323
19222
19543
18269
17201
17645
17189
18432
13222
17524
19832
15376
15255
17730
19015
19083
17456
18778
17672
18016
15452
19260
19636
19306
18898
18852
18063
18512
17841
18108
19669
18239
18609
17934
19017
15482
15361
8918
18007
16562
19297
17166
19308
17471
18453
19272
16184
15201
13871
18886
19637
14210
16061
17774
17406
16070
19566
18833
18629
19545
18549
18032
13600
16630
18473
18857
17605
18635
19773
18798
17843
18754
15802
18396
15277
19372
17097
19585
19478
18179
19402
18286
18827
15281
14644
19651
14634
14277
19570
16874
19583
19300
18020
17423
17719
19730
19065
18529
17133
19054
19399
18726
15005
19705
19569
18086
15750
14452
18188
19345
15927
16149
16408
17453
17128
16786
18729
19048
18926
18796
17724
18401
19254
19191
14105
17950
18503
19125
16079
19111
19019
17460
10489
18233
18807
19187
14690
19475
16614
16533
16345
14512
15930
16876
17393
19157
17445
18188
18093
17667
18730
15041
17811
18193
13216
20223
13368
14091
18152
17070
17143
18922
19689
14990
17467
19434
19935
18057
16996
18504
17270
17969
17825
17618
17616
15605
19904
17052
18202
18915
14311
18791
18508
17855
16781
18485
18696
13383
19164
17880
17202
14622
19500
16822
18303
10897
18266
18964
18617
18319
17940
14479
18193
17909
17069
18836
18668
16012
16742
17934
19229
18789
18204
17274
19178
17620
19018
17935
17584
17012
19336
19131
18709
19217
16176
19610
10695
18310
12264
19302
15711
17779
18772
14166
17675
16153
19545
18176
19492
15846
18074
17256
16492
19240
18829
16788
17637
19449
17333
19082
18818
18123
19834
17877
17378
19082
17260
17654
19593
16892
19484
19154
17940
16057
17427
14805
17028
16785
19158
18819
19898
16783
19178
16110
19625
18695
18654
18169
16525
19520
19350
15487
14775
19832
17475
18696
18431
17719
17830
13398
19560
17380
18967
18231
18732
19294
16123
18824
18521
18453
17746
15833
19217
16103
18655
18475
19098
19443
18036
11871
18716
19144
14549
17911
14548
18929
18604
18418
17500
18271
17412
18161
19615
18989
17629
18521
17824
19848
19030
16985
17416
18786
19107
17853
19563
18297
18399
18928
16485
17377
19942
18561
16406
14103
17857
16865
18417
17684
13449
17408
15935
14335
18758
18932
19076
16305
18093
17308
18225
19683
17297
14449
18615
19284
17756
18160
19857
17748
18334
17689
18762
19336
15870
14752
18764
18727
17387
16694
15232
18785
19642
20014
15617
18129
16033
18653
19037
17259
19737
19750
14076
18993
18179
16635
18600
15098
17371
17659
18759
15993
17904
14964
15735
17106
16714
17557
17468
19529
15378
14932
16745
16804
18961
18209
18923
16379
14271
18441
16262
18154
18773
17764
15831
16739
18899
17281
18912
15885
17754
15493
17006
12977
19716
16157
18194
14026
14558
15777
9991
17795
19215
18863
18658
18767
15015
17777
17094
15830
18316
16610
17835
19605
18916
18538
19308
15651
18060
19083
9023
19658
18075
17289
19126
17842
16972
15785
19638
15976
19655
18393
18699
19148
18876
18651
18716
17125
19214
18419
18677
16658
17042
18867
18889
18331
17730
16239
17565
15920
17974
18855
15084
19334
16953
19688
17043
19653
17891
16959
14084
19376
19389
18535
18583
18671
18081
18810
18317
11039
17749
19039
9478
15762
18716
18720
15738
18000
17177
16011
17812
14795
13263
16886
13330
16448
18073
15078
18874
16316
19474
13106
18377
17148
15409
16664
18777
18183
17593
14403
19515
17592
17265
16613
17353
17015
15877
12682
18474
16361
18051
18248
15801
18373
19580
17641
15376
19437
19020
18028
17686
18724
17161
18821
17263
18019
19389
15759
18248
18698
17964
16796
19150
15704
16362
19225
19973
19417
17708
14407
17598
18469
17598
18677
15045
19295
19002
17865
18905
16259
19348
18649
14394
15364
18622
12334
18416
12768
18059
17163
19342
15868
13241
18553
18057
13647
16109
18673
18645
18701
18688
17781
16876
17961
20074
19091
18708
17758
16346
18965
16013
18600
19019
19132
16439
15749
18770
17684
15307
12233
18496
19126
17672
15537
17711
18981
18434
17000
18533
18888
18372
17819
16479
19451
17948
18362
16979
17972
18217
15757
19004
17752
18424
13156
14436
17323
16511
19679
18408
18701
18965
13014
15664
18300
19223
17837
19874
18814
14992
19064
14667
16150
18154
18066
17399
18198
16536
17791
18817
19134
14306
19353
17032
15216
17173
19343
10941
18224
19634
18315
18702
19481
18977
19170
18328
13770
15260
19620
18312
12167
18912
19366
18742
17436
15741
18354
13911
14339
19244
18415
19141
17607
17950
17404
18181
15635
18807
17292
17261
18353
18547
18800
17342
17562
19138
15864
17136
18449
19231
18666
16225
18985
17508
18121
19413
13989
13969
18657
19006
19765
18128
19951
17891
17772
16716
18019
14168
18001
18299
14706
17279
17698
19143
16016
12801
15478
16830
19018
17568
18115
18733
19008
17341
19848
19265
18351
18865
17407
18120
16698
18024
19223
19537
18006
18049
18462
17607
15557
18552
14207
19521
18862
18690
15814
17519
18452
13655
17809
14874
14453
19201
12280
18863
16153
16923
14593
17839
17249
15713
18572
14705
17500
19312
17693
17044
18914
15781
19497
16798
16040
17755
18453
16772
18879
18046
15280
18574
18725
18989
17125
19043
17758
18328
18588
19355
18951
15041
18894
15770
16801
17936
18567
18333
17627
14875
17093
16877
8430
19005
18381
19008
18941
17316
17127
18462
18663
15127
17982
15899
18872
19024
19145
17520
18430
19592
14646
18617
17269
17336
18643
19047
18888
19190
13453
19630
19848
17565
18340
14970
18739
18307
15362
17802
16632
19098
19650
18755
17708
19083
17173
18479
15360
12566
18506
17201
17191
18240
15626
18176
18682
16881
16635
16334
17437
16712
18296
15806
18099
19027
17965
19264
15915
15836
18652
16067
16402
18428
18567
18185
18842
17788
18776
19504
16954
17419
11671
18473
18592
15293
17300
17893
19877
18970
15919
15866
16658
13433
19573
19449
18159
15620
18279
18423
17979
19723
19171
16966
18674
18582
15329
18141
17893
17165
18172
12748
18460
20093
19315
19591
17750
17344
16559
17682
15336
17855
17199
14846
18304
14704
17047
18891
16970
19214
19815
18860
18846
19389
17601
18170
11232
18779
16954
12659
18615
17153
13071
16720
18227
14976
18928
17708
16864
18159
19297
13924
19109
18535
18930
16958
19075
17868
18469
18806
14720
18163
17389
19577
19319
18257
17768
16643
17559
17834
18308
19963
18792
18274
17197
15361
15328
16257
17009
19206
14332
19926
17913
18691
15711
17502
17393
18556
18908
16125
15897
16257
18500
19538
15401
19364
16045
19646
18154
17942
19149
15867
18406
17772
19736
19533
18433
17126
18245
17630
17790
17683
18914
17921
16511
18605
18619
15296
19920
16675
19531
16534
17580
18218
19308
19378
19074
18973
17366
18019
18578
16941
17872
18997
17943
17655
19246
16852
19257
18707
18409
17439
17013
19027
19375
16586
13388
16604
13165
18775
18449
16771
17194
18138
18615
18197
18826
19476
18123
14433
19588
18513
16438
13874
13680
16524
19516
19135
16809
18555
17516
17070
15764
17587
17451
18031
18147
19482
17792
18535
18941
17706
18746
18789
17467
16741
19027
19450
15911
19308
18517
18453
19575
19346
17757
19204
19007
17597
18552
17783
19196
16667
15439
14533
16594
18441
19554
14517
14455
16000
19495
14947
10929
15348
19874
19629
14022
17902
19733
16837
12998
17160
18602
19032
15621
18234
18622
18739
19590
16640
18118
19449
19828
17977
18578
17976
17015
18012
17014
18715
14651
16734
17706
19187
18181
16323
17528
17942
17379
18841
19164
19306
17593
18231
17102
16085
19698
14730
16961
19093
18963
19420
16438
19149
19552
11790
18980
17349
17259
18038
16651
18513
18354
18607
19776
14633
14681
15937
18672
18322
18230
17924
18373
19497
15615
17600
17226
15732
18378
19069
18883
16856
17025
15975
18482
9718
19516
19257
17873
16613
19404
18810
18873
15449
17434
16961
19096
15510
19205
18605
18382
15720
18485
17785
17165
17324
18082
19090
14942
17990
18780
14643
17263
16951
18973
17966
19053
19787
19144
19723
14920
14562
13937
14621
18213
19813
19703
19090
19616
19292
17510
18753
19382
19175
18293
17298
18939
19053
19510
18268
16811
17922
19776
16553
17836
14970
17977
17670
17275
17994
10374
19488
18548
18424
18387
19394
19462
17375
19052
15852
14599
17400
16820
18048
17789
19266
18273
19014
19205
16061
16714
18330
18340
19118
19236
17610
17347
18599
11941
17820
12761
18420
11183
18402
19813
19041
18253
18994
18646
18638
18936
19544
16750
16057
19753
18085
14056
19155
18092
18234
10593
17964
16207
16150
16795
18013
18433
18730
18363
18699
15706
18231
18007
15838
17671
17449
19667
17152
19096
18874
17990
13705
17178
19843
17243
17017
18013
16885
16408
17112
18025
18514
18218
18954
11261
19695
16769
17225
17503
17476
18620
19168
17519
18467
17590
18498
17078
15585
16462
15436
18341
16020
17315
19015
17820
17913
19364
19295
15856
19411
17176
19701
19726
12789
17255
19475
15056
18710
16842
19875
17981
17247
15689
17327
18732
18368
13255
17518
19295
18493
15592
18395
15803
17064
18691
18264
18048
15712
14597
18623
17792
17150
16953
19607
18214
19233
18906
18387
14230
12745
18997
19530
19577
17139
19396
16288
19718
15499
17775
17028
18498
18167
18904
18988
18597
17218
17839
15284
17881
20086
18468
18667
19947
18453
17291
15649
18116
18516
18105
19559
19465
18818
19167
19152
14973
13824
17244
17714
19206
14323
17103
14297
15957
19681
18622
14811
13892
18210
18575
15053
18771
17134
18108
18869
17239
14551
19309
15562
19525
17246
17522
14487
17858
14451
14781
17667
19432
17120
19792
18885
18062
18583
18031
18183
16555
18988
19142
15165
18958
17569
17780
18447
17799
19675
16939
17051
17533
17788
18549
19142
19422
18491
16751
18445
17506
12273
19055
17522
18688
18862
17752
18950
17262
17988
18687
20050
17658
16021
13932
15355
17837
18707
19644
19562
17765
19367
14273
18874
19342
19366
18357
19089
11286
19796
17589
18094
17607
16292
17157
18188
19301
18483
15890
20022
19026
17018
19270
15336
17969
18249
18246
18527
13588
17518
19197
19027
18275
16674
18719
18519
19267
18690
19129
18270
19027
19575
13051
16956
18455
16935
14556
16039
18739
16854
16344
14660
14353
17730
15936
18713
17740
19026
18711
19161
17530
12113
19362
17127
17552
19027
19921
17978
16658
19300
18935
18643
19133
18197
17346
18281
16753
17944
19328
16890
19240
19045
19326
12078
15882
18836
18266
18890
17677
17170
16988
17978
17832
16099
18697
19334
17118
16429
18907
17163
13799
18282
10004
18260
16551
19693
16188
15909
19787
18945
19431
16979
19485
13470
19297
18941
19031
17239
13902
16364
14892
16957
18701
16386
15638
19318
18411
19033
19581
19978
18642
19453
16956
18499
19894
19595
18805
19777
19781
19029
17983
18042
16735
17297
18929
14244
18285
18355
18012
19289
19349
18612
18430
17881
17938
19067
16385
18222
18480
19316
18565
15693
18753
13575
19467
14554
14995
17438
19369
12449
19302
19386
19308
20007
17618
19678
14920
16555
19177
15719
15559
13358
17129
18310
19078
18065
18372
17556
17997
16970
17855
17378
16694
19456
16390
19691
17303
13433
14215
19269
19182
16918
15878
17497
17815
18143
15252
17159
14964
16052
17643
19155
18239
17381
19166
19085
18265
17370
17085
16448
13829
18482
16918
18931
14512
18185
17321
17824
18517
17314
19300
17989
18956
18421
18833
18083
17744
18647
19856
19376
19925
19353
13737
15274
18853
19593
18485
13493
17071
16450
17366
17027
18576
19018
17331
16860
18919
15835
18642
19596
16989
19709
18319
19945
17294
18261
19049
17567
18717
18368
16999
18126
18622
19408
18238
19713
19576
18720
18923
18317
19265
18137
18668
18532
18765
19528
19434
16560
19888
18084
15589
13921
15132
18452
19079
18445
17724
19575
17807
18524
14947
16230
17773
16829
18764
18056
15750
16243
17099
19066
17426
18420
15538
18585
16694
19386
19377
19166
17484
19851
15793
19121
18694
19437
18810
15921
17610
19472
18787
16477
17521
15986
17245
17612
17254
18979
16289
17302
18442
18645
18515
19368
18976
16253
15130
16991
17421
17475
16837
16437
17414
16170
19717
17247
18404
17269
12681
16506
13080
18345
17867
14685
18741
19080
18261
17050
19517
19478
19483
17423
18199
19149
18941
16539
18866
15504
19084
17404
18255
17755
19114
17813
17951
19498
19038
17446
19290
18527
17529
15971
19484
18818
19685
17576
19169
12543
17110
18912
18246
17061
17583
16237
18329
18068
17867
16615
19209
18208
18320
18572
18865
14610
17760
17456
16382
13982
16822
18289
13862
18973
15695
19783
18973
17382
19634
17804
18397
18461
18432
14943
17691
18497
19541
14743
14757
18137
19335
16370
17065
18478
15038
19182
16230
18067
18040
19359
17745
16538
18347
17615
18744
19894
19250
19306
15937
17013
18199
18597
19029
17924
18362
19296
19436
18462
18578
19045
16086
14795
18698
18418
15534
18935
16931
16310
18451
17733
18577
19003
14722
18299
18255
18798
18118
17812
19687
17606
17981
19211
17261
18676
17886
18061
19031
17970
17024
12955
18172
18001
18299
19035
17723
16285
14219
17864
18981
13826
16610
17671
19243
19023
18755
19717
18183
18951
19736
15024
17809
18294
19535
17142
18951
15416
18196
19761
19019
16376
17577
17752
16320
19354
17942
17932
17571
19415
19854
15891
19366
19198
19184
17516
18480
18350
14350
18299
19894
19354
17609
18109
17703
17654
16114
18693
15644
18568
17236
17291
18878
18623
17636
19489
19693
17053
18225
18252
12945
15788
16559
15099
18285
17485
17401
13576
16915
18664
19715
18233
14656
19431
17681
18280
12782
13470
19025
14700
13950
18717
19649
18687
19701
17948
16987
16436
16180
15661
16635
18527
18754
18202
19397
13605
18269
18012
17248
18455
18513
17283
18919
17919
18949
12470
17923
16731
18131
19718
18710
19233
19012
17296
19361
17985
18215
15214
18696
18734
18707
18222
19267
13290
15395
18419
19774
16719
18781
18193
19448
16565
17920
18795
18402
20033
18104
18716
17141
17375
18483
17154
18314
16340
19250
13018
18230
19259
18219
13876
18393
19163
19347
19172
18028
19518
17543
18967
19256
18818
19489
18611
18812
16307
15149
18930
18134
18565
18244
18905
18150
18773
18488
17455
18780
18776
18201
18772
19463
19537
19870
17052
18118
18911
17743
16169
18111
19179
16491
18134
16693
18373
16839
19263
18875
16917
18738
16655
15286
19851
14266
18416
17198
15045
18315
19126
14149
19446
18933
16311
16839
16328
15953
14778
15758
17647
17388
19291
17238
19179
13867
15328
18453
17442
14405
19096
19713
16300
18150
12202
18936
16738
18835
18978
18067
19596
16923
12987
14301
18866
18476
12555
18023
17316
19049
16158
15834
18708
18271
13667
17213
15399
19703
18466
17276
14769
16717
18389
14343
19689
18245
12848
15840
11326
16423
17407
16580
17560
18262
18471
16258
18829
19992
18036
15381
17902
16634
19621
18714
17812
15905
19155
13736
17779
19041
9734
18594
18673
16599
18313
17072
18236
17079
18436
18885
16788
17324
14899
19130
18856
18670
16111
18747
19345
18484
17723
18461
18023
19653
17268
18814
16510
18379
19510
19459
19553
16406
19416
16195
18430
17839
18951
18279
17797
18621
18623
19308
18534
15396
18607
19715
16669
11110
19114
18238
19804
19193
19723
16221
16263
18841
18331
18422
18682
19582
19018
16057
17614
18741
15465
14745
19175
19340
15452
17657
19249
19656
17837
19612
18964
19007
17605
18867
18965
17898
19676
18309
19121
17249
18366
18884
16657
17339
18578
18541
19423
16829
17388
18289
18566
17417
19666
18812
12506
18337
19713
16710
18763
17955
8413
17313
18408
15143
18053
18684
18679
17896
18477
17713
16553
16087
16650
14071
13005
18654
19025
19889
15257
16745
19511
16991
16352
17203
14227
16822
16495
17437
15913
19242
16163
11745
16860
20089
18630
18930
16740
18628
19392
19136
19289
18502
17674
16070
19107
18244
17549
19230
17943
20048
18663
17940
15202
19224
16928
18025
19354
14005
19851
19527
16770
16537
16639
18513
12897
18639
17711
18134
17683
18022
17525
16949
19602
18740
13627
17707
17346
19546
17173
16318
18910
17330
17113
17356
16338
15637
18325
19874
19008
13453
17762
18156
13166
18315
17324
16979
16231
20094
15680
15362
17491
16320
18903
19441
19378
17527
17847
18345
16022
19527
17389
18358
19098
17768
15898
14772
14309
18926
19073
16290
17370
19374
19058
14637
18400
17664
19223
18690
18948
17869
13136
18538
17557
18532
19802
19345
19104
14847
15096
17748
15614
17800
19069
16338
19586
17770
14357
19499
11431
19604
17947
17740
19661
16814
19428
18677
16899
18782
19831
12748
18382
19784
18547
19035
15069
18397
17472
18071
12897
16461
18853
19367
16993
18805
18032
19213
13587
19468
17929
19376
20166
18812
19456
17894
16436
18229
18346
19182
19591
18169
17555
18966
17707
17767
14763
17526
16348
17965
18927
19183
19218
14519
17820
17714
18839
17488
17053
18704
16754
16510
19641
16216
16615
19136
17715
16114
17647
19592
18179
19374
18583
16239
16257
18996
16461
18508
17283
16536
17597
19437
19118
19178
18747
8378
16563
14359
19304
18623
18000
18380
18763
17038
18717
17982
19356
17031
17898
18239
15731
18219
14763
18273
14917
19126
19492
19397
16754
17218
15731
19862
16875
17861
18718
19230
16276
17962
17760
19749
19507
16844
17814
18207
15844
18341
15376
17971
19763
18071
19696
17207
19563
16231
14621
17480
18263
18602
16637
19880
18706
18957
18799
18278
16503
17221
17696
19188
15706
18399
18767
18212
16509
16527
17681
11381
17027
17525
18703
15101
18821
16226
18644
17669
14782
17356
18017
17355
19853
18372
19293
19116
17843
19183
17246
19407
19058
18012
20144
19770
17832
15683
12212
15963
18281
18501
16111
19625
19406
18907
16614
18100
14616
16613
17966
19063
18884
18623
19239
17945
18231
17961
16096
18198
19701
18367
18030
18402
16416
19787
11506
18168
19475
15579
17490
18350
18399
17927
14308
17399
18895
17641
16561
19476
16793
15290
18872
19629
18701
18193
19149
19078
17706
16780
17972
18372
16481
19590
18940
15350
18721
18685
16618
19119
19164
18128
13785
19001
9605
19250
18245
18500
17413
18142
19369
18813
18338
16409
18352
19462
16429
17272
19039
16089
16354
18884
19027
18165
19342
18729
17122
17449
17923
17427
19764
19445
18956
18833
15861
18804
19471
19643
18937
19751
15951
18513
16785
19381
19534
17699
19390
19424
12711
18982
15369
18775
18191
16322
16297
17485
12133
18067
16385
19133
18892
17674
18775
16578
19257
19470
19948
17135
18617
18363
15911
16052
16217
14815
18039
17914
18011
18244
16296
18455
17026
18328
18804
17402
19880
12956
18269
14167
19899
18073
19888
18854
19620
18218
18594
16190
19993
17448
19210
16324
19026
18704
17146
19648
16342
19274
19087
18734
19242
17732
16485
18794
18282
17317
19401
19214
19525
14632
19515
14795
17141
13268
17693
17878
18534
16623
19513
19004
17538
16680
15085
17143
19419
17603
18986
16655
18031
16321
19014
18565
19223
15223
17800
16400
18196
14947
19398
13792
18714
18635
13467
14643
13514
18478
18246
18406
17849
17642
18950
17271
13710
18370
15968
18912
20095
17791
17875
16900
19346
16802
18779
17556
19020
19187
17109
18585
19454
17321
18727
14450
18062
18527
18195
19101
18435
17050
18748
13833
19546
19043
16222
18187
18969
18742
11944
18643
15867
16492
17120
18459
19504
16470
19417
18548
17351
19415
18703
19646
19766
16555
17066
18731
19637
13408
17072
17957
17636
16891
18196
16296
19295
16197
18242
16431
19132
17080
17743
17980
18208
18744
19137
19112
17294
17868
11615
18995
18285
19570
11116
18132
17993
19388
18495
19560
17277
19657
16172
17593
16813
19752
19157
19451
19052
16978
16695
17748
14049
16536
18640
18895
15177
13638
15694
15485
18907
18842
18171
19493
16299
16406
16632
16574
16903
10645
17280
14838
19385
19221
13757
18794
17186
14244
18344
15435
18315
15975
15303
16247
16098
17271
19203
19864
19106
18054
16973
17134
18212
19076
18797
19362
18342
16959
18822
18619
17768
19012
18600
17801
18378
19492
18359
19658
15406
18265
18362
19496
17741
18837
19313
16678
18382
19236
19431
16349
16893
17332
11828
17854
18378
14245
19836
15749
18336
15039
18539
18281
14633
15938
13508
16041
19481
18236
18048
17961
18500
15397
17743
18636
17437
18720
19681
19486
19378
18149
17481
17513
17629
19384
15309
15354
18769
16735
18004
18190
16502
17769
18920
15799
19515
19297
18038
19136
13876
19056
18639
16790
16293
17493
16028
16345
18608
19730
18618
15887
18497
19077
15273
17353
18190
19729
18575
18642
19296
19293
17248
17273
19757
17790
14509
17601
19179
16241
19321
13038
18473
17439
19015
17861
18864
19323
16573
16280
16450
16036
16223
15986
18212
17436
18078
16494
16019
19631
19777
19021
15105
18889
17247
16556
19339
18190
16876
17980
17359
17942
18429
19057
18335
19300
16256
17939
19182
17906
19421
16186
18694
19587
19547
15915
17976
16756
12867
18966
18362
10924
18293
18788
18382
19056
19057
16698
17293
18761
18616
18213
15982
17800
17510
17181
18594
17246
18491
17192
18692
15042
18573
17715
19696
18938
19235
19593
12960
17064
11762
15280
19587
15602
17367
17954
18059
11609
16502
16608
15578
19405
18022
17446
11823
15834
16134
19250
11164
18317
17443
17905
18888
16784
17905
15734
18113
16683
17631
19493
19207
18108
18280
19776
18580
19113
14348
17238
19555
18589
17662
18434
16152
15549
18154
19269
17476
19526
18668
19254
19596
14993
18176
17473
19936
16114
18256
19181
14661
17198
17320
18215
19610
18439
16129
18509
18620
17827
16719
17097
17404
18085
17467
18108
18229
17636
16772
19552
16084
18551
17725
14732
15980
19204
17481
17694
16418
13279
18444
17931
18471
16470
15184
17798
17865
16016
17608
13951
14140
18372
16508
18484
17229
16202
18626
16677
18265
18233
18496
16600
17674
17192
18036
15783
18067
18130
13401
13534
17004
17824
16471
17081
18647
18594
16709
18351
18029
18338
14789
18724
14266
18053
19159
16570
16473
20023
10944
19484
14608
15833
17549
18518
18543
19421
19340
17102
12596
15979
17003
16023
18953
18727
17744
18546
17927
15321
19001
15498
19814
17990
16315
18806
15471
17365
18991
19677
