22988
22902
22780
22925
22912
23005
22938
22574
22925
22895
22956
23014
22957
22837
22968
22867
22926
22969
22868
22784
22883
22825
22775
22968
22969
22870
22810
22790
22781
22929
22915
22928
23005
22877
22817
22956
22827
22872
22947
22682
22761
22828
22991
22829
22977
22857
22824
22912
22890
22821
22912
23010
22738
22766
22914
22810
22858
22819
22962
22828
23006
22853
22911
23014
23010
22824
22965
22775
22890
22924
23035
22836
22923
22907
22947
22931
22719
22861
22900
22893
23000
22677
22835
22831
22815
22969
22722
22914
22842
22898
22959
22976
22941
22868
22857
22788
22903
22567
23049
23037
23006
22923
22768
22973
22569
22990
22906
22950
22896
22891
22855
23012
22958
22879
22943
23007
22896
22968
22991
22926
22814
22775
22867
22916
22849
22873
22741
22929
22727
22934
22887
22922
22810
22977
22866
22938
22800
22979
22978
22801
22903
22811
22524
22818
22773
22866
22744
22911
22986
23020
22889
22990
22593
22843
22911
22836
22916
22971
22957
22885
23003
22837
22856
22926
22939
22911
22922
22856
22964
22891
22877
22870
22840
22749
22858
22884
22942
22756
22867
22973
22903
22958
22792
22903
22928
22700
22892
22821
22882
22876
22771
22964
22972
22725
22899
22971
23054
23009
22741
22905
23001
23056
22744
22884
22816
22619
22961
22693
22931
22919
22872
22913
22854
22931
22973
22877
22907
22894
22826
22908
22833
22862
22831
22887
22814
22710
22948
22778
22863
22808
22890
22959
22948
22758
22965
22944
22820
22849
22851
22846
22925
22910
22897
22873
22921
22951
22918
22898
22821
22783
22928
22953
22621
22921
22658
22865
22979
22714
22765
22920
23010
22727
22902
22784
22986
22782
22823
23052
22753
22884
22534
22928
23025
22871
22948
22878
22767
22884
22841
22850
22877
22882
22991
22821
22852
22872
22905
22874
22924
22964
22969
22920
22824
22956
22948
22905
22844
22754
22741
22958
22798
22840
22803
22768
22939
22866
22841
22724
22877
22835
22987
22967
23000
22906
22992
22783
22954
22820
23067
22961
22761
22937
22926
22728
22878
22768
22906
22718
22830
22929
22943
22970
22891
22910
22790
22755
22883
22963
22461
22979
22952
22862
23099
22946
22900
22874
22877
23053
22946
22813
22740
23000
22932
22866
22872
22879
23023
23003
22843
22978
22877
23026
22970
22783
23013
22915
22893
22938
22983
22901
22917
22897
22778
22892
22810
23031
22823
22951
22846
22837
22963
22937
22926
22809
22902
22987
22995
22964
22913
22939
22774
22827
22842
22910
22847
22932
22938
22906
22841
22901
23076
22817
22810
22787
22955
22861
22854
22814
22887
22937
23010
22908
22901
22926
22948
23088
22987
22917
22816
22839
23008
22931
22874
22790
22879
22949
22759
22770
23013
22931
22893
22872
22974
22881
22936
22744
22960
22998
22954
22834
22889
22855
22868
22832
22831
22958
22672
22974
22738
22818
22942
23019
22968
22980
22867
22899
22866
22857
23029
22781
22834
22670
22881
22962
22761
22746
22941
22967
22786
22974
22961
22756
22850
22833
22892
22929
22901
22909
22860
22758
22958
22914
22941
22765
22882
22801
22950
22849
23006
22797
22858
22867
22812
22991
22958
22943
22971
22786
22849
23004
22857
22807
23063
23045
22903
22884
22782
22958
22920
22719
23009
22730
22923
22794
22926
22929
22637
23089
22968
22738
22844
22787
22965
22823
22805
23033
22919
22769
22875
22892
22914
22766
22702
22869
22920
22884
22948
22862
22876
22749
22898
22971
22979
22851
22920
23023
22814
22843
22790
22979
22920
22832
22821
22964
22923
22860
22758
22897
22831
22880
22823
22984
22758
22887
22982
22695
22930
23066
22762
22839
22712
22963
22681
22955
22833
22922
23010
22825
22803
23041
23031
22976
22977
22798
22868
22995
22886
22911
22882
22967
22916
22930
22810
22803
22765
22895
22822
22946
22844
22903
22827
22835
22909
22956
23023
22927
22736
23009
22947
22941
22962
22753
22763
22993
22885
22726
22982
22865
22645
22716
22864
22935
22866
22959
22939
22633
22952
22920
22783
22957
22943
23032
22835
22747
22958
22789
22869
22874
22865
23006
22864
22691
22869
22888
22799
22557
22957
23040
22738
23026
22963
22942
22934
22963
22727
22955
22872
22944
22737
22713
22796
22871
22857
22982
22734
22872
22772
22949
22608
22913
22902
22997
22970
22914
22879
22732
22652
22905
22839
22886
22949
22897
22988
22971
22806
22980
23068
22782
22836
22993
22916
22812
22981
22978
23041
22956
22774
22914
22830
22926
22781
23044
22899
22835
22935
22915
22882
22707
22796
22909
22922
22893
23013
22961
23021
22486
23038
22822
22894
22871
22796
22911
22656
22699
23045
22535
22912
22983
23046
22930
23025
22812
22655
22797
22835
22794
22948
23022
22754
22796
22725
22991
22996
22887
22796
22858
22793
22981
22896
22893
22870
22990
22953
22964
22890
22881
22703
22944
22931
23020
23034
22907
22896
22843
23069
22910
22861
23057
22769
23000
22912
22898
22933
22685
23009
22807
22817
22866
22956
22804
22947
22774
22753
22947
22980
22953
22894
22988
22723
22882
22725
22867
22980
22854
23025
22915
22930
22837
22903
22964
22847
22878
22897
22910
23035
22930
22807
23001
22759
22917
22749
23028
23012
22958
22798
22901
22836
22933
22869
23053
22645
22772
23042
22936
22914
22642
22779
22974
22894
22932
22863
22878
22924
22951
22898
22818
22827
22638
22832
22853
23122
22848
22888
22774
22952
22951
22949
22785
22932
22840
22838
22925
22939
22919
22932
22784
22804
22899
23034
22992
22951
22908
22781
22885
22750
22799
22892
23037
22965
22753
22941
22882
22895
22968
22896
22820
22966
22720
22816
22812
22860
22995
22823
22875
22807
22904
22894
22995
22907
22814
22928
23001
22773
22615
22847
22764
22882
22823
23018
22882
23033
22891
22957
22818
22760
22968
22809
22803
22896
22924
22775
22805
22961
22902
22902
22914
22791
22770
22930
22936
22874
22928
22942
22845
22866
22963
22947
23008
22848
22796
22959
22797
22836
22715
22826
22952
23012
23021
22804
22787
22901
22877
22686
22807
22929
22849
22840
22855
22841
22828
22992
22947
22872
22916
22774
22821
23002
22876
23017
22988
22872
22930
22900
22928
22919
22944
22898
22966
22925
22860
22840
22692
22827
22881
22506
22889
22981
22945
22868
22825
22968
23010
22958
22914
22860
22833
22770
22906
23065
22931
22967
22853
22786
22949
22924
23005
22737
22768
22851
22816
22871
22877
22908
22956
22711
23070
22959
22863
22980
22979
22932
22995
22896
22520
22876
22857
22947
22980
23091
22808
22953
22956
22668
22861
22800
22849
22985
22864
22875
22917
22901
22833
22854
22954
22887
22833
22920
22847
22817
22999
22662
23044
22960
22902
22920
22891
22929
22824
22905
22978
22866
22919
22938
22964
22904
22940
22887
22962
22884
22939
22749
22979
22802
22920
22829
22827
22903
22812
22895
22820
22872
22900
22767
22925
22927
22835
22903
22823
22991
22777
22743
22888
22984
22983
22999
22984
22971
22876
22921
22927
22941
22973
22832
23077
22989
22830
22816
22936
22784
22971
22998
22811
22994
22829
22679
22899
22847
22892
22837
22813
23019
22790
22948
22832
22844
22903
22754
22788
22873
23014
22910
22945
22836
22986
22937
22911
22954
22922
22887
22966
23007
22792
22940
22803
22667
22931
22955
22832
22952
22869
22636
22971
22892
22909
23034
22858
22875
23043
22695
22878
22948
22761
22785
22842
22979
22914
22688
22977
22952
22841
22905
22862
22946
22706
22861
22899
22981
22945
22961
22740
23060
22833
22847
22958
22867
23027
22995
22762
22984
22795
22871
22727
22993
22936
22853
22834
22814
22931
22931
22860
22740
23005
22990
22957
22761
22908
22962
22744
22903
22876
23054
22773
22825
22939
22906
22833
22837
22771
22913
22970
22986
22836
22962
23033
22932
22776
23018
22898
22952
22881
22774
22815
22783
22945
22935
22595
22796
22979
22829
22971
22839
22916
22825
22889
22850
22936
22969
22657
22853
22904
22903
22872
22877
22903
22904
22825
22848
22956
22810
22997
22874
22964
22653
22832
22872
22918
22837
22892
22842
22738
22771
22858
22858
22852
22955
22837
22998
23007
22845
22676
22858
22788
22886
22843
23002
22709
22936
23023
22768
22884
22964
22747
22964
22948
22974
22894
22953
22796
22923
22981
22936
22899
22853
22910
22777
22955
23062
23024
22876
22958
22730
22791
22816
22894
22828
22913
22936
22836
22811
22842
22981
22599
22991
22953
22679
22701
22969
22959
22898
22898
23018
22778
22835
22989
22858
22824
22910
22988
23017
22965
22955
22922
22951
22883
22927
22871
22716
22856
22878
23060
22921
22796
22893
22726
22887
22966
22877
23033
22983
22956
23062
22908
22667
23004
22808
22897
22903
22730
23035
22823
22595
22782
23030
22914
22917
22918
22968
22857
22853
22891
22763
22945
22814
22959
22893
22862
22737
23038
22866
22803
23002
22831
22937
22787
22821
23001
22687
22968
22724
22799
22800
22903
22987
22936
22969
22888
22752
22916
22867
22743
22836
22813
22874
22752
22928
22935
22774
22880
22662
22936
23006
22938
22764
22787
23028
22872
22663
23021
22855
22862
22939
22774
23060
22814
22986
22966
22883
22887
22906
22852
23063
22818
22900
22959
22856
22879
22674
23037
22740
23040
22961
22870
22819
22996
22981
22896
22914
22910
22902
22973
22820
22756
22887
22934
22885
23050
22791
22884
22797
22739
22906
22910
22851
22733
22972
22804
22810
22869
22860
22810
23014
22849
22917
22979
22655
23017
22931
22925
22977
22920
22805
23037
23027
22971
23006
22825
22934
22923
22848
22907
22733
22995
22863
23048
22676
22730
22821
22945
22838
22898
22873
23018
22696
22894
22763
22865
22991
22965
22769
22879
22892
22769
22659
22875
22814
22776
23001
22974
22839
22893
22873
22906
22851
22887
22935
23065
22806
22699
22966
22818
22799
22939
22931
23006
22780
22853
22977
22961
22796
22883
22749
22788
22848
22987
22791
23060
23009
22980
22977
22822
22907
22855
22955
22953
22924
22817
22804
22939
22939
22939
22991
22831
22794
23032
23071
22813
22876
22929
22839
22800
22885
22773
22633
22817
22955
22908
22942
23035
22902
22944
23060
22799
22656
22813
22977
22890
22722
22914
22983
22725
23001
22701
22750
22842
22866
22792
22770
22918
22919
22938
22901
22917
22924
23000
22933
23012
22826
22745
22990
22961
22978
22846
22913
22899
22659
22922
22744
22960
22919
22812
22918
22999
22972
22874
22978
22897
22903
22914
22820
22852
22853
22916
22896
22848
22960
22924
23041
22956
22889
22975
22971
22869
22934
22738
22838
22841
22992
22863
22990
22909
22943
22659
22656
22762
22867
22845
22911
22926
23071
22966
22872
23002
22741
23050
23002
22828
23036
22764
22892
22797
22871
23003
22596
22717
22788
22952
22749
22906
22698
22814
22842
22882
22934
22832
22789
22856
22761
22911
22691
22919
22880
22914
22935
22942
22925
22844
22639
22885
22906
22845
23011
22965
22860
22850
22580
22811
23020
22964
22868
22682
22853
22924
22884
23001
22989
22982
22843
22697
22849
22779
22821
22955
22983
22879
22827
22950
22744
22737
23002
23041
23015
22927
22764
22956
22749
22861
23049
22947
22907
22846
22895
22964
22909
22808
22709
22929
22992
22941
22842
22912
22843
22955
22891
22842
22984
22885
23022
22883
23048
22949
22838
22871
22881
22828
22875
22785
22967
22667
22844
22821
22868
22847
23000
22773
22865
22669
22864
22874
22977
22756
22706
22910
22871
22977
22963
22913
22835
22799
22632
22851
22974
22933
22977
23015
22913
22999
22774
22965
22766
22878
22866
22925
23019
22833
22848
22939
22840
22888
22951
22956
22865
22894
22891
22890
22991
22989
22877
22807
23002
23011
22626
22950
22806
22925
22784
22817
22932
22923
22874
22902
22769
22924
22889
23014
22956
23056
22937
22788
22906
22945
22992
22859
22940
22993
23013
22936
23108
22964
22767
22890
22893
22726
22872
22948
22720
22827
22963
22890
22783
22822
22795
22907
22845
22686
22902
22827
22702
22981
22804
22830
22950
22813
22944
22799
22841
22707
22885
22956
22778
22896
22853
22843
22807
23007
22927
22692
22969
23040
22902
22900
22941
22980
22875
22745
22931
22907
22588
22958
22992
22972
22813
22892
22841
22823
22934
22765
22736
22841
22918
22905
22990
22786
22856
22886
22842
22733
22802
22874
22762
22899
22885
23041
23013
22740
22769
22872
22951
22923
22785
22879
23035
22760
22496
22917
22761
22893
22884
22914
22808
22966
22946
22762
22913
22862
22810
22935
22867
23015
22875
22667
22717
22988
22873
22852
22918
22823
22710
22917
22862
22775
22910
22683
22945
22865
22921
22778
22994
23001
22799
22989
22962
22983
22859
23020
22850
22892
22995
22975
22857
22894
22951
22931
23009
22661
22704
23039
22894
22997
23008
22961
22824
22885
22891
22686
22784
22996
23007
22709
22878
22864
23054
22911
22935
22974
22831
22913
22820
22735
22906
22968
23025
22481
22895
22924
22866
22961
22721
22948
22913
22950
22856
22946
22970
22911
22966
22972
22961
22687
22955
22688
22947
22978
23044
22897
22881
22722
22862
22753
22995
22780
22814
22693
22921
22882
22918
22891
22813
22909
22904
22661
22959
22967
22957
22877
22842
22967
22954
22917
22784
22790
22946
22980
22828
22935
22863
22878
22995
22774
23003
23008
22673
22729
22969
22899
22813
22855
22920
22732
22891
22876
22736
22881
22857
22956
22741
22844
22937
22807
22846
22901
22985
22958
22845
22787
22965
23024
22970
22952
23016
23001
22869
22886
22907
22858
22817
22775
22867
22789
22890
22823
22900
23075
22984
22774
22907
22998
22898
22955
22864
22956
22881
22718
22860
22940
22891
22726
22973
22845
23038
22968
22823
22962
22957
22978
22914
22822
22659
22833
22645
22785
22866
22889
22784
22716
23017
23021
22672
22744
22909
22996
22946
23049
22941
22771
22983
22977
22860
22984
22746
22878
22855
22820
22976
22763
22960
23052
22914
22954
22863
22873
22867
22873
22909
22877
22901
22947
22881
22939
22981
22762
22928
22753
22517
23000
22859
23035
22978
22670
22881
23034
22756
22814
22976
23074
22676
22883
22809
22870
22936
22828
22734
22794
22980
23003
22883
22943
23007
22847
22836
22912
22883
22961
22792
22877
22733
22904
22868
22892
22799
22893
22888
22909
23000
22936
22818
22972
22929
22793
22886
22919
22748
22950
22829
22906
22891
22929
22630
22962
22821
22766
22969
22903
23000
23006
22972
22941
22859
22837
22854
22830
22895
22749
22940
22999
22896
22953
23019
22704
22962
22958
22731
22862
22869
23016
22864
22915
22896
22886
22975
22857
22913
22828
22929
22980
22779
22772
22882
22971
22866
22837
22902
22840
22934
22770
22923
22696
22892
22856
22915
22906
22882
22953
22744
22998
22869
22899
22892
22821
22964
22892
23053
22905
23026
22879
22990
22903
23004
22852
22770
22968
22921
22825
22793
22740
22955
22934
22984
22983
22773
22702
22822
22840
22849
22975
22873
22923
22763
22923
22874
22733
22924
22892
22822
22655
22755
23006
22904
22934
23018
22819
22858
22896
22878
22825
22764
22778
22883
23012
22788
22803
22835
22837
23030
22898
22997
22852
22874
22927
22929
22916
22965
22910
22868
22962
22841
22822
22913
23003
22958
22699
22730
22861
22964
22621
22976
22755
22946
22868
22852
22738
22879
22769
22925
22960
22788
22966
22975
22793
22873
22898
22969
22810
22929
22754
22847
22719
22829
22933
23019
22870
22801
22893
22950
22928
22963
22954
22999
22924
22881
22900
22991
23005
22919
22714
22810
22879
22922
22880
22926
22937
22900
22902
22879
22921
22843
22917
22867
22879
22776
22902
22918
22875
22894
22952
22939
22886
23014
22911
22823
22736
22922
22781
22893
22559
22795
22832
22858
22689
22969
22918
22984
22885
22960
22813
22812
22917
22736
22967
22769
22890
22846
22892
23012
23035
22845
23039
22951
22897
22698
22922
23020
22836
22932
22790
22980
22968
22941
22855
22889
22853
22707
22777
23027
22926
23011
22776
22777
22916
22921
22870
22833
22737
22979
22781
22838
22720
22824
22754
22876
22971
22856
22643
22689
22918
22891
22951
22834
22897
22815
22759
22702
22864
23030
22700
23002
22933
22846
22940
22977
22839
22925
22818
22885
22954
22966
22964
22985
23014
22840
22862
22858
22999
22788
22819
22795
22814
23031
22789
22875
22981
22848
22815
23021
22982
22757
22899
22874
22972
22931
22860
22973
22693
22998
22952
22938
22811
22799
22914
23039
22908
22897
22929
22939
22867
22886
22977
22818
22802
23020
22807
22817
22936
22839
22778
22947
22922
22975
22979
22771
22898
22952
22808
22532
22913
22906
22987
22914
22871
22849
22872
23001
22881
22749
22825
22986
22777
22980
22918
22867
22784
23002
23017
22704
22899
23049
22928
22766
22836
22835
22726
22837
22853
22807
22878
22967
23041
22766
22999
22936
22924
22729
23021
22995
22919
22860
22705
22796
22816
22996
22844
22788
22654
22832
22844
22890
22746
22828
22941
22935
23025
22925
22948
22941
22878
22907
22898
22814
22892
22774
22720
22778
22908
22860
22945
22858
22777
22670
22964
22911
22893
22829
22980
23014
22824
22899
22999
22848
22955
23012
22745
22879
22723
22878
23016
22942
22910
23045
22802
22764
23057
22946
22921
22956
22887
22835
22898
22955
23001
22858
22952
22761
22757
23003
22790
22859
22823
22928
22706
22649
23009
22912
22897
22954
22924
22862
22792
22993
22881
22748
22870
22733
23003
23055
22988
22870
23005
22921
22965
22935
22919
22932
22927
22838
22993
22963
22887
22973
23005
22951
22863
22872
22929
22738
22955
22837
22949
22688
22932
22819
23027
23031
22791
22818
22843
22880
22902
22781
22923
22809
22791
22973
22856
22910
22916
22970
22859
22997
22995
22955
22938
22604
22865
22751
22863
22863
22824
22917
22889
22871
22943
22769
22901
22756
22772
22891
23032
22780
23036
22896
22884
22993
22939
22753
22885
22927
22773
22736
22872
22907
22635
22846
22926
22937
22946
22829
22944
22887
22635
22803
22882
22936
23059
22905
22922
22947
22912
22813
22950
22939
22934
22798
22776
22769
22904
22879
22981
22759
22847
22844
22948
22819
22991
22836
22993
23046
22940
22996
22894
22858
23021
22946
22828
22801
22934
22878
22992
22817
22921
22791
22834
22812
22914
22953
22736
22995
22925
22913
22781
22937
23023
22932
22827
22847
22845
22901
22940
22756
22895
22755
22957
22852
22814
23058
22789
22726
22910
22832
22987
22785
22901
22783
22863
22827
22795
22958
22828
22947
22833
22883
22877
22973
22886
22608
22661
22773
22945
22693
22747
23057
22784
22990
22817
23093
22711
22895
22607
22810
22978
22901
22879
22964
22757
22763
22865
22964
22739
22854
22930
22919
22887
22939
22964
22894
22831
22838
22910
22855
22967
23041
22922
22947
22906
22904
22940
22871
22858
22965
22850
22746
22787
22989
22944
22913
22861
22837
22939
22747
22997
22927
22860
22940
22858
22888
22948
22928
23048
22580
22842
22741
22857
22926
22871
22940
22809
22970
22834
22975
22909
23020
22926
22848
22949
22960
22781
22859
22901
23015
22960
22915
22839
22966
22757
22961
22885
22873
22740
22947
22967
22888
22736
22964
22853
22999
22938
22858
22907
22892
22801
22877
23031
22829
23001
22852
22900
22969
22896
22943
22823
23061
22888
22731
22810
22908
22902
22999
22630
22854
22752
22963
23003
22925
22728
22953
22916
22845
22980
23039
22715
22830
22948
22781
22825
22780
22930
22732
22795
22816
23010
22889
22964
22840
23038
22929
22962
22857
23037
22829
22933
22943
23023
22780
22951
22971
22920
22920
22796
22798
22783
22802
22999
22926
22940
22937
22959
22837
22877
22935
22876
22915
22878
22893
22833
22659
22841
22777
22921
22909
22671
23012
22813
22761
22911
22937
22771
22866
22880
22989
22958
22967
22752
22953
22839
23028
22862
22777
22933
22927
22807
22881
22985
22781
22970
22890
22917
22884
22927
22978
22858
22679
22833
22774
23038
22874
22943
22761
22782
22936
22973
22965
22910
22946
22822
22859
22969
22973
22897
22994
22922
22877
22997
22779
22822
22871
22619
22887
22935
22930
22952
22937
22873
22862
22821
22819
23003
22896
22831
22924
22910
22909
22791
22757
22709
22867
22757
22845
22919
22986
22933
22922
22990
22735
22907
22945
22735
22941
22951
22925
23039
22739
22838
22959
22857
22730
23029
22974
22990
22689
22915
22966
22994
22799
22803
22956
22818
22653
22951
23001
22837
22942
22815
22942
22920
22940
22771
22896
22606
22829
23050
22912
22968
22835
22934
22903
22934
22893
22726
22834
22836
22789
22953
22803
22919
22837
22788
22878
22902
22776
22979
22903
22905
22800
22875
22933
22822
22948
22889
22888
22890
22999
22986
22972
22835
22838
22671
22994
22841
22841
22744
22893
22888
22899
22931
22983
22796
22925
22997
22798
22825
22979
22862
23013
22989
22992
22926
22927
23015
22969
22905
22907
22925
23010
22600
22853
22925
22756
22928
22818
22862
22891
23060
23031
22979
22953
22806
22872
23060
22982
22816
22896
23020
22913
22950
22938
22954
22801
22893
22878
22763
22937
22702
22713
23025
22862
22921
22876
22938
22923
22844
22890
22814
22856
22934
22938
22908
22825
22638
22824
22933
22923
22843
22801
22979
22839
22946
22965
22782
22754
22859
22995
22797
22783
22883
22978
22827
22931
22740
22875
22703
22940
22886
22971
22897
22717
22926
23002
22826
22932
22817
22723
22926
22883
22932
22780
22924
22962
22957
22894
22888
22815
22815
23006
22867
22716
22989
22879
22895
22908
22942
22895
22933
22831
22815
22890
22872
23016
22938
22866
22970
22836
22953
23006
22792
22856
22860
22941
22765
22867
22857
22819
22923
22817
23024
22940
22965
22944
22834
22718
22852
22962
22955
22986
22935
22930
22829
23081
22914
22805
22860
22862
23040
22943
22775
23009
22953
22939
22843
22901
22931
22903
22861
22859
22903
22758
22785
22962
22986
22845
22933
22852
22785
22841
22965
22914
23002
22989
22880
22915
22990
22911
22942
22895
22818
23087
22986
22972
23016
22976
22854
22881
22917
22916
22871
22856
23036
22906
22760
22837
22750
23015
22838
22766
22721
22754
22836
22886
22870
22919
22967
22906
22944
22644
22863
22871
22660
22836
22917
22759
23038
23020
23021
22828
22914
22899
22839
22974
22901
22916
22968
22704
22856
22922
22875
22897
22672
23037
23007
22919
22969
22760
22658
22709
22914
22757
22946
22809
22833
22920
22833
22908
23008
22910
22810
22746
22964
22942
22762
22840
22951
22920
22939
22840
22867
22791
22939
22845
22790
22916
22954
22828
22881
22773
22874
22751
22981
22886
23031
22947
22834
22801
22915
22762
22856
22936
22786
22940
23033
22949
22858
22765
22839
23006
23009
22850
22891
22935
22844
23026
22999
22839
22764
22921
23034
22947
22705
22787
22926
22871
22796
22959
22850
22800
23027
22948
22759
22685
22907
22948
22921
22792
22714
22887
22790
23032
22869
22956
23060
23010
22933
23031
22889
23023
22648
22909
22903
22860
22890
22756
22959
22805
22944
22907
22759
22901
22848
22820
23048
22876
22830
22866
22866
22893
23042
22894
22900
22857
22964
22876
22914
22918
22926
22955
22816
22848
22961
22723
22841
22833
22859
23032
22852
22855
22873
22763
23028
22851
23005
22928
22910
22695
22881
22994
22990
22868
22908
22973
22928
22701
22845
22934
22978
22725
22932
22595
22850
22879
22879
22880
22830
22848
22869
22919
22886
22882
22995
22850
22790
22891
22860
22809
22940
22872
22941
22926
22940
22892
22873
22901
22799
22721
22726
22897
22814
23027
22983
22902
22935
22591
22921
22618
22922
22848
22908
22746
22994
22729
22966
22820
22625
22937
22899
22803
22899
22912
22975
23010
22893
22879
22958
22734
22791
23040
23029
22832
22861
22966
23001
22732
22794
22921
22930
23026
22957
22940
22954
23015
22902
22877
22819
22832
22919
22932
22835
23005
22932
22977
22863
22780
22981
22858
22920
22974
22997
22909
22921
22944
23036
22939
22885
22787
22874
22955
22888
22456
22954
23000
22967
22835
22908
22888
22946
22887
22914
22860
22888
22988
22923
22764
22900
22922
22783
22935
22769
22870
22748
22790
22820
22643
23046
22668
22790
22876
22744
22834
22729
23035
22808
22975
22986
22866
22688
22783
22792
22932
22845
22915
22889
22966
23004
22973
22968
22730
23002
22912
22758
22946
22798
22903
22770
22802
22939
22895
22886
22915
22671
22848
22950
22821
22822
22991
22896
22867
22774
22914
23084
23027
22922
22859
22798
22951
22943
22822
22956
22960
22976
22967
22976
22566
22806
22839
22853
22891
22732
22860
22747
22907
22731
22996
22900
22798
22766
23021
22881
22943
22967
22849
22811
23029
22922
22996
22997
22880
22995
22864
22884
23012
23019
22907
22627
22883
22893
22976
22851
22829
22816
22786
22739
22783
22868
22643
22685
22986
23017
22978
22976
22997
22913
22959
22908
22800
22939
22966
22889
22743
23004
22854
22945
22932
22828
22917
22814
22964
22875
22931
22924
22959
22881
22966
22883
22753
22800
22941
22734
22801
22851
22916
22852
22641
22945
23004
22981
22980
22947
22838
22919
22924
22739
22896
22884
23083
23000
22881
22870
22965
22718
22783
22953
22913
22826
22770
23041
22860
22770
22874
22790
22855
22973
22728
23048
22968
22940
22964
22904
22871
22908
22894
22864
22883
22956
22866
22623
22896
22928
22984
22856
22893
23044
22768
22912
22912
22956
22921
23048
22908
22888
22700
22844
22852
22918
22976
22645
22923
22845
22873
22823
22846
22935
22971
22876
22971
22850
22819
22863
22896
22903
22935
22896
22845
22885
22852
22891
22948
22891
22958
22840
22996
22852
22978
22946
22868
22467
22833
22684
22889
22865
22812
22797
22819
22982
22781
22781
22979
22820
22863
22847
22912
22986
22924
22969
22838
22787
22898
22860
22957
22738
22968
22910
22716
22839
22880
22931
22725
22921
23002
22924
23037
22915
22967
22968
22991
22802
22958
22892
23037
22785
22920
22965
22887
22850
23013
22861
22836
22895
22833
22976
22775
22921
22986
22436
22879
22752
22860
22835
22816
22969
22890
22963
22749
23028
22796
22898
22906
22810
22858
22964
22730
23045
22924
22860
22954
22812
22897
22840
22891
23005
22873
22836
22895
22857
22844
22814
23015
22891
22825
22871
22787
22874
22746
22902
22881
22950
22919
22815
22883
22843
22934
22813
22890
23050
22915
22693
22885
22994
22832
22914
22986
22935
22847
22740
22706
22791
22757
22923
22867
22664
22817
22902
22863
23039
22845
22868
22923
22799
22970
22923
23054
22910
22960
22955
22884
22861
22837
22918
22911
22844
22977
22861
22831
22911
22788
22989
22901
23014
22779
23021
23012
22660
22886
22961
22787
22860
22900
22734
22955
22924
22814
22865
22825
22786
22796
22667
22824
22794
22891
23026
23011
22695
22654
22817
22872
22894
22962
22970
22790
22883
22914
22977
22831
22856
22907
22841
22719
22851
22975
22802
22754
22839
22908
22857
22806
23023
22924
23010
22758
23051
22801
22851
22915
22663
23003
22878
22931
22994
22828
22795
22711
23009
22948
22815
22858
22936
22713
22938
22654
22828
22852
22813
23006
22945
22885
22843
22878
22853
23004
22779
22809
22961
22793
22843
22793
22952
22906
22837
22924
22831
22913
22978
22857
22867
23023
22920
22876
23005
22883
22955
23031
23035
22827
22937
23041
22884
23002
23033
22905
22766
22907
22998
23019
22981
22835
22909
22843
22888
22764
22939
22875
22681
22956
22925
22764
22930
22960
22937
22901
22749
22768
22835
22923
22986
22830
22899
23027
22873
22894
22868
22969
22981
22822
22801
22870
22974
23020
22882
22864
22872
22935
22777
22800
22943
22989
22927
22889
22771
22896
22966
22865
22806
22880
22852
23036
22799
23010
23006
22651
22977
22976
22926
22978
22905
22949
22953
23010
22914
22915
22876
22873
22757
22850
22950
22806
22832
22862
22912
22977
22896
22899
23040
23015
22853
23052
22891
22918
22769
22858
22819
22684
22817
22859
22953
22906
23010
22983
22670
22801
22600
22961
22680
22732
22802
22883
22979
22891
22927
22906
22848
22923
22895
22911
23010
22910
22922
22757
22943
22773
22986
22808
22689
22931
23045
22820
22785
22927
22983
22850
22858
22910
22924
22948
22932
22874
22845
22880
22883
22852
22983
23042
22628
22996
22966
22739
22900
22701
22690
22818
22840
22920
23047
23034
22988
22897
23049
22808
22999
22932
22913
22863
22913
22808
22872
22792
22811
22735
22729
23000
22786
22751
22815
23000
23029
23003
22908
22896
22814
22954
22881
22848
23027
22876
22869
22799
22956
23060
22907
22898
22828
22926
22843
22801
22844
22772
22932
22884
22817
22984
22765
22951
22670
22731
22940
23005
22754
22926
22815
22950
22873
22905
22928
23001
23022
22722
22893
23033
22633
22821
23035
22865
22898
22762
22879
22726
22891
22898
22935
22769
22917
22965
22902
22901
22862
22787
22673
22964
23012
22802
22931
22904
22686
22918
22905
22881
22816
22754
22852
22887
22757
22875
22868
22693
22804
22986
22916
22969
22827
22931
22950
22920
22859
23007
23054
22923
22939
22868
23028
22816
22779
22903
22727
22863
22910
22621
22667
22807
22981
22796
22671
22919
22936
22983
23048
22747
22921
22842
22816
22855
23007
22854
22870
22999
22927
22869
22819
23005
22871
22931
22923
22895
22966
22906
22888
22939
22926
23009
22976
22716
22940
22788
22897
22893
22933
22830
22904
22791
22825
22879
22946
22813
22934
22986
22996
22793
22910
22915
22796
22798
22882
22715
22972
22846
22840
22909
22897
22944
22943
22945
22961
22781
22893
22909
22825
22806
22954
22904
22895
22911
22835
22812
22888
22987
22950
23001
22908
22607
22838
23015
22815
22903
22910
22921
22870
22891
22764
22880
22986
22670
23035
23007
22857
22892
22987
23012
22727
22850
22769
22954
22785
22843
22935
23031
23009
22921
22688
22914
22855
22928
22986
22914
22947
22793
22748
22900
22955
22876
22968
22807
22880
22890
22792
22844
22951
22886
22915
22867
22852
22720
22720
22959
22959
22953
22933
22916
22957
22907
22811
22900
22811
22695
22904
22843
22851
22952
22941
22987
22957
22711
22897
22952
22879
22970
22948
22950
23066
22939
22825
23040
22816
22918
22816
22897
22692
22836
23010
22857
23016
22864
22843
22728
22903
22792
22785
23035
22590
22904
22958
22802
22932
22930
23003
22827
22736
22918
22903
22940
22789
22861
22973
22880
22880
22806
22904
22851
22803
22769
22739
22821
22966
22991
22914
22848
22862
22790
22902
22814
22767
22770
22917
23072
22861
22864
22798
22971
22636
22816
22818
22883
22670
22701
22855
22854
22877
22979
22884
22979
22865
22914
22864
22951
23004
22751
23045
22869
22938
22509
22767
22824
22944
22679
22922
22869
22954
22952
22883
22916
22899
23013
22746
22965
22807
22798
23028
23056
23028
23076
22911
22837
22797
22964
22809
22734
23003
22864
22758
22915
22878
22916
22977
22733
22752
22734
23007
22767
22963
22943
22981
22918
22936
22924
22921
22823
23003
22907
22896
22903
22850
22898
22864
22969
22816
22886
22751
22752
22918
22960
22810
22786
22833
22823
22924
22890
22949
22899
22934
23014
22977
23044
22862
22890
22772
22931
22828
22827
22725
22909
22889
23060
22862
22762
22947
22943
22913
22858
23001
22879
22769
22999
22894
22990
22955
22778
22808
22808
23049
22983
22937
22826
22772
22928
22788
22896
22837
22871
22948
22977
22866
22985
22922
22799
23001
22932
22921
22907
22741
22953
22895
22793
22790
22963
22905
22941
22879
22568
22884
22942
22952
22858
22892
22939
22842
22942
22952
22919
22715
22835
22936
23059
22670
22673
22871
22695
22765
22856
22952
22777
22819
22928
22996
22735
22902
22515
22780
22956
22962
22898
22913
23025
22836
22938
22847
22962
22770
22843
22852
22770
22909
22964
22661
22959
22803
22949
22895
22904
22891
22897
22984
22930
22962
22696
22691
22908
22723
22802
22943
22858
22738
22928
22978
23000
23041
22934
22927
22775
22820
22835
22907
22779
23023
22930
22902
22831
22787
23009
22574
22856
22815
22895
22935
22886
22832
22990
22918
22974
22886
22659
22872
22943
22935
22878
22804
22813
22882
23006
22920
22997
23004
22814
22922
22829
22997
23058
22919
22925
22933
22929
22480
22931
22892
22973
22915
22805
22862
22842
22916
22885
22886
22949
23027
22762
22829
22929
22962
22781
22799
22823
22826
22841
22776
23037
22975
22881
22924
22930
22995
22827
22927
22993
22880
22717
22735
22822
22805
22870
22846
22801
22807
22856
22891
22953
22827
22855
22819
22949
22839
22945
22875
22698
22762
22908
22921
22803
23019
22810
22914
22834
22631
23055
22932
22825
22920
22731
22903
22916
23027
22866
22911
22838
22952
22842
22960
22876
22942
22938
22845
22777
22815
22877
22944
22714
22892
22850
22917
23030
22866
22781
22853
22925
22956
22857
22895
22827
23083
22858
22984
22892
22953
22913
22931
22949
22875
22767
22850
22983
22858
22857
22699
22920
22859
22580
22864
22986
22993
22947
22987
22969
22715
22871
22891
22961
22883
22778
22811
22782
22806
22749
22744
22868
22932
22999
22920
22763
22888
22731
22948
22936
22847
22815
22869
22864
22883
22824
22668
22893
23059
22993
22891
22847
22775
22959
22838
22814
22834
22881
22980
23043
22526
23035
22928
22965
22880
22893
22912
22971
23008
22787
22919
22743
22947
22711
22813
22832
22848
22998
22942
22896
22961
22715
22960
22907
22944
22982
22801
22980
22883
22619
22691
22921
22807
22866
22885
22839
22805
22963
22897
22758
22957
22809
22826
22840
22819
23022
22871
22829
22842
22746
22922
22904
22764
22990
22815
23039
22916
22889
22970
23016
22753
22752
22953
22859
22934
22860
23014
22955
22891
22868
22868
22902
22887
22767
22874
22959
22989
22662
23050
23059
22715
22904
22908
22936
22934
22909
22968
22865
22857
22954
22938
22987
22709
22884
22929
22942
22573
22838
22801
22889
22861
22980
22839
22861
22854
22945
22982
22939
22994
23011
22962
22802
23043
22888
22960
22927
22945
23047
22884
22878
22923
22663
22769
22848
22941
22888
22980
22612
22966
22759
22917
22911
22988
22779
22877
22962
22789
22804
22914
22821
22929
22852
22954
22860
22884
22972
22954
23018
22993
22926
22717
22995
22974
22831
22890
22730
22973
22896
22663
22999
22832
22808
22702
23007
22791
22928
22944
22721
22871
22931
22955
22867
22872
22857
22810
22772
22895
22960
22774
22702
22883
22858
22820
22918
22875
22768
22923
22990
22978
22983
22735
22964
23010
22735
23066
22863
22802
22866
22725
22758
22880
22763
22855
22903
22982
22816
22945
22885
22890
22809
22943
22970
22953
23041
22910
22722
22974
22701
22849
22809
22900
22788
22949
22837
22952
22864
22897
22943
22971
22935
22909
22930
22585
22877
22913
22818
22793
22816
22871
22934
22863
22690
22883
22946
22923
22813
22938
23004
22879
22849
22841
22868
22939
22867
22887
22865
22797
22942
22962
22769
23012
22483
22709
22915
22975
23046
23026
22957
23034
22899
22994
22997
22888
22786
22800
22955
23040
23053
22960
22936
22920
22771
22940
22918
22697
22988
22982
23020
22919
22755
22947
22938
22644
22889
22870
22914
22908
22889
22926
22960
22949
22890
22920
22911
22949
22954
23018
22760
22723
22959
22799
22907
22802
22746
22723
22924
23047
22973
22985
22993
22985
22952
22736
22931
22751
22837
22914
22740
22721
23027
22947
22977
22770
22941
22903
22995
22835
22853
22864
23066
22969
22725
22873
22779
22839
22748
22866
22816
22713
22915
22933
22846
22987
22842
22861
22985
22972
22893
22814
23032
22993
22865
22989
22849
22936
22819
22820
22785
22934
22841
22904
22781
22780
23008
22879
22899
22903
22700
22866
22949
22880
22861
22817
22891
22942
22871
22906
22952
22800
22933
22927
22916
22779
22837
22890
22918
22528
22818
22944
22929
22929
22914
22682
23029
22980
23016
22906
22877
22898
22810
23015
22808
22901
22925
22749
22817
22901
22800
22966
22836
22959
22910
22840
22942
22852
22912
22935
22915
22904
22865
22954
23029
22807
23024
22908
22730
22812
22955
22964
23011
23045
22993
22875
22828
22954
22862
22634
22937
22988
22896
22890
22703
22843
22974
22635
22926
22812
22738
22974
22929
22967
23017
22774
22899
22923
22790
22829
22936
22811
22905
22976
22967
22844
23031
22800
22926
22896
22884
23040
22929
22721
22806
22918
22893
22835
22692
22850
22713
22795
22988
23007
22749
22877
22924
22991
22959
22819
22875
22892
22905
22659
22915
22903
22747
22922
22904
22800
22922
22933
22845
22845
22869
22793
22862
22996
22944
22790
22914
22749
22827
22761
22931
23021
22934
22857
22909
22866
22792
22957
22832
22912
22847
22886
22893
22687
22787
22850
22933
22938
22775
22934
22978
22922
22865
22963
22994
22830
22859
22825
22881
22876
22863
23000
22883
22882
22848
22740
22792
22851
22716
22842
22990
22885
22959
22916
22978
23092
22906
22859
22914
22878
22891
22960
22982
22779
22989
22889
22969
22840
23006
23018
22839
22949
23076
23007
22828
22964
22948
23005
22720
22913
22866
22908
22626
22922
22821
22896
22610
22813
22907
22725
22814
23061
22723
22891
22945
22766
23033
22861
22855
22895
22886
22882
22649
22927
22880
22972
23018
22955
22631
22816
22979
22786
23007
22937
22971
22875
23023
22895
23011
22940
22733
22834
22915
23084
22934
22796
22815
22830
22895
23025
22779
22908
22767
22854
22956
22800
22885
22852
22750
22865
22842
22899
22895
22942
22859
22895
23015
22666
22995
22973
23022
22879
22994
22759
22794
22933
22827
22884
22933
22882
22912
22989
22913
22811
22901
22807
22887
22926
22851
22827
22847
22945
22920
23041
22800
22852
22852
22925
22846
22706
22868
22896
22892
22895
22918
22910
22971
22782
23030
22628
22949
22898
22870
23003
22753
22952
22927
22706
22855
22778
22906
22882
22961
22943
22936
22996
22755
22909
22748
22749
22712
22826
23002
22774
22923
22878
22971
22954
23034
22984
23027
23017
22957
22729
22981
22939
22785
22758
22772
22883
22891
22850
22856
22922
22884
22867
22793
22908
22838
22779
22813
22960
22834
22899
22961
22952
22889
23018
22921
22603
22807
23049
22813
22929
23033
22882
22883
22942
22930
22877
22918
22994
22945
22913
22769
22890
22854
22912
22811
22683
23024
22814
22977
22975
22866
22789
22729
23001
22858
22820
22937
22816
22876
22950
22900
22756
22951
22877
22899
22845
22877
22809
22695
22685
22928
22891
22790
22796
22802
22944
22919
22920
22842
22957
22948
22648
22823
22887
22759
22891
22821
22944
23034
22848
23001
22822
22779
23015
22816
22923
22889
22930
23029
22799
23054
22971
22727
22893
22893
22806
22919
22923
23023
22916
22968
22867
22731
22877
22896
23027
22958
22910
23011
22833
22835
22871
22785
23005
22812
22888
22841
22862
22916
22913
22943
22775
22752
22895
22877
22961
23036
22792
22858
22857
22884
22947
22711
22947
22849
22916
22715
22978
22886
23029
22763
23003
22941
22672
22905
22830
22983
22916
22861
22863
22997
22922
22893
22762
23017
22796
22731
22960
22900
22953
22855
22776
23017
22917
22815
22977
22935
22895
22759
23005
22922
22781
22905
22839
22935
22923
22999
22927
22823
22944
22990
22781
22852
22942
22879
22805
22833
22837
22857
22994
22908
22812
23000
22890
22847
22775
22844
22984
22925
23009
22888
22795
22870
22866
23006
22854
22935
22939
22963
22747
22904
22946
22930
22810
22934
22861
23006
22877
22901
23019
22880
22834
22943
22897
22884
22683
22700
23015
22922
22773
22796
22985
22984
22875
22991
22926
22808
22991
22933
22802
22831
22944
22807
22822
22927
22948
22855
22831
22984
22921
22984
22867
22888
22786
22971
22706
22855
22780
22938
22837
22647
22840
22885
23006
22970
22841
22885
22821
22899
22875
22934
22914
22906
22850
22996
22747
22988
22870
22915
23007
22820
22722
22984
22993
22814
22875
22908
22838
22900
22865
22876
22864
22969
22744
22856
23041
22916
22876
22616
22884
22925
22904
22892
22941
23001
23014
22868
22909
22911
22775
22840
22941
22794
22904
22940
22719
22867
22648
22678
22955
22881
22978
22898
22769
23012
22957
22990
22891
22976
22883
22927
22904
22820
22938
22668
22956
22978
22716
22781
22934
22860
22854
22916
22736
22978
22958
22967
22830
22968
22778
22749
22824
22979
22916
22983
22862
22894
22941
22943
22990
23053
22838
22906
22781
22995
23000
22931
22800
22855
22925
22618
22883
22882
22899
22988
22685
22986
22775
22998
22892
22888
22831
22956
22975
22759
22869
22950
22889
22977
22754
22705
22724
22754
23035
22797
22817
22933
22802
22971
22718
22786
22940
22738
22883
22836
23015
22948
23023
22833
22990
22902
22968
22846
22820
22967
22991
22906
22867
22791
22889
22847
22885
22884
23019
23088
22877
22967
22875
22983
22977
22930
22949
22883
22862
22963
22947
22690
22846
22881
22724
22904
22750
22882
22972
22788
23034
22818
22807
22905
22981
22781
22824
22853
22910
22938
22795
22786
22802
22918
22908
23014
22908
22707
22902
22850
22873
22860
22839
22877
22905
22938
22991
22805
22853
22934
22843
22901
22707
22834
22862
22887
22781
22959
22894
22863
22904
22934
22913
22935
23029
22951
22883
22731
23095
22933
22859
22850
22866
22968
22902
22644
22944
22893
22768
22960
22911
22821
22718
22796
22850
22865
22966
22960
22961
22950
22949
22809
22774
23000
22995
22777
22916
22842
22753
22989
22892
22984
22959
22941
22871
22796
22842
22967
22850
22757
22948
22915
22873
22843
22893
22867
22952
22898
22967
22862
22893
22914
22946
22954
22934
22934
22816
22850
22769
22773
22940
23009
22991
22999
22934
22900
22726
23030
22979
22996
22863
22903
22921
22633
22660
22848
23038
22990
22858
22704
22978
22694
22814
22904
22904
22812
22994
22818
23046
22984
22871
22877
22890
22995
22949
22881
22829
22915
23065
23006
22770
22862
22935
22953
22689
22856
22951
22861
22861
22907
22735
22894
22947
22927
22981
22943
22909
22702
22989
22862
22972
22840
22658
22966
22951
22876
22767
22855
22823
22827
22942
22964
22757
22898
22791
22772
23024
22925
22939
22732
23027
22914
22824
22750
22787
22991
22844
22793
22875
22878
22929
22864
22919
22744
22711
22980
22462
22910
22975
22946
22812
22910
22933
22930
23013
22986
22525
22860
22972
22933
22927
22935
22954
22814
23072
22909
22651
22999
22942
22833
23002
22721
22684
22930
22944
23004
23034
22701
22860
22688
22917
22737
22888
22920
22970
22927
22918
22810
22930
22840
22890
22863
22931
22849
22882
22900
23023
22852
22880
22959
22821
22983
22752
22824
22910
22662
22927
22880
22709
22853
22500
22862
22943
22852
23011
22911
22995
22859
22974
22840
22887
22891
22908
22831
22942
22753
22959
23024
23058
22818
22859
22964
22919
22979
22721
22892
22836
22882
22812
22997
22904
22889
22681
22929
22783
22767
22829
22861
22933
22845
22864
22914
22931
22844
22976
22811
23020
22854
22870
22595
22981
23018
22915
23002
22918
22840
22801
22900
22764
22979
22816
22909
22916
22936
22848
23007
22992
22949
22894
22991
22815
22923
22995
22927
22942
22948
22868
22735
22850
22999
23005
22910
22910
22940
22997
22810
22944
22775
22843
22951
22983
22805
22954
22927
22708
22906
22995
22973
22973
22974
22821
22782
22989
22904
22914
22894
22861
22862
22508
22888
23003
22996
22805
22948
22959
22979
22899
22862
22837
22938
23045
22937
22853
22972
22865
22915
22810
22976
22638
22829
22848
22952
22937
22907
22936
23005
23011
22871
22798
22864
22941
22981
22907
22929
22818
22989
23085
22812
22946
22924
22926
22823
22924
22987
22746
22706
22944
22773
22742
22820
22973
22942
22870
22754
22864
22630
22653
22942
22912
23023
23023
22978
22905
22774
22786
22985
22767
22823
22709
22940
22901
22891
22819
22867
22993
23007
22817
22876
22902
22964
22950
22953
22777
23080
22792
22891
23020
22920
22900
23017
22885
22808
22924
22936
22965
22783
22868
22791
22929
22730
22999
23041
22840
22777
22807
22901
22958
22693
22878
22800
22748
22897
22924
23032
22771
22796
22982
22930
22896
22958
23040
22853
22906
22639
22932
22917
22748
22733
22706
22795
23039
22895
23001
22872
22907
22862
22993
22973
22871
22916
22554
22876
22707
22969
22777
22524
22866
22812
22931
23009
22890
22839
22831
22882
22962
22947
22896
22641
22763
22916
22905
22877
22970
22806
22933
23046
22791
22827
23043
22887
22735
22881
22902
22928
22978
22900
22624
22926
22903
22929
22727
22981
22907
23022
23005
23011
23042
22996
22893
22761
22894
23022
23023
22931
22914
22900
22861
22880
22962
22717
23035
22994
22790
22984
22960
22894
22801
22910
23012
22874
22900
22851
22853
22436
22815
22946
22896
22733
22875
22929
22848
22894
22665
22971
22959
22943
23042
23008
22808
22889
23033
22939
22992
22960
22938
22784
22782
22788
22951
22827
22994
22844
22805
22983
22920
22975
22584
22888
22789
22966
22760
22952
22999
22877
22799
22811
22823
22933
22880
22910
22941
22909
23042
22789
22901
22853
22908
22859
22784
22962
22904
22804
22974
22972
22881
22771
22969
23022
22910
22897
22870
22837
22932
22787
22841
22860
22894
22881
22753
23026
22837
22996
22903
22802
22816
22934
23011
22973
22936
22837
22772
22745
22989
22966
22812
22811
22894
22915
22912
22926
22941
22987
22784
22955
22819
23044
22779
23075
22906
22811
23016
22953
22865
22868
22959
22668
22911
22803
22878
22923
23045
22968
22924
22712
22864
22915
22976
22727
22871
22881
22821
22818
22985
23011
22864
22929
22947
23031
22835
22668
22925
22794
23005
22882
22844
22812
22979
22816
22948
22920
22823
22908
22780
22846
22945
22823
22637
22932
22889
22824
22907
22740
22751
22908
22934
22810
22931
22773
22997
22728
22963
22864
22851
22998
22730
22672
22825
22831
22906
22853
22750
22969
23043
23001
22857
22939
22943
22932
22800
22904
22951
22931
22866
22841
22743
22849
22881
22461
22661
22957
22933
22695
22853
22778
23003
22941
22957
22989
22809
22783
22996
22915
22793
23031
22842
22975
23022
22946
22922
22817
22889
22916
22895
22997
22851
23014
22907
22821
22968
22848
22932
22936
22818
22743
22823
22955
22879
23049
22853
23023
22925
22846
22997
23022
22877
22751
22822
22956
22664
22932
22858
22989
22926
22783
22935
22749
22906
22851
22759
22973
22885
22961
22894
23011
22884
22895
22917
22893
22866
22701
22978
22897
22915
22843
22963
23009
22723
22968
22820
22875
22884
22897
23076
22996
22950
23018
22862
22829
22904
22891
23002
22839
22839
22819
22915
22847
22921
22793
22695
22784
22837
22938
22878
22825
22986
22854
23032
22680
22740
22869
22937
22896
22936
22828
22873
22886
22825
22737
22961
22820
22908
22833
22966
22876
22825
22843
22802
22946
22819
22975
22835
23004
22794
22776
22934
23023
22969
22877
23039
22773
22917
22887
22993
22860
22880
22761
22846
23018
22784
22987
22932
23013
22713
22736
23033
22898
22963
22998
22976
22603
22748
23035
22854
22952
22759
23002
22616
22829
22957
22742
22972
22883
22959
23046
22931
22782
22910
22869
22855
22699
22887
22855
22795
22877
22907
22795
22822
22793
23016
22643
22987
22892
22909
22750
22773
22835
22788
22895
22930
22813
22760
22782
22976
22968
22848
22933
22901
22963
22753
22773
22872
22853
22760
23051
22873
22960
22885
22922
22800
22987
22872
22897
22999
22961
22848
22949
22920
22953
22942
22777
22860
22872
22954
22974
23021
22781
22951
22976
22804
22974
22835
22733
22895
23012
22977
22974
22886
22957
22987
22708
22778
22796
22785
22969
23004
22881
22826
23024
22896
22834
22760
22963
22798
22886
22904
22959
22946
22616
22897
22931
22720
22909
22997
22835
22948
22926
22771
22751
22754
22929
22891
22968
22961
22841
22938
22848
22878
22751
22868
22644
22768
22914
23012
22889
22905
22779
22722
22814
22721
22754
23046
22919
22866
22768
22889
22940
22926
22936
22960
23019
22829
22857
22989
23024
22926
22939
22773
22754
22799
22902
22717
22885
22955
22904
22821
22965
23088
22814
23052
22915
22994
22763
22928
22910
22972
22899
22775
22926
22947
22863
22994
22771
22827
22964
22959
22922
22959
22737
22844
22889
22964
22952
22962
22835
22927
23017
22831
22857
22989
22959
22736
22799
22905
23010
22884
22906
22996
22970
23035
22953
22767
22909
22844
22945
23024
22821
22954
23004
22876
22695
22910
22897
22832
22851
22886
22679
22810
22882
23014
22818
23021
22814
22966
22758
22941
22971
22852
22945
22722
22889
22838
22851
22926
23018
22746
22949
22896
22868
22900
22982
22814
22936
22850
22779
22895
22869
22840
22839
22961
22956
22778
22926
22879
22975
22829
22964
22859
23073
22952
22799
22911
22867
22942
22908
22974
22913
22946
22738
22873
22924
22897
22859
22793
22926
22826
22959
22845
22989
22986
22915
22904
22901
22841
22939
22865
22829
22801
22998
23042
22887
22978
22850
22859
22907
23000
22835
22731
22833
22938
22736
22945
22855
22903
22942
22778
23058
22877
22859
22843
22830
22855
22950
22922
22973
22929
23054
22782
22943
22899
22928
22818
22973
22965
22760
22663
23003
22832
22948
22919
22858
22834
22712
22902
22972
22887
22764
22784
22904
22778
22867
22960
22882
22909
22692
22871
22864
22693
22962
22903
22784
22970
22911
23041
22969
22850
22646
22961
22835
22905
22715
22998
22741
22969
22890
23033
22874
22776
22719
22942
22995
23049
22792
22857
22724
23056
22928
22596
23032
22760
22798
22763
22884
22825
23049
22752
22894
22949
22968
22812
23080
22826
23036
22887
22825
22855
22951
22738
22898
22968
22617
22862
22902
22909
22749
22914
23006
22898
22916
23000
22872
22949
22947
22878
22815
22817
22726
22973
22644
22914
22983
22978
22928
22801
22965
22865
22902
22818
22716
22892
22908
22769
22987
22934
22744
22840
22879
22905
22895
23001
22729
22961
22826
22795
22869
22833
22830
22872
22919
22930
22935
22906
22816
22981
22972
22808
22769
22955
22854
22811
22699
22682
22904
22865
22825
22880
22905
23023
23013
23013
22777
22826
22861
22858
22977
22861
22914
22857
22826
22741
22880
22754
22848
22918
22910
22907
22757
22927
22920
22756
22826
22785
22856
22954
22939
22810
22856
22800
22945
22877
22793
22811
22909
23008
23023
22933
22925
22840
22992
23054
22888
22889
23058
22965
23061
22877
22757
23028
22845
22955
22863
22747
22964
22976
22928
22891
23002
22958
22946
22968
22909
22886
22775
22950
22830
22879
23012
22883
22811
22892
23022
22774
22887
22828
22859
22918
22842
22818
22741
22859
22825
22895
22997
22778
22843
22903
22909
22804
22926
22963
23017
22965
22990
22910
22790
22804
22717
22867
22798
22765
22999
22708
22931
22827
23029
22769
23030
23020
22923
22850
22895
22919
22825
22975
22894
22926
22676
22895
22809
22904
22809
22899
22877
23037
23064
22812
22905
23027
22966
22794
22941
22836
22889
22959
22888
22951
22926
22929
23004
22796
22919
22802
22911
22914
23036
23008
22924
22885
22843
22841
22911
22911
22692
22849
22806
23015
22753
22969
22800
22875
22944
22850
23055
22914
22878
22886
22815
22814
22750
22947
22966
22971
22988
23013
22981
22829
22762
22732
22908
22951
22819
22904
22918
22881
22967
22932
22814
22918
22927
22862
22821
22850
22592
22972
22872
22953
22806
22767
22990
22874
22906
22932
22856
22947
22987
22737
22939
22874
22882
23004
22908
23005
22876
22854
22784
22894
22878
22963
22843
22903
22874
22848
22919
22960
22857
22837
22944
22918
22835
23064
22710
22860
22921
22977
22896
22988
22810
23060
23026
22951
22791
22941
22793
23031
22669
22913
22874
22903
22801
22920
22788
22768
22914
22878
22849
22878
22922
22845
22795
22906
22912
22974
22955
22901
22787
22732
22930
22772
22885
22931
23013
22918
22883
22988
22919
22793
22860
22710
22839
22911
22805
22977
22946
22512
22866
23011
22957
22800
22758
22995
22690
22951
22969
22931
22901
22905
23041
22857
22828
22747
22938
22875
23017
22869
22848
22884
22778
22908
22976
22768
23031
22923
22819
23000
22833
22992
22909
23002
22863
22978
23004
22931
22901
22990
22740
22919
23008
22943
22850
22831
22917
22924
22811
22814
22835
22903
22857
22943
22838
23053
22715
22977
22931
22898
22933
22808
22849
22920
22830
22854
22842
22769
22846
22950
22905
22858
22965
22947
23016
22854
22811
22887
22948
22977
22981
22917
22913
22647
23019
22913
22802
22901
22880
22980
22802
22812
22884
22795
22898
22796
22881
22857
23019
22941
22958
22940
22999
22936
22781
22957
22920
22822
22809
22761
22870
22898
22821
22916
22832
22760
22899
22901
22926
22809
22764
22962
22896
22785
22899
22834
22914
22922
22908
22825
22797
22662
22947
22909
22619
22923
22955
22825
22938
22899
22922
22816
23078
22812
22842
22947
22866
22650
22875
22959
22803
22907
22710
22985
22982
22968
22907
22969
22988
22902
22923
22744
22950
22997
22954
22824
22894
22893
22961
22800
22931
22887
22883
22899
22902
22773
23025
22765
22730
22988
22855
22994
22864
22821
22795
22797
22870
23012
22957
22854
22929
22868
22745
23018
22855
23044
23037
23009
22762
22764
22852
22844
22880
22943
22942
22966
22889
22983
22955
22823
22783
22916
22804
22942
22818
22842
22777
22967
22837
22927
22661
22789
22865
23005
23004
22973
22978
22885
22978
22958
22957
23036
22993
22873
22709
22817
22809
22861
22953
22851
23021
22848
22999
22946
22929
22904
22903
23073
22785
22846
22957
22933
22737
22879
22848
22985
22918
22853
22895
23020
22929
22976
23044
23024
22787
22894
22825
22755
22890
22943
22899
22864
22889
22814
22927
22890
23085
22772
22897
23088
22758
22760
22657
22855
22864
22870
22771
22722
22801
22890
22951
22860
22817
22768
22818
22775
22987
22957
22846
22912
22900
22849
23002
22809
22905
22662
22940
22944
22907
22981
22872
22903
22992
22884
22859
22759
22895
22882
22785
22881
22816
22922
22929
22995
22749
22875
22800
22887
22947
22827
22978
22909
22873
22902
22874
22748
22894
22992
22952
22919
22936
22855
22892
23010
22918
22781
22888
22830
22773
22797
23009
22852
22759
22722
22781
22902
22921
22903
22996
22743
22928
22941
22828
22940
22902
22904
22833
22882
22838
22787
22916
22889
22860
22807
22815
22858
22846
22959
22904
23020
22700
22799
22666
23003
23008
22886
22666
22948
22888
22789
22715
22993
22867
22832
23015
22920
22654
22848
22888
22891
22839
23020
22977
23086
22838
22907
22799
22863
23031
22986
22825
23036
22718
22995
22749
22835
22827
22943
22855
23027
22895
22898
22808
22826
23026
22978
22868
22840
22811
22775
22896
22980
22858
22936
22744
22893
23040
22885
22922
22950
23052
22889
23015
22921
22703
22837
22905
22987
22984
22828
22984
22815
22993
22950
22884
22887
22963
22948
22991
22887
22666
22848
22840
22685
22899
22841
22885
22797
22798
22884
22966
22905
22865
22641
23008
22914
22921
22857
22865
22954
22824
22905
22922
22706
23054
22949
22625
22868
22990
22529
22722
23043
22727
22808
22728
22938
22948
22662
22832
22724
23026
22933
22934
22957
22941
22843
22942
23026
22830
23033
22902
23007
22956
23022
22959
22885
22981
22797
22980
22947
22812
22858
22752
22912
22764
22811
22810
22880
22897
22904
23050
22806
23047
22851
22782
22857
22876
22961
22839
22793
22979
22836
22979
22917
22878
22811
22919
22998
22721
22936
22918
22826
22870
22798
22811
22999
22766
23015
22921
22856
23005
22825
22911
22923
22893
23073
23013
22920
22670
22962
23032
22640
22875
22937
22872
22964
22848
22895
22910
22952
22743
22954
22895
22750
22898
22975
22741
22868
22936
22931
22798
22937
22877
22976
22858
23053
22818
22886
22865
22937
22983
22862
22794
22985
22994
22903
22962
22896
22779
22774
22850
22951
22859
22975
22918
22971
22727
22715
22946
22963
22935
22752
22765
22830
22950
22811
22834
22923
22833
22728
22910
22921
22926
22835
23033
22891
22956
22927
22715
22897
22888
22862
22995
22839
22951
22722
22780
22959
22875
22657
22921
22801
22968
22865
22915
22927
22807
22952
23011
22826
23098
22892
22861
22937
22921
22837
22984
23106
22994
22961
22954
22714
22901
22972
22725
22810
22995
22754
22747
22802
23104
22883
22554
22870
22850
22810
22999
22877
22970
22951
22814
22932
22984
22681
22867
22764
22864
22791
22950
22896
22858
22768
22952
22661
23016
22923
22990
22894
22845
22905
22875
22978
22999
22960
23054
23013
22862
22903
22904
22856
22690
22828
22847
23000
22935
22605
22727
22911
23045
22674
22866
22897
22580
22917
22708
22830
22849
22995
22995
22667
22923
22693
22765
23000
22896
22854
22991
22660
22903
22920
22862
22870
22958
22784
22927
22857
22851
22898
22788
22923
22856
22921
22972
22826
22911
22817
22771
22869
22807
22783
22998
22830
22933
22863
22844
22939
22835
22715
22923
22784
22940
22976
22932
22845
22952
22978
22813
22950
22836
22938
22941
22885
22958
22945
22916
22638
22824
22943
22913
22686
22985
22829
22982
23046
22862
22837
22673
23011
22883
22957
22918
22650
22978
23036
22735
22992
22815
22965
22820
22892
22945
22917
22821
22743
22996
22909
22958
22942
23110
22799
22820
22961
22820
22915
22887
22998
22885
22788
22892
22980
22957
22963
22887
23001
22809
22981
22904
22949
22954
22939
22837
22639
22753
22852
22818
22965
22840
22794
22944
22967
23024
22715
22734
22886
23001
22954
22930
22986
22725
22579
22951
22761
22815
22951
22934
22843
22753
22907
22625
22881
22846
22998
23018
22915
22919
23011
22780
22818
22797
22762
22936
22982
22984
22855
22845
22793
22904
23052
22869
22873
22781
22880
22880
22811
22723
23017
22966
22842
22983
22894
22908
23025
22900
22975
22846
22879
22743
22925
22799
23003
22893
22974
22880
22808
22716
22979
22934
22975
22957
22953
22973
22842
22947
22877
22874
22862
22798
22874
22911
22610
22751
22836
22702
22700
22837
22857
22805
22530
22904
22971
22914
22770
22866
23005
22833
22847
22746
22947
22869
22838
22919
22909
22979
22785
23064
22820
22943
23055
23034
23006
22896
22806
22793
22773
22764
22967
22806
22818
22794
22857
22818
22822
22914
22899
22880
23016
22815
22934
22914
22999
22816
22845
22767
22990
22882
22922
22807
22950
22987
22902
23068
22887
22727
22951
22884
22826
22959
22928
22909
22812
22827
22804
22894
22797
22967
22927
23039
22912
23021
22770
22976
22940
23042
22755
22928
22734
22957
23002
22933
22995
22984
22763
22938
22959
22988
22961
22964
22816
22781
22989
22776
22990
22979
22847
22738
22880
22935
22846
22714
22895
22768
22953
22806
22963
22877
22927
22959
22759
22885
22949
22932
22875
22822
22930
22976
22607
22772
22952
22822
22954
22910
22882
22981
22803
22650
22812
22775
22982
22838
22791
22981
22816
22967
22768
22888
22978
22902
22883
22919
22773
22892
22965
22941
22830
22875
22852
22937
22930
22766
22838
22885
22890
22785
22731
22901
22878
22880
22727
23001
22902
22749
22711
22859
22918
23005
22963
22881
23029
23034
22808
22955
22941
22887
22903
22893
22977
22931
22920
22912
22691
22767
22913
23000
22939
22932
22951
22822
22761
22862
22933
22958
22934
22949
22822
22835
22923
23007
22779
22698
22807
22778
22721
22902
22857
22886
22970
23055
22969
22890
22842
22946
22707
22976
22857
22774
22826
22925
23047
22881
22785
22974
22765
22864
22805
22919
22908
22941
22926
22943
22958
22981
22898
23047
22952
22946
22791
22883
22700
22982
23013
22674
22903
22886
22987
22952
22913
22870
22868
22948
22623
22955
22771
22685
22963
22706
23000
22897
23040
22986
23034
22797
22849
22958
22999
22848
22894
22851
22843
22809
22858
22850
22816
22854
22936
22818
22932
22811
22857
22713
22767
22965
22857
22894
22822
22985
22940
22986
22992
22871
22871
22917
22889
22977
22889
22913
22935
22696
22953
23091
22930
22972
22935
22914
22969
22879
22928
22831
22916
22896
22911
22959
22938
22863
22987
22951
22748
22759
23015
22764
22870
22937
22899
22883
22941
22781
22848
22838
22887
22768
22974
22925
22854
22852
22808
22889
22702
22940
22915
22897
22784
22853
22877
22891
22755
22856
22943
22928
22791
23007
22915
22873
22874
22643
22828
22939
22894
22867
22784
22992
22836
23005
22840
22833
22948
22905
23012
23054
22914
22908
23013
22851
22895
22888
22976
22923
22914
22869
22900
22660
22824
22952
22922
23010
23004
22929
22989
22781
22883
22952
22827
22776
22902
22737
22916
22919
22702
22929
22928
22964
22993
22894
22863
23008
22647
22872
22998
22952
22793
22646
22865
22887
22875
22916
22759
22638
22795
22821
22852
23051
22986
22745
22883
22865
22908
22980
23017
22995
22916
22906
22768
22784
23013
22869
22915
22968
22940
22765
22776
22790
22914
22932
22684
23077
22653
22818
23041
22783
22971
22964
22994
22945
22994
22835
22774
22750
22857
22818
22887
22885
22628
22839
22722
22780
22911
22920
22972
22903
22809
22861
22942
22761
22921
22710
22950
22975
22994
22943
22893
22652
22906
22921
22768
22749
22875
23027
22848
22855
23011
22756
22967
22887
22769
22986
22970
22922
22898
22961
22809
22829
23010
22918
22873
22802
22864
22863
22833
22778
22933
22860
22940
23030
22954
22723
22968
22834
22930
22861
22702
23021
22875
22633
22943
22857
22870
22865
23007
22951
22879
22659
22866
22562
23000
22973
22849
22919
22937
22820
22800
22904
22901
22919
22921
22837
22836
22895
22863
22972
22535
22978
22923
22966
22740
22812
22750
22876
22839
22853
22742
22849
22782
22857
22999
22991
22940
22859
22896
23030
22879
22917
22864
22828
22868
22896
22838
22885
22973
22975
23006
22774
22968
22909
22876
22727
23047
22971
22838
22996
22925
22820
22950
22861
22953
22932
22972
22897
22806
22954
22806
22907
22941
22948
23003
22799
22804
22827
22913
22459
22843
23006
22973
22824
22890
22705
22876
22857
22793
22847
22922
22810
22979
22837
22831
22979
22867
22848
22877
22910
22800
22890
22683
22895
22903
22944
22948
23021
22949
22999
22819
22830
22951
22919
23003
22880
22837
22988
22954
22783
22897
22891
22775
22985
22914
22865
22945
22977
22830
22836
22963
22903
22848
22905
22957
22882
22862
22854
22929
22924
22922
23011
22867
22872
22932
22814
22812
22984
22825
23013
22694
22932
22814
22897
22771
22854
22832
22754
23018
22783
22581
22906
23038
22920
22957
22893
22872
22924
22935
22977
22860
22781
22957
22749
23061
22592
22737
22830
22911
22905
22954
22906
22935
22959
22834
22878
22852
22906
22945
22839
22823
22773
22925
22937
22679
22950
22793
22802
22839
22882
22793
22929
22927
22918
22938
23002
22881
22962
22957
22967
22849
22967
22950
22981
22825
22865
22902
23004
22894
22852
22827
22948
22969
22903
22970
22880
22722
22689
22859
22847
23009
23016
22855
22791
22949
22846
22909
22946
22775
23014
22837
22981
22974
22863
23000
22860
22838
22754
22826
22894
22938
22818
22931
22867
22728
22892
22835
22925
22802
22895
22984
22943
22955
22975
22784
22965
22930
22738
22883
22645
22846
22843
22969
23048
22849
22966
22987
22877
22948
22902
22897
22912
22807
22888
22868
22772
22993
22984
22919
22926
22907
22897
22983
22724
22892
22828
22831
22925
22898
22882
22894
23015
22866
22807
22802
22737
22913
22906
22877
22647
22934
22855
22891
23085
22939
22907
22815
22969
22852
22875
22834
22920
22895
22998
22761
22740
22891
22873
22889
22927
22978
23003
22857
22845
22588
22865
22972
22874
22843
22817
23046
22819
22941
22904
22943
22880
22968
22810
22828
22930
22893
22856
23026
22867
22860
22841
22741
22931
22968
22975
22916
22955
22942
22998
22868
22854
22930
22897
22897
22825
22950
22865
22998
22838
22863
22715
22981
22861
22859
22973
22702
22697
22752
22832
22991
22813
23055
22902
22773
22899
22678
22934
22650
22895
22685
22757
22835
22906
22989
22960
22914
23024
22891
22725
22907
22786
22959
22880
22968
22875
22910
22897
22915
22954
22775
22847
22920
22895
22960
22799
22758
22958
22736
22906
22782
22831
22879
22964
22888
22850
22918
22939
22915
22782
22735
22986
23044
22826
22875
22901
22792
22928
22993
22733
22813
22961
22980
22814
22961
