21034
20959
21081
20814
20808
20948
20949
21002
21010
20977
20761
20859
20780
20582
20921
20840
21055
20925
20868
21022
20965
20858
20737
20877
20855
20861
21038
20789
21032
21031
21056
20954
20929
21092
20990
20861
21071
20963
20815
20809
20849
20603
20796
20857
20685
21030
20778
20861
20686
21004
20879
20883
20775
20792
20913
21030
20957
21023
20863
20788
20744
20989
20856
20991
20819
20989
20764
20888
21055
20861
20875
20938
20944
21054
20678
20736
21073
20932
20817
21079
21045
21024
20946
21099
20815
20967
20931
20771
20983
20943
20772
20873
20970
21018
21098
20944
20851
21094
20836
20825
20860
21062
20999
20896
20901
20905
20831
21040
20961
20920
20866
20885
21066
20839
21010
21110
20968
20960
21023
20972
20685
20969
20828
21021
20855
20633
21038
20842
20943
20937
20830
21054
20996
20881
20906
20657
20982
20966
20725
20839
20970
21082
20851
21034
20953
21011
20918
20806
20824
20837
20912
21039
20963
21088
20890
20747
20814
20996
20875
21062
21015
20999
20948
21043
20791
21109
20828
21004
21033
20531
20987
20865
20751
20944
20921
20879
20999
21052
20813
20946
20949
20855
20774
20947
21007
20819
20988
20917
21021
20796
20919
21042
21036
20826
20755
20765
20705
20735
20885
20639
