17599
17409
17517
17210
17461
17359
17478
17227
17516
17451
17382
17397
17470
17550
17348
17539
17504
17386
17538
17377
17464
17120
17330
17597
17475
17454
17367
17604
17510
17441
17485
17517
17242
17430
17279
17398
17549
17485
17437
17450
17471
16977
17311
17453
17410
17420
17412
17230
17350
17504
17484
17307
17430
17297
17388
17489
17410
17216
17455
17421
17395
17428
17192
17510
17416
17414
17448
17115
17466
17436
17399
17441
17495
17485
17474
17225
17482
17139
16949
17551
17407
17494
17034
17472
17328
17353
17317
17335
17267
17349
17335
17396
17593
17470
17454
17329
17505
17498
17325
17109
17467
17348
16157
17533
17125
17162
17225
17416
17448
17409
17331
17287
17333
17554
17568
17283
17107
17145
17383
17313
17467
17459
17409
17503
17415
17355
17386
17373
17235
17321
17473
17424
17288
17474
17477
17260
17401
17377
17331
17068
17454
17582
17017
17384
17449
17483
17420
16886
17439
17355
17395
17298
17395
17517
17341
17491
17490
17321
17033
17414
17442
17577
17434
17360
17263
17199
17498
17246
17294
17392
17022
17289
17458
17240
17325
17512
17242
16998
17211
17576
17395
17525
16857
17444
17560
17473
17430
17519
17374
17556
17381
17538
17416
17496
17441
17519
17634
17375
17424
17178
17105
17235
17092
17335
17397
17337
17381
17366
17010
17402
17464
17119
17630
17202
17317
17500
17322
17538
17477
17390
17532
17209
17209
17528
17110
17423
16826
17483
16667
17191
17106
17383
17525
17503
17118
17437
17460
17540
17057
17496
17495
17519
17396
17353
17540
17301
17564
17469
17255
17461
17461
17556
17197
17433
17442
17510
17504
17421
17373
17468
17393
17429
17335
17499
17155
17542
17237
17486
17536
17401
17196
17150
17468
17431
17081
17010
17429
17194
17174
17485
17515
17450
17042
17601
17262
17386
17429
17339
17206
17361
17313
17296
17430
17329
17432
17381
17074
17512
17292
17322
17382
17178
16920
17418
17516
17484
17390
17291
17490
17383
17590
17434
17457
17414
17261
17469
17384
17401
17441
17571
17246
17528
17404
17467
17576
16965
17489
17259
17572
17370
17285
17278
17435
17562
17292
17244
17116
17199
17459
17362
17328
17323
17526
17388
17343
17456
17495
17431
17520
17494
17535
17022
17477
17198
17429
17301
17417
16875
17279
17202
17083
17044
17362
17499
17504
17325
17461
17367
17497
17418
17498
17497
17292
17432
17481
17211
17260
17247
17424
16971
17318
16965
17467
17516
17512
17065
17399
17520
17477
17237
17304
17352
17554
17333
17246
17496
17412
17315
17572
17571
17067
17397
17402
17287
17483
17378
17077
17448
17425
17336
17397
17377
17450
17376
17446
17428
17308
16774
17112
17525
17228
17499
16749
17549
17218
17410
17135
16787
17335
17582
17349
17522
17610
17339
17446
17272
17210
17350
17313
17413
17408
17373
17008
17256
17360
17428
16904
17211
17434
17524
16840
17420
17183
17255
17507
17485
17464
17437
17151
17414
17504
17131
17320
17406
17085
17299
17308
17414
17440
17242
17371
17467
17579
17522
17455
17364
17414
17432
16785
17452
17069
17297
17208
17378
17497
17464
17343
17448
17201
16185
16951
17397
17131
17436
17513
17293
17483
17258
17591
17381
17550
17523
17555
17180
17495
17363
17260
16877
16777
17169
17449
17308
17382
17340
17237
17006
17160
17489
17361
17374
17347
17455
17508
17523
17373
17283
17359
17388
17166
17394
17323
17077
17269
17522
17525
17429
17477
17300
17520
17232
17470
17491
16953
17261
17256
17292
17483
17401
17439
17414
17454
17360
17404
17265
17396
17444
17514
17273
17351
17418
17365
17295
17185
17260
17370
17416
17460
17460
17137
17303
17314
17321
17518
17352
17220
17148
16693
17164
17333
17511
17353
17518
17447
17312
17380
17382
17350
17278
17290
17446
17565
17565
17470
17433
17348
17403
17102
17340
17536
17444
17145
17294
17271
17571
17317
17136
17543
17408
17527
16761
17169
17344
17034
17427
17559
17503
16900
17351
17234
17398
17514
17491
17047
17067
17384
17498
17513
17264
17564
17162
17463
17138
17436
17344
17230
17357
17170
17182
17270
16951
17465
17350
17207
17208
17512
17304
17396
17344
17353
17524
17399
17396
17530
17170
17320
16994
17141
17246
17006
17391
17321
17276
16946
17405
17264
17469
17202
17418
17144
17503
17137
17511
17405
17464
17537
17415
17493
17287
17552
17552
17388
17356
17318
17385
16473
17304
17558
17482
17155
17437
17490
17444
17221
17365
17465
17527
17450
17458
17488
17211
17401
17236
17278
17198
16728
17616
17448
17440
17513
17336
17361
17386
17147
17550
17462
17303
17316
17471
17558
17357
17459
17210
17272
17501
17297
17508
17098
17236
17272
17389
17416
17526
17336
17513
17491
17342
17566
17205
17482
17267
16924
17408
17362
17440
17480
17364
17231
17577
17258
17003
17406
17431
17296
17210
17562
17414
17375
17071
17192
17482
17400
17603
17338
17568
17193
17386
17627
17386
17285
17474
17449
17402
17520
17544
17163
17443
17502
17061
17618
17333
17428
17438
17551
17368
17436
17359
17331
17299
17526
17497
17351
17352
17285
17537
17322
17583
16901
17604
17514
17486
17450
17579
17182
17344
17385
17479
17133
17342
17427
17378
17398
17385
17081
17164
17483
17431
17410
17407
17422
17553
17386
17551
17456
17456
17342
17523
17392
17362
17300
17291
17212
17306
17297
17329
17250
17385
17501
17228
16783
17096
16852
17376
17392
17370
17265
17207
17273
17234
17292
17300
17573
17304
17280
17562
17372
17389
17259
17382
17458
17231
17550
17478
17274
17583
17391
17378
17518
17209
17460
17371
17401
17426
17410
16977
17393
17427
17471
17375
17438
17289
17255
17497
17509
17345
16914
17180
17578
17349
17500
16839
17310
17084
17547
17293
17564
17496
17136
17276
17437
17162
16914
17320
17191
17460
17333
17169
17256
17076
17168
17184
17435
17518
17460
17440
17275
17453
17490
17456
17354
17259
17358
17461
17238
17415
17178
17195
17449
17454
17421
17541
17426
17318
17544
17479
17479
17591
17392
17378
17493
17285
17448
17532
17417
17478
17290
17323
17234
17220
17252
17300
17404
17403
17420
17287
17407
17545
17269
17427
17460
17246
17450
17309
17229
17487
17028
17315
17152
17472
17496
17549
17476
17333
17542
17383
17467
17473
17470
17577
17132
17185
17377
17243
17448
17493
17513
17514
17244
17507
17150
17303
17181
17290
17349
17331
17086
17481
17246
17265
17540
17521
17402
17311
17114
17336
17394
17535
17199
17377
17371
17046
17585
17469
17532
17396
17521
17423
17439
17394
17256
17487
17337
17572
17420
17469
17337
17268
17267
17539
17196
17469
17534
17324
17130
17530
17431
17356
17430
17401
17568
17237
17232
17346
17403
17341
17293
17260
17533
17364
17320
17498
17253
17280
17277
17289
17521
17462
17456
17545
17581
17460
17019
17296
17373
17553
17332
17064
17475
17501
17385
17228
17286
17299
17166
17552
17528
17343
17139
17127
17309
17336
17220
17015
17522
17370
17277
16808
17387
17367
17403
17292
17555
17400
17233
17198
17492
17398
17107
17393
17265
17176
17315
17351
17435
17390
16905
17445
17501
17239
17561
17443
17416
17464
17169
17233
17454
17544
17612
17184
17469
17271
17177
17441
17198
17378
17349
16850
17486
17285
17466
17492
17554
17324
17094
17320
16858
17340
16908
16988
17420
17346
17595
16996
17483
17515
17527
17387
17509
17537
17486
17377
17378
17512
17495
17234
17440
17404
17343
17525
17610
17427
17561
17513
17389
17262
17202
17128
17451
17184
17449
17435
17245
17589
17398
17450
17116
17454
16997
17636
17325
17520
17518
17415
17438
17179
17342
17271
17290
16605
17514
17467
17287
17248
17155
17172
17382
17393
17447
17143
17448
17269
17176
17283
17499
17444
17492
17441
17321
17503
17491
17404
17353
17392
17394
17120
17253
17139
17485
17481
17328
17535
17282
17365
17478
17532
17234
17537
17313
17126
16843
17517
17195
17448
17094
17155
17328
17323
17281
17195
17257
17055
17471
17474
17493
17396
17228
17492
17515
17444
17391
17303
17181
17238
17380
17562
17520
17575
17511
17182
17472
17279
17364
16585
17478
17069
17215
17158
17306
17407
17418
17414
17259
17386
17315
17309
17412
17405
16927
17288
17139
17322
17417
17290
17202
17460
17038
17459
17585
17235
17438
17402
17198
17511
17320
17477
17173
17604
16926
17284
17355
17360
17398
17410
17479
17030
17458
17336
17518
17569
17418
17460
16948
17099
17536
17421
17138
17432
17387
17407
17162
17202
17353
17398
17435
17297
17353
17309
17506
17159
17459
17491
17371
17495
17120
17343
17513
17290
17084
17510
17090
17266
17297
17290
17353
17313
17219
17246
17273
17534
17235
17429
17478
17051
17527
17294
17468
17239
17518
17466
17294
17360
17413
17457
17374
17531
17384
17397
17269
17553
17203
17424
17470
17441
17467
17338
17402
17127
17537
16983
17483
17492
17380
17346
17061
17026
17495
17589
17363
17503
17351
17415
17417
17503
17519
17416
17364
16454
17271
16879
17372
16821
17470
17035
16841
17487
17262
17402
17503
17317
17253
17495
17087
17349
17377
17505
17134
17522
17338
17544
17408
17317
17373
17267
17550
17245
17483
17558
17492
17434
17368
17202
17487
17566
17062
17583
17408
16972
17443
17312
17256
17392
17251
17466
17333
16903
17435
17251
17558
17387
17348
17184
17441
17254
17339
17323
16994
17433
17106
17503
17539
17462
17451
17555
17521
17532
17370
17275
17520
17405
17337
17206
17416
17418
17277
17069
17306
17512
17204
17487
17338
17131
17541
17212
17410
17545
17353
17302
17315
17032
17500
17409
17292
17438
16860
16885
17446
17195
17270
17100
17396
17154
17347
17479
17405
17194
17483
17293
17248
17546
17313
17300
17425
17205
17268
17440
17478
17157
17095
17263
17165
17398
17413
17367
17371
17404
17245
17291
17354
17243
16998
17343
17500
16980
17302
17535
17445
17252
17480
17335
17440
17274
16942
17349
17426
17322
17480
17476
17290
17387
17484
17496
17477
17327
17129
17615
17484
17476
17459
17071
17436
17384
16849
17426
17427
17170
17412
17460
17377
17589
16950
17324
17312
17352
17303
17429
17491
17182
17115
17521
17361
17424
17225
17369
17436
16926
17456
17575
17567
17460
17265
17584
17089
17511
17555
17335
17221
17153
17584
17332
17452
17527
17512
17560
17211
17314
17262
17479
17496
17425
17261
17278
17328
17448
17333
17340
17472
17519
17422
17474
17488
17352
17325
17426
17224
17524
17281
17474
17463
17582
17196
17236
17348
17266
17445
17264
16971
17294
17489
17113
17392
17152
17272
17114
17142
17213
17071
17452
17440
17449
17286
17348
17290
17614
17269
17417
17442
17553
17602
17351
17484
17502
17349
17448
17384
17338
17506
17339
17256
17469
17427
17344
16817
17519
17358
17512
17377
17380
17322
17350
17470
17510
17394
17422
17431
17327
17448
16911
17151
17344
17398
16979
17354
17406
17247
17442
17326
17576
17194
17475
17282
17270
17401
17556
17485
17295
17164
17289
17366
17256
17365
16840
17232
17395
17130
17149
17548
17323
17228
17327
17282
17288
17350
17254
17593
17137
17413
17425
16910
17435
17464
17373
17385
17225
17438
17567
17460
17467
17024
17123
17248
17358
17368
17343
17284
17276
17348
17400
17453
17443
17238
17375
17541
17396
17297
17195
17034
17108
17370
17380
17331
17480
17550
17473
17193
17057
17323
17369
17392
17534
17351
17456
17586
17544
17285
17439
17355
17513
17409
17462
17564
17161
17574
17485
17557
17194
17313
17354
17261
17369
17554
17431
17082
17413
16476
16426
17272
17405
17505
17138
17269
17132
17527
17568
17300
17355
17226
17385
17502
17179
17319
17434
17492
17410
17261
17356
16962
17328
17603
17519
16939
17423
17532
17347
17542
17371
17187
17118
17478
17289
17194
17545
17523
17296
17341
17098
17436
17433
17454
17381
17463
17528
17423
17530
17351
17085
17384
17526
17192
17526
17510
17348
16882
17539
17072
17206
17271
17337
17180
17444
17148
17470
17510
17538
17403
17362
17470
17478
17401
16772
17494
17163
16941
17149
17440
17429
17288
17129
17489
17413
17548
17269
17368
17529
17483
16895
16972
17500
17184
17056
17014
17398
17441
17467
17333
17577
17469
17412
17444
17302
17477
17502
17542
17488
17338
17061
17153
17343
17581
17397
17400
17373
17390
17428
17474
17510
17218
17205
17199
17031
17284
17261
17563
17280
17174
17238
17250
17306
17383
17378
17397
16831
17496
16992
17343
17459
17517
17524
17441
17379
17438
17539
17354
17456
17344
17020
17221
17283
17347
17431
17449
17311
17374
16652
17621
17187
17284
17454
17494
17285
17581
17502
17412
17196
17078
17523
17463
17448
16669
17473
17506
17271
17473
17434
17343
17357
17578
17121
17333
17491
17373
17470
17432
17379
17499
17326
17046
17489
17449
17420
17248
17392
17374
17101
17308
17437
17234
17335
17413
17154
17357
17340
17455
17312
17584
17390
17467
17084
17487
17526
17186
17427
17332
17425
17162
17541
17232
17379
17427
17544
17269
17456
17376
17493
17450
17268
17564
17224
17174
17216
17352
17363
16979
17531
17109
17453
17217
17208
17236
17406
17041
17407
17316
17236
17248
17371
17350
17330
17513
17383
17227
17469
17465
17491
17487
17352
17275
17264
17490
17414
17244
17210
17392
17436
17363
17290
17494
17545
17495
17331
17099
17157
17445
17397
17154
17325
17398
17271
17394
17171
17470
17437
17161
16955
17363
17218
17535
17417
17257
17102
17061
17369
17560
17310
17360
17446
17476
17246
17529
17523
17285
17365
17265
17361
17069
17400
17271
17520
17234
17113
16843
17340
17307
16962
17335
17145
17544
17456
17378
17372
17184
17030
17409
17413
17382
17482
17541
17316
17436
17521
16986
17491
17015
17446
17448
17425
17395
17342
17195
17438
17380
17296
16725
17243
17207
17418
17414
17256
17253
17373
17193
17408
17222
17154
17503
17394
17471
17206
17273
17114
16954
17538
17292
17363
17149
17264
17415
17442
17216
17375
17514
17315
17161
17245
17481
17337
17193
17524
17334
17439
17381
17485
17505
17540
17307
17299
17548
17388
17603
17416
17377
17319
17392
17317
17479
17277
17516
17086
17042
17612
17309
17412
17478
16973
17457
17509
17281
17512
17465
17349
17374
17388
17112
17435
17542
17498
17370
17424
17460
17392
17250
17460
17429
17367
17321
17526
16839
17499
17472
17453
17420
17375
17532
17579
17245
17306
17365
17473
17472
17472
17422
17566
17333
17185
17318
17204
17468
17341
17510
16999
17164
17389
17531
17292
17458
17585
17312
17457
17281
17245
17361
17484
17487
17197
17291
17174
17380
17472
17455
17392
17078
17451
17271
17432
17460
16773
17486
17466
17350
17270
17332
17454
17500
17460
17399
17286
17095
17375
17517
17394
16984
17475
17427
17401
17568
17227
17381
17278
17494
17241
17416
17214
17364
17433
17182
17477
17440
17355
17247
17407
17174
17450
17257
17344
17403
17483
16963
17228
16656
17550
17439
17398
17334
17415
17443
17390
17382
17533
17545
17472
17440
17413
17329
17502
17072
17578
17153
17281
17447
17009
17325
17428
17345
17507
17244
17315
17328
17475
17460
17436
17376
17189
17208
17551
17543
17422
17258
17428
17478
17410
17108
17413
17488
17273
17128
17449
17299
17286
17089
17458
17507
17181
17399
17422
17391
17513
17398
17042
17292
17273
17283
17309
17152
17214
17380
17399
17445
17448
17567
17487
17321
17262
17507
17409
17479
17251
17545
17346
17377
17334
17038
17202
17333
17401
17418
16987
17158
17349
17573
17303
17557
17466
17448
17292
17563
17409
17596
17172
17378
17427
17427
17543
17286
17380
17497
17525
17293
17473
17384
17294
16958
17289
17518
17124
17501
17450
17314
17222
17381
17151
17249
17262
17443
17134
16734
17393
17357
17419
17437
17358
17425
17196
17504
17406
17473
17317
17373
17421
17274
17311
17043
17493
17172
16725
17009
17508
17271
17033
17328
17371
17178
17449
17350
17367
17312
17331
17344
17552
17491
17558
17430
17444
17407
17142
17386
17443
17123
17398
17515
17340
17426
17440
17383
17469
17619
17195
17523
17453
17514
17355
17196
17263
17497
17489
17309
17332
17323
17456
17531
17495
17164
17371
17388
16864
17454
17416
17505
17508
17440
17550
17393
17553
17179
17389
17307
17463
17503
17389
16997
17509
17457
17425
17289
17567
17602
17424
17375
17096
17334
17386
17242
17560
17512
17313
17273
17293
17239
17197
17370
17228
17465
17333
17467
17332
17545
17489
17488
17274
17114
17476
17396
17241
17105
17570
17189
17357
17476
17339
17060
17250
17490
17489
17250
17290
17381
17411
17552
17384
17324
17609
17145
17427
17426
17119
17472
17508
17456
17275
17469
17069
17568
17378
17448
17450
17084
17332
17353
17418
17551
17196
17371
17468
17188
17505
17317
17434
17124
17316
17498
17398
17397
17549
17552
17471
17487
17001
17342
17457
17397
17470
17110
17461
17470
17357
17078
17425
17343
17520
17252
17353
16886
17063
17043
17531
17272
17263
17381
17212
17374
17297
17575
17138
17398
17453
17436
17380
17391
17317
17518
17548
17345
16973
17405
17293
17314
17404
17419
17559
17386
17184
17208
17455
17246
17332
17081
17312
17014
17448
17526
17414
17332
17377
17380
17395
17480
17295
17474
17193
17306
17510
17338
17429
17403
17075
17604
17503
17244
17377
17341
17216
17480
17503
17487
17497
17402
17259
17241
17488
17349
17564
17135
17481
17389
17343
17392
17333
17511
17224
17198
17327
16744
17543
17240
17526
17371
17336
17512
17448
17435
17350
17497
17430
17223
17253
17473
17485
17393
17328
17062
16993
17365
17405
17329
17339
17541
17485
17263
17147
17589
17331
17343
17084
17513
17477
17125
17321
17402
17401
17439
17002
17273
17281
17359
17432
17486
16925
17246
17579
17363
17421
17516
17344
17407
17342
17375
17408
17444
17560
17341
17150
17436
17106
17560
17443
17624
17433
17502
17194
17308
17538
17294
17417
17178
17083
17420
17479
17509
17461
17182
17318
17355
17338
17321
17506
17513
17336
17313
17430
17469
17052
17543
17333
17404
17268
17274
17390
17197
17447
17365
17532
17505
17434
17373
17447
17175
17332
17410
17426
17420
17033
17455
17436
17580
17344
17438
17558
17431
17356
17398
17357
17486
17355
17484
17425
17175
17518
17463
17138
17488
17481
17304
17301
17324
17627
17509
17219
17369
17397
17165
17308
17538
17244
17408
16773
17197
17514
17405
16940
17433
17464
17366
17324
17378
17250
17449
17457
17558
17156
16897
17472
17220
17400
17580
17338
17372
17323
17333
17504
17579
17514
17386
17260
17172
17432
17267
17337
17560
17485
17432
17481
17393
17384
17264
17051
17464
17361
17485
17299
17360
17594
17327
17120
17454
17106
17555
17345
17246
17212
17425
17323
17393
16722
17305
16868
17336
17442
16940
17355
17376
17443
17491
17291
17300
17398
17577
17374
17237
17434
17503
17464
17495
17420
17361
17103
16650
17580
17341
17460
17119
17541
17452
17518
17195
17408
17323
17380
17084
17429
17296
17369
17288
17406
17455
17340
17394
17394
17486
17438
17369
17540
17492
17491
17503
17498
17380
17566
17257
17454
17166
17423
17538
17472
17156
16948
17421
17378
17528
17408
17462
17095
17373
17461
16804
17413
17460
17461
16831
17454
17488
17056
17163
17099
17454
17564
17235
17101
17330
17355
17340
17238
17111
17290
17637
17499
17372
17043
17287
17558
17431
17387
17014
17254
17531
17557
16962
17567
17385
17441
17126
17240
17304
17359
17452
17369
17416
17359
17319
17206
17462
17491
17368
17423
17500
17293
17462
17487
17234
17048
17484
17450
17131
17510
17143
17341
17245
17108
17384
17365
17410
17246
17365
17490
17149
17255
17505
17412
17171
17482
17242
17033
17230
17549
17017
17532
17528
17533
17533
17029
17501
17174
17358
17579
17487
17528
17407
17470
17209
17342
17316
17310
17430
17432
17560
17291
17325
17232
17042
17447
17405
17362
17252
17292
17095
17336
17527
17368
17235
16944
17421
17374
17568
17345
17331
17317
17450
17273
17181
17267
17376
17434
17147
17435
16995
17380
17335
17281
17377
17578
17554
17137
17354
17442
17521
17204
17325
17455
17423
17330
17407
17355
17166
17445
17470
17518
16970
17242
17263
17410
17225
17416
16977
17032
17322
17338
17461
17549
17508
17507
17551
17399
17525
17467
17461
17531
17467
17517
17380
17450
17458
17373
17393
16993
17390
17359
17473
17544
17232
17472
17396
17212
17466
17377
17339
17368
17063
17466
17318
17579
17113
17581
17393
17054
17151
17328
17349
17508
17537
17377
17481
17527
17563
17341
17201
17338
17303
17177
17466
17049
17230
17284
17504
17550
17366
17202
17439
17296
17228
17416
17477
17303
17450
17125
17080
17472
16973
17165
17337
17313
17273
17535
17592
17318
17472
17174
17564
17270
17353
17185
17281
17166
17236
17161
17375
17497
17526
17060
17237
17458
17350
17332
17603
17367
17194
17219
17401
17486
17176
17455
17498
17350
17184
17368
17456
17421
17504
17342
17336
17497
17387
17205
16542
17354
17186
17041
17333
17239
17482
17247
17438
17283
17351
17410
17192
17231
17407
17449
17496
17369
17320
17414
17569
17546
17566
17331
17211
17569
17377
17389
17532
17304
17421
17467
17457
17509
17466
17250
17514
17205
17568
17335
17432
17478
16856
17112
17398
17222
17086
17423
17397
17572
17268
16936
17313
17482
17513
17357
17594
17483
17409
16944
17408
17154
17427
17231
17271
17377
17478
17035
16449
17208
17239
17391
17420
17155
17086
17556
17157
17360
17467
17408
17473
17122
17279
17314
17523
17529
17558
17462
17519
17293
17513
17274
17337
17226
17465
17256
17568
17508
17400
17322
17528
17547
17386
17346
17130
17452
17030
17526
17446
17479
17418
17414
17468
17484
17430
17499
17391
17290
17521
17327
17533
17217
17386
17400
17097
17358
17194
17475
17377
17339
17413
17510
17503
17203
17438
17390
17083
17460
17215
16773
17527
17296
17509
17206
17346
16976
17496
17536
17184
17525
17372
17446
17418
17269
17376
17362
17020
17145
17489
17267
17211
17434
17085
17550
17579
17450
17547
17518
17448
17191
17280
17304
17450
17229
17373
17368
17421
17237
16840
16845
17458
17398
17590
17181
17518
17346
17415
17360
17430
17276
17176
17291
17480
17450
17263
17441
17328
17587
17341
17397
17477
17374
17112
17486
17573
17413
17283
17405
17140
17448
17482
17313
17500
17559
17453
17457
17412
17351
17198
17487
17416
17214
17383
17406
17313
17482
17442
17406
17341
17170
17555
17379
17430
17109
17574
17311
17196
17273
17093
16989
17539
17196
17430
17504
17480
17449
17405
17545
17409
17573
17478
17415
17432
17494
17040
17403
17176
17458
17272
17236
17568
17290
17440
17326
17552
17478
17384
17404
17404
17182
17319
17465
17506
17361
17259
17527
17082
17138
16757
17399
17503
17225
17357
16899
17257
17491
17270
17509
17478
17383
17514
17174
17554
17336
17321
17208
17477
17400
17510
17349
16992
17289
17064
17061
17271
17350
17395
17518
17494
17602
17383
17527
17517
17343
17506
17545
17530
17418
16873
17260
17407
17299
17625
16976
17322
17503
17421
17545
17289
17383
17481
17115
17233
17260
17395
17300
17443
17094
17354
17532
17160
17016
17424
17412
17439
17213
17249
17014
17356
17384
17360
17089
17346
17289
17337
17422
17415
17333
17488
17184
17465
17323
17189
16997
17271
16710
17391
17288
17370
17616
17334
17418
17334
17407
17512
17431
17501
17607
17477
17188
17425
16502
17434
17421
17186
17542
17466
17388
17245
17111
17123
17455
17480
17488
17403
17025
17364
17138
17542
17285
17124
17569
17391
17512
17422
17468
17405
17359
17443
17467
17174
17254
17370
17534
17513
17517
17304
17336
17331
17489
17366
17613
17255
17400
17383
17481
17542
17411
17481
17552
17167
17481
17299
17432
17411
17020
17385
17297
17462
17342
17226
17086
17036
17632
17329
17447
17279
17117
17245
17582
17291
17355
17447
17446
17423
17476
17444
17591
17368
17434
17367
17207
17489
17119
17483
17372
17482
17341
17515
17228
17479
17385
17454
17536
17496
17127
17357
17514
17485
17123
17352
17368
17484
17193
16932
17347
17540
17415
17440
17458
17404
17248
16854
17270
17372
17563
17419
17009
16959
17351
17262
17190
17211
17416
17368
17444
17210
17321
17508
17219
17433
17340
17492
17202
17309
17486
17326
17397
17543
17263
17372
17144
17577
17474
17285
17510
17324
17144
17253
17154
17250
17437
17479
17335
17370
17480
17239
17066
17474
17391
17204
17363
17469
17074
17470
17429
17561
17459
16989
17205
17518
17387
17509
17394
17385
17315
17137
17593
17351
17331
17412
17027
17264
17521
17181
17381
17448
17349
17508
17533
17416
17427
17539
17217
17414
17237
17302
17240
17590
17549
17386
17342
17411
17461
17313
17029
17499
17424
17439
17415
17590
17314
17383
17360
17450
17274
17414
17174
17174
17306
17427
17266
17012
17254
17330
17202
17366
17144
17262
17492
17301
17148
17115
17309
17463
17495
17423
17300
17488
17281
17238
17391
17370
17210
17450
17270
17313
17302
17059
17473
17401
17140
17470
16748
17265
17271
17336
17138
17058
17308
17124
17217
17044
17422
17503
17406
17150
17494
17495
17079
16922
17379
17349
17455
17387
17227
17466
17399
16925
17332
17413
17376
17421
17416
17495
17525
17483
17371
17453
17182
17489
17148
17306
17480
17427
17036
17383
17378
17346
17486
17294
17585
17313
17381
17222
17296
17289
17452
17269
17529
17266
17063
17388
17328
17538
17391
17444
17404
17330
17415
17512
17367
16918
17437
17347
17504
17500
17376
17530
16922
17396
17489
17503
17499
17599
17339
17414
17380
17511
17297
17399
17481
17545
17406
17371
17537
17004
16969
17487
17252
17475
17556
16992
16937
17382
17269
17316
17448
17520
17358
17102
17381
17539
17104
17546
17517
17457
16729
17541
17577
17347
17528
17357
17351
17030
17451
17304
17468
17191
17537
17316
16856
17390
17520
17355
17336
17577
16773
17554
16938
17527
17250
17142
17311
17302
17439
17591
17545
17562
17611
17534
17355
17324
17374
17219
17077
17405
17345
17494
17072
17455
17309
17113
17441
17227
17462
17085
17110
17271
17176
17233
17402
17200
17497
17291
17547
17494
17413
17199
17406
17016
17400
17370
17290
17409
17305
17398
16821
17373
17499
16996
17477
17080
17293
17232
17326
17110
17303
17496
17245
17476
17274
17436
17433
17144
16994
17311
17490
17553
17214
17232
17085
17318
17165
17492
17492
17493
17415
17068
17418
17497
17455
17533
17373
17333
17533
17372
17535
17617
17351
16579
17275
17586
17444
17030
17452
17018
17230
16580
17533
17494
17559
17129
17370
17430
17448
17172
17242
17296
17315
17495
17114
17468
17286
17236
17575
17492
17522
17486
17265
17573
17455
17197
17395
17102
17546
17341
17456
17452
17000
17435
17511
17313
17274
17361
17289
17444
17065
17422
17233
17318
17594
17557
17417
17435
17428
17576
17359
17197
17464
17042
17393
17164
17450
17174
17536
17505
17279
17467
16972
17353
17496
17433
17435
17455
17405
17517
17411
17300
17230
17412
17150
17452
17311
17311
17386
17487
17272
17262
17109
16804
17462
17361
17188
17390
17478
17333
17408
17054
17044
17551
17427
17322
17447
17402
17146
17395
17270
17376
17244
17365
16836
17557
17390
17311
17364
17350
17436
17290
17328
17456
16670
17334
17232
17367
17233
16876
17448
17219
17436
17466
17455
17375
17461
17401
17235
17438
17128
17190
17538
17450
17411
17382
17108
17557
17489
17463
17363
17191
17262
17551
17220
17370
17274
17352
17252
17148
17234
17529
17314
17407
17333
17479
17360
17521
17431
17117
17493
17328
17396
17367
17449
17498
17289
17549
17618
17259
17458
17565
17338
17532
17449
17421
17492
17356
17413
17146
17606
17497
17153
17503
17169
16822
17494
17421
17300
17541
17549
17444
16940
17185
17226
17496
17486
17297
17222
17409
17362
17331
17594
17449
17499
17560
17438
17188
17413
17541
17405
17488
17514
16988
17541
17277
17229
17287
17520
17093
17353
17432
17575
17260
17312
17476
16859
17346
17312
17488
17252
17121
17404
17354
16678
17374
17206
17445
17388
17320
17570
17532
17517
17448
17186
17460
17086
17435
17260
17309
17209
17549
16983
16740
17500
17481
17409
17400
16348
17501
17057
17547
17491
16956
17411
17384
17497
17468
17510
17322
17265
17405
17409
17541
17486
17215
17523
17489
17258
17541
17361
17357
17382
17504
17568
17450
17255
17545
17155
17296
17387
17474
17378
17385
17372
17458
17479
17249
17286
17292
17475
17355
17377
17487
17307
17312
17515
17553
17557
17405
17206
17167
17543
17412
17005
17418
17316
17362
16960
17346
17163
17191
17579
17427
17358
17252
17152
17143
17512
17399
17208
17545
17449
17249
17420
17471
17468
17375
17305
17546
17448
17433
17234
17303
17306
17102
17624
17347
17368
17194
16984
17415
17304
17555
17451
17434
17464
17343
16710
17191
17177
17206
17402
17332
17377
17242
17421
17441
17551
17393
17430
17561
17378
17545
17307
17235
17577
17431
17190
17582
17451
17413
17567
17492
17260
17477
17229
17235
17522
17404
17375
17480
17381
17223
17438
17131
17485
17471
17117
17378
17428
17499
17347
16933
17413
17373
17341
17388
17183
17299
17046
17419
17400
17547
17323
17229
17067
17535
17364
17165
17291
17521
17308
17188
17408
17554
17459
17471
17346
17468
17440
17178
17208
17589
17414
17449
17102
17425
17438
17405
17303
17501
17044
17355
17225
17311
17487
17407
17531
17492
17403
17265
17433
17526
17387
17059
17308
17176
17483
17374
17308
17364
17303
17451
17283
16990
17202
17478
17203
17264
17436
17454
17315
17132
17239
17315
17077
17339
16714
17243
17492
17359
17295
17209
17428
17456
17468
17103
17576
17369
17443
17522
17458
17412
17470
16937
17358
17454
17079
17453
17151
17077
17421
17472
17522
17350
17312
17419
17459
17503
17484
17276
17266
17159
17451
16658
17470
17434
17197
17546
17599
17547
17470
17462
17234
16919
16533
17500
17393
16974
17464
17287
17501
17252
17555
17370
17507
17591
17440
17580
17514
17632
17282
17478
17635
17428
17104
17440
17407
17437
17254
17434
17068
17286
16798
17128
17185
17491
16452
17294
17323
17429
17215
17434
17601
17346
17563
17461
17507
17191
17313
17421
17019
17185
17267
17144
17369
17513
17514
17236
17202
17346
17353
17000
17517
17341
17287
17096
17198
17488
17423
17521
17074
17428
17323
17545
17337
17300
17395
17405
17518
17449
17382
17513
17148
17246
16633
17498
17379
17423
17338
17398
17344
17150
17346
17530
17551
17231
17533
16796
17447
17255
17355
17423
17372
17293
17294
17384
17410
17177
17389
17057
17432
17308
17425
17418
17480
17283
17460
17484
17386
17426
17240
17331
17357
17508
17043
17133
17430
17454
17036
17479
17401
17488
17108
17411
17312
17106
17423
17474
17512
16888
17438
17624
17402
17458
17273
17394
17452
16968
17244
17483
17195
17312
17515
17289
17339
17546
17500
17325
17329
17183
17535
17439
17549
17312
17301
17412
17555
17468
17355
17539
17223
17478
17394
17531
17287
17400
17453
17405
16875
17293
17552
17244
17400
17474
17474
17287
17236
17495
17367
17286
17281
17423
17343
16917
17421
17357
17369
17122
17386
17310
17483
17503
17511
17310
17519
17548
16936
17418
17501
17468
17323
16918
17495
17406
17260
17321
17523
17283
17388
17203
17196
17445
17409
17108
16900
17384
17338
17369
17389
17025
17074
17344
17616
17338
17299
17280
17308
17435
17450
16816
17362
17405
17436
17585
17592
17283
17485
15836
17427
17141
17426
17307
17486
17548
17348
17389
17113
16915
17347
17437
17524
17531
17483
17388
17491
17390
17335
17212
17296
17240
17061
16836
17361
17535
17488
17396
17288
17356
17489
16754
17441
17116
17413
17493
17520
17438
17587
17448
16776
17133
17072
17089
17309
17223
17401
17245
17351
17496
17464
17490
17327
17190
17337
17570
17466
17603
17418
17453
17452
17256
17444
17344
17275
17605
17313
17278
17421
17510
17209
17501
17438
17198
17120
17377
16986
17422
17374
17093
17086
17427
17294
17530
17491
17071
17284
17476
17554
17380
17503
17468
17475
17510
17458
17338
17205
17262
17419
17627
17307
17364
17425
17165
17286
17260
17571
16943
17456
17170
17535
17524
17298
17182
17489
17178
17068
17464
17359
17588
17553
17446
17386
17347
17399
17337
17530
17103
17423
17260
17392
17391
17460
17165
17180
17392
17426
17289
17268
17390
17452
17542
17303
17470
17279
17380
17475
17445
17379
17150
17440
17422
17369
17407
17363
17364
17193
17272
17346
17400
17491
17153
17508
17300
17373
17418
17377
17484
17455
17498
17462
17426
17471
17288
17191
17195
17391
17380
17490
17381
17549
17547
17389
17451
17369
16691
17513
17470
16704
17478
17184
17231
17186
17406
17527
17363
17051
17461
17553
17363
17493
17477
17249
17278
17284
17153
17460
17378
17509
17551
17312
17432
17414
17359
17445
17470
17473
17364
17371
17433
17259
17470
17346
17280
17230
17340
16996
17044
17423
17523
17378
17236
17438
17283
17555
17319
17372
17395
17367
16808
17514
17441
17444
16781
16894
17261
17592
17496
17491
17516
17449
17549
17140
17397
17462
17393
17306
17414
17558
17640
17382
17533
17295
17085
17503
17431
17564
17045
17482
16753
17454
17484
17407
17319
17517
17148
17298
17094
17247
17414
17527
17489
17522
17442
17298
17561
17360
17055
17311
17384
17140
17506
17530
17444
17304
17493
17303
17448
17111
17494
17288
17243
17405
17437
17566
17441
17102
17433
17355
17302
17377
17223
17077
17311
17420
17170
17518
17305
17576
16804
17548
17279
16579
17396
17205
17428
17316
17345
17429
17179
17444
17566
17477
17116
17476
17272
17108
17422
17556
17362
17515
17507
17556
17318
17441
17172
17401
17296
17488
17354
17447
17205
16808
17305
17514
17218
17057
17460
17367
17526
17548
17321
17453
17336
17178
17199
17134
17439
17608
16834
17516
17499
17598
17444
17362
17513
17295
17271
17404
17385
17262
17215
17201
17464
17397
17374
17531
17429
17512
17262
17186
17204
17498
17352
17460
17487
17156
17399
17315
17481
17013
17112
17073
17500
17473
17369
17503
17376
17074
17332
17495
17371
17393
17191
17557
17524
17364
16663
17256
17554
17566
17366
17356
17307
17449
17448
17460
17277
17375
16910
17552
17556
17404
17422
17437
17416
17474
17162
17538
17462
17542
17513
17357
17373
17541
17448
17515
17281
17480
17285
17507
17341
17354
17611
17349
17400
17505
17297
17452
17182
17391
17297
17306
17416
16798
17198
17385
17556
17481
17538
17057
17322
17571
17580
17496
17328
17246
17317
17276
17231
17477
17215
17361
17417
17262
17371
17513
17392
17258
17563
16979
17243
17333
17401
17365
16988
17520
17398
17409
17545
17440
17497
17497
17386
17038
17372
17396
17054
17455
17388
17259
17495
17337
17073
17411
17225
17310
17208
17552
17344
17146
17527
17432
17426
17333
17540
17484
17140
17594
17311
17505
16854
17301
17504
17413
17291
17536
17267
17023
16996
17300
17520
17233
17416
17522
17302
17429
17258
17339
17333
17274
17478
17397
17518
17487
17567
17443
17445
17537
17319
17433
17242
17373
17346
17391
17379
17395
17391
17435
17441
17316
17240
17527
17219
17379
17433
17565
17493
17307
16760
17528
17366
17420
17485
17205
17197
17508
17499
17174
17299
17369
17537
17362
17242
17486
17330
17611
17175
17348
17427
17467
17504
17382
17267
17473
17151
17375
17605
17328
17573
17477
17378
17580
17497
17495
17442
17303
17203
17362
17195
17364
17177
17543
17123
17435
17420
17300
17515
17270
17362
17187
17435
17144
17463
17241
17565
17340
17574
17528
17372
17405
17504
17338
17479
17480
17138
17203
17107
17112
17387
17201
17209
17244
17326
17570
17188
17523
17277
17398
16935
17042
17202
17377
17263
17218
17363
17178
17429
17548
17337
17289
17547
17456
17434
17524
17163
17228
17423
17536
17361
17524
17445
17460
17484
17536
17295
17421
17542
17143
17206
17181
17192
17418
17277
17578
17205
17276
17372
17454
17333
17393
17524
17279
17283
17498
17505
17265
17457
17200
17453
17515
17389
17351
17315
17514
16819
17224
17626
17349
17383
17546
17591
17588
17429
17101
17263
17457
17472
17276
17226
17238
17406
17336
17439
17098
17410
17499
17297
17389
17287
17142
17312
17577
17353
17417
17405
17347
17541
17058
17317
17426
17384
17442
17055
17450
17473
17509
17463
17605
16905
17229
17224
17514
17333
17155
16973
17090
17337
17401
17348
17047
17145
17552
17155
16499
17232
17215
17456
17472
17466
16955
17525
17372
17459
17318
17541
17502
17438
17290
17319
17076
17494
17492
17399
17152
17297
17443
17335
17341
17433
17566
17506
17272
17515
17246
17337
17336
17401
16983
16724
17088
17220
16977
17376
16908
17408
17126
17303
17548
16980
17444
17339
17572
17395
17042
17013
16970
16838
17186
17305
17411
17297
17394
17406
17439
17393
17210
17309
17466
17171
17394
17447
17514
17519
17554
17396
17330
17224
17366
17384
17468
17414
17394
17394
17239
16950
17412
17546
17440
17539
17162
17404
17511
17194
17132
17476
17301
17379
17444
17618
17441
17360
17262
17522
17325
17474
17338
17273
17374
17518
17435
17392
17498
17456
17408
17525
17484
17398
17529
17501
17388
16957
17362
17388
17281
17277
17347
17168
16987
17219
17391
17193
17331
17508
17346
17294
17335
17434
17389
17149
17510
17285
17230
17587
17077
17253
17508
17364
17396
17465
17500
17112
17223
17361
16723
17442
17364
17151
17447
17522
17189
17543
17130
17411
16873
17410
17449
16988
17427
17247
17563
17280
17315
17404
17499
17420
17188
17398
17081
17424
17103
17561
17529
17378
17172
17312
17393
17350
17491
17134
17395
17278
17405
17546
17202
17489
17429
17464
17371
17519
17389
17307
17500
16982
17460
17335
17496
17488
17567
17370
17475
17310
17256
17437
17492
17195
17411
17429
17537
17312
17095
17500
17497
17431
17377
17420
17587
16866
17400
17533
17338
17568
17458
17550
17342
17496
17184
17536
17205
17201
17508
17034
17438
17480
17364
17276
17240
17438
17444
17260
17332
17462
17198
17284
17556
17508
17194
17496
17271
17390
17304
17344
17257
17529
17246
17292
17254
17266
17464
17335
17538
17343
17485
17541
17521
17413
17425
17036
17502
17254
17136
17362
17573
17432
16308
17150
17484
17584
17483
16863
17608
17364
17378
17249
17210
17293
17343
17357
16993
17175
17482
17398
17279
17314
17397
17485
17371
17489
16664
17151
17418
17190
17426
17483
17396
17189
17464
17089
16980
17134
17305
17442
17443
17352
17056
17445
17337
17440
17513
17297
17077
17377
17510
16477
17196
17381
17391
17358
17166
17515
17015
17213
16668
17463
17536
17464
17487
17475
17484
17373
17484
17179
17335
17399
17359
17252
17384
17464
17440
17326
17384
17216
17334
17571
17338
17507
17517
17225
17231
17327
17484
17520
17494
17494
17465
17453
17481
17515
17360
17403
17044
17475
17392
17547
17048
17256
17249
17386
17411
17355
17290
17221
17486
17313
17529
17099
17496
17600
16833
17517
17284
17316
17445
17038
17183
17347
17280
17501
17317
17394
17514
17394
17537
17516
17357
17620
17374
17235
17563
17224
17369
16949
16943
17489
17384
16947
17361
17443
17502
17340
17311
17447
17440
17398
17473
17552
17504
17503
16810
17409
17435
17431
17457
17314
17537
17522
17127
17519
17401
17367
17422
17206
17278
17551
17466
17471
17372
17276
17418
17414
17522
17428
17127
17497
17448
17185
17418
17204
17293
17463
17350
17249
17253
17303
17545
17506
17404
17389
17286
17230
17532
17385
17436
17505
17404
17018
17138
17298
17466
16968
17404
17427
17423
17323
17315
16836
17433
17291
17410
17297
17330
17293
17385
17451
17278
17025
17125
17453
17411
17181
17456
17434
17340
17464
17340
17272
17153
17557
17495
17275
17330
17577
17476
17525
17517
17244
17248
17253
17187
16997
17218
17393
17193
17372
17368
17184
17152
17172
17002
16657
17465
17387
17221
17518
17516
16704
17567
17496
17376
17428
17327
17278
17343
17511
17467
17537
17079
17492
17486
17380
17512
17395
17315
17504
17382
17482
17585
17203
17096
17406
17274
17115
17559
17570
17548
17488
17332
17561
17272
17570
17317
17450
17338
17615
17172
17305
17364
17150
17518
17124
17498
17092
17506
17376
17395
17400
16822
17364
17420
17158
17226
17276
17080
17354
17447
17361
17389
17230
17381
17337
17429
17567
17451
17255
17042
17120
17196
17292
17351
17488
17218
17269
17401
17456
17467
17144
17152
17440
17354
17446
17387
17505
17500
17445
16984
17045
17362
17148
17008
17218
17512
17455
17402
17465
17531
17525
17238
17587
17430
17525
17463
17298
17266
17115
17278
17447
17416
17068
17394
17490
17405
17555
17427
17513
17284
17230
17519
17533
16989
17371
17295
17460
17044
17585
17307
17503
17392
17400
17362
17480
17216
17222
17076
17069
17487
17374
16789
17288
17524
16975
17448
17420
17213
17366
17494
17356
17543
17522
17000
17391
16816
17239
17435
17314
17115
17617
17286
17301
17448
17052
17243
17018
17452
16998
17388
17204
17283
17340
17360
17381
17202
17459
17556
17202
17450
17338
17399
17333
17008
17352
17339
17320
17471
17357
17454
17332
17497
17403
17447
17472
17165
17484
17374
17344
16888
17491
17418
17198
17562
17265
17428
17104
17151
17096
17521
17406
17138
17150
17452
17311
17587
17504
17425
17315
16771
17447
17347
17471
17402
17397
17456
17611
17433
17319
17202
17445
17527
17050
17217
17332
17373
17271
17365
17504
17393
17465
16904
17172
17424
17485
17452
17631
17404
17221
17410
17559
17332
17037
17121
17144
17401
17024
17341
17260
17351
17379
17378
17498
17517
16360
17521
16722
17467
17160
17181
17066
17353
17421
17417
17127
17577
17336
17249
17236
17409
17256
17379
17328
17476
17317
17428
17421
17451
17293
17141
17384
17307
17077
17495
17370
17456
17455
17422
17549
17546
17456
17551
17355
17199
17294
17309
17392
17318
17348
17502
17133
17461
16973
17271
17261
17362
17287
17434
17164
17117
17513
17328
17446
17140
17362
17454
17548
17154
17461
17542
17324
17476
17181
17072
17142
17327
17570
17109
17268
17223
17426
17372
17437
17459
17431
17235
17385
17372
17371
17363
17072
17551
17146
17383
17383
17489
17392
17201
17609
17139
17522
17511
17586
17575
17377
17418
17264
17164
17416
17339
17216
16921
17407
17322
17258
17361
17036
17370
17335
17211
17374
16989
17539
17544
17464
17416
17407
17459
17260
17374
17388
17393
17308
17172
17379
17286
17450
17425
17277
17422
17276
17188
17259
17098
17497
17474
17531
17112
17327
17538
17254
17342
17233
17537
17171
17628
17396
17471
17502
17574
17222
17282
17223
17388
17308
16918
17181
17499
17198
17050
17458
17587
17448
17519
17523
17430
17389
17485
17318
17319
16979
17453
17623
17465
17511
17430
17248
17372
17538
17423
17537
17277
17486
17289
17305
17200
17151
17465
17437
17377
17042
17228
17282
17055
17313
17437
17383
17379
17371
17521
17338
16976
17353
17528
17538
17465
16991
17288
17342
17533
17381
17388
17175
17488
17165
17534
17313
17381
17069
17435
17461
17431
16919
17341
17434
16933
17189
17391
17384
17005
17571
17504
17514
17510
17480
17262
17382
16954
17257
17379
17324
17408
16838
17380
17369
17014
17630
17354
17180
17242
17371
17337
17228
17383
17489
17149
17278
17220
17206
17456
17424
17317
17358
17257
17409
17242
17494
17375
17382
17525
17299
17153
17329
17333
17250
17262
17273
17447
17459
17265
17386
17376
17255
16822
17182
17314
17386
17479
17445
17068
17437
17416
17501
17186
17513
17463
16826
17442
17085
17576
17488
17456
17463
17294
17336
17390
17533
17359
17520
17421
17350
17302
17381
17160
17406
17370
17346
17564
17439
17331
17437
17449
17414
17335
17368
17266
17386
17284
17272
17469
17224
17230
17509
17326
17556
17389
17333
17450
17397
17516
17208
17311
17363
17344
17079
17295
17402
17278
17199
17518
17258
17454
17343
17296
17436
17517
17324
17480
17548
17212
17478
17500
17451
17449
17429
17493
17098
17420
17213
17296
17186
17303
17382
17367
17365
17537
17395
17236
16841
17492
17374
17479
17418
17141
17280
17279
17140
17411
16934
17302
17456
17265
17409
17507
17511
17540
17426
17502
17382
17364
17407
17363
17344
17318
17515
17587
17248
17258
17260
17490
17499
17181
17342
17364
17546
17237
17440
17286
17467
17237
17558
17324
17556
17576
17316
17302
17476
17343
17323
17300
17493
17351
17380
17382
17513
17487
17441
17491
17267
17571
17314
17191
17130
17207
17516
17038
17481
16773
17106
17225
17432
17406
17421
17525
17524
17230
17627
17369
17456
17420
17431
17332
17466
17424
17220
17378
17402
17149
17523
17104
17508
17378
17475
17436
17580
17456
17325
17476
17404
17268
17288
17332
17516
17466
17434
17446
17492
16996
17370
17491
17493
17065
17324
17595
17208
16896
17351
17474
16948
17384
17593
17511
17348
17177
17342
17342
17252
17323
17212
17432
17295
17399
17317
17330
17420
17449
17460
17420
17012
17368
17377
17397
17342
17338
17398
17311
17495
17450
17345
17426
17306
16594
17538
17040
17277
17126
17216
17129
17543
17400
17446
17360
17381
17514
17389
17270
17487
17134
17541
17383
17416
17090
17360
16869
17235
16979
17336
17249
17422
17351
17162
17041
17500
17503
17361
17365
17458
17475
17517
17563
17353
17388
17354
17420
17221
17488
17565
17463
17516
17472
17432
17404
16889
17609
17462
17368
17592
16525
17493
17129
17157
17512
17491
17417
17419
17080
17406
17261
17513
17342
17506
17171
17513
17334
17564
17484
17138
17510
17558
17240
17507
17220
17300
17241
16961
17400
17053
17532
17304
17255
17136
17561
17421
17343
17410
17501
17291
17284
17087
17366
17232
17410
17371
17275
17382
17565
17038
17244
17340
17484
17248
17326
17594
17207
17330
17228
17492
17167
17459
17531
17341
17183
17251
17466
17472
17477
17157
17521
17076
17350
17385
17339
17553
17304
17257
17205
17077
17311
17352
17533
17483
17377
17470
17431
16969
17322
17529
17418
17247
17565
17412
17498
17417
16920
17352
17384
17498
17459
17122
17244
17191
17148
17165
17489
17349
17038
17223
17293
16647
17487
17413
17556
17487
17466
17232
17354
17311
17493
17536
17561
17362
17409
17451
17060
17473
17398
17212
17288
17474
17363
17297
17358
17437
17500
17500
17545
17391
17503
17255
17457
17480
17393
17487
17398
17373
17302
17273
17315
17292
17559
17321
17550
17436
17433
17446
17257
17232
17448
17335
17380
17263
17191
17382
17461
17611
16934
17368
17403
17072
17271
17328
17566
17342
17380
17368
17432
17165
17257
17456
17240
17570
17482
17113
17424
17307
17520
17440
17344
17266
17398
17335
17302
17476
17379
17309
17433
17450
17059
17319
17492
17472
17242
17184
17375
17530
17437
17607
17503
17186
17443
17074
17426
17494
17264
17263
17449
17313
17485
17504
17302
17252
17490
17302
16617
17443
17522
16960
17473
17422
17390
17286
17543
17145
17220
17382
17459
17402
17482
17103
17185
17230
17262
17497
17219
17290
17404
17297
17339
17385
17264
17000
17564
17283
17403
17412
16919
17413
17545
17486
17393
17206
17441
17357
17325
17359
17316
17571
17388
17036
17348
17276
17500
17359
17214
17361
17335
17171
17459
17052
17240
17261
17487
17439
17461
17561
17561
17073
17391
17412
17003
17401
17284
17507
17419
17585
17316
17365
17390
17295
17203
17542
17414
17274
17171
17575
17291
17383
17096
17400
17406
17342
17273
17360
17460
17464
17314
17483
17083
17224
17259
17363
16793
17448
17441
17480
17337
17021
17303
17519
16935
17396
17197
17397
17491
17379
17574
17480
17126
17380
17490
17558
17527
17558
17417
17427
17319
17311
17469
17172
17223
17442
17414
17470
17252
17245
17468
17602
17438
17608
17524
17425
17327
17147
17233
17518
17430
17171
17208
17381
17328
16974
17452
17268
17373
17536
17292
17553
17302
17577
17436
17321
17534
17444
17468
17542
17401
17149
17200
17131
17417
17488
17413
17394
17517
17419
17332
17385
17176
17540
17269
17210
17235
17157
17317
17306
17447
17286
17558
17586
17344
17122
17236
17435
17482
17420
17429
17572
17541
17320
16982
17477
17282
17396
17483
17382
17485
17284
17442
17214
17326
17380
17274
17417
17039
17143
17585
16742
17250
17456
17560
17548
17331
17534
17362
17448
17328
17594
17542
17498
17489
17325
16636
17587
17218
17455
17269
17440
17498
17321
17095
17561
17521
17307
17442
17529
17395
17465
16996
17236
16854
16502
17530
17465
17266
17247
17336
17389
17259
17387
17449
17219
17382
17542
17406
17477
17442
17453
17430
17257
16765
17175
16870
17325
17440
17194
17124
17348
17453
16948
17534
17529
17410
17193
17235
17548
17596
17344
17502
17478
17423
17474
17314
17301
17382
17428
17408
17448
17278
17516
17391
17037
17304
17169
17190
17523
17459
17508
17466
17257
17163
17234
17261
17399
17377
17324
17416
17332
17167
17489
17182
17510
17055
17427
17347
17463
17487
17403
17366
17367
17301
17306
17570
17155
17293
17161
17362
17034
17060
17457
17169
17169
17397
17321
17507
17178
17531
17381
17581
17526
17426
17429
16965
17580
17374
17209
17347
17541
17359
17503
17355
17447
17434
17495
17323
17188
17291
17399
17265
17279
17446
17384
17362
17293
17476
17202
16953
17284
17216
17459
17585
17430
17258
17496
17363
17367
17448
17389
17350
17030
17340
17508
17426
17563
17532
17186
16814
17387
16010
17278
17424
17395
17259
17500
16781
17467
17505
17321
17101
17038
17429
17617
17520
17366
17487
17385
17560
16978
17484
17389
17389
17064
16935
17509
17205
17311
17294
17444
17055
17264
17306
17409
17246
17570
17428
17159
17449
17373
17307
17525
17217
17454
17453
17414
17092
17376
17430
17518
17081
17405
17306
17336
17396
17382
17397
17348
17279
17476
17546
17344
17433
17506
17516
17043
17165
17323
17418
17393
17549
16920
17301
17363
17449
17274
17165
17522
17381
17317
17401
17516
17430
17460
17451
17345
17381
17397
17524
17128
17520
17538
17180
16605
17541
17294
17539
17274
17377
17394
16969
17412
17551
17456
17512
17255
17384
17303
17345
17406
17462
17394
17332
17218
17264
17363
17375
17010
17386
17531
16988
17581
17356
17454
17434
17367
17258
17569
17435
17501
17294
17387
17150
17268
17417
17217
17244
17353
17273
17460
17269
17438
17167
17473
17374
17531
17221
17384
17516
17530
17317
17106
17443
17329
17350
17216
17107
17557
17427
17333
17312
17500
16660
17150
17086
17302
17372
17319
17407
17472
17435
17361
17438
17538
17344
16963
17545
17402
17300
17354
17321
17347
17231
17552
17511
17191
17456
17353
17356
17486
17321
17409
17329
17515
17509
17470
17130
17200
17520
17508
17439
17032
16917
17288
17504
17303
17278
17295
17576
17471
17220
17560
17440
17153
17579
17450
17150
17390
17489
17506
17268
17446
17100
17429
17578
17401
17213
17274
17291
17339
17266
17211
17451
17084
17319
17346
17135
17456
17445
17612
17460
17371
17132
17281
17461
17250
17375
17123
17342
17384
17289
17104
17464
17442
17034
17214
17313
17410
17489
17111
17465
17426
17160
17520
16760
17323
17394
17488
17158
17513
17365
17262
17275
17173
17384
17401
17099
17339
17408
16739
17445
17179
17410
17361
17160
17508
17544
17120
17342
17248
17360
17597
17336
17239
17233
17401
17029
17461
17647
17412
17368
17563
17221
17254
17362
17528
17467
17554
17205
17210
17442
17472
17384
17260
17326
17585
17486
17180
17448
17479
17573
17345
17462
16814
17175
17397
17523
17351
17234
17524
16671
17291
17429
17409
17443
17159
17355
17359
17436
17350
17473
17443
17328
17332
17312
17093
17184
17395
17193
17257
17409
17378
17392
17160
17252
17443
17345
17566
17476
17513
17014
17250
17288
17291
17301
17403
17206
17353
17253
17107
17336
17501
17458
17385
17503
17414
17530
17094
17395
17270
17213
17150
17372
16956
17152
17315
17420
17521
17475
17440
17411
17483
17377
16955
17462
17585
17436
17619
17256
17221
17231
17389
17349
17102
17426
17295
17535
17236
17101
17091
17404
17409
17314
17328
17437
17332
17047
17318
17334
17557
17441
17378
17232
17215
17271
17133
17520
17371
17101
17350
17480
17232
17252
17491
17440
17484
17564
17451
17324
17426
16880
17304
17336
17096
17249
17371
17474
17396
17537
17509
17429
17518
17401
17209
16661
17234
17414
17215
17375
17361
17334
16863
17271
17066
17476
17429
17407
17360
17028
17410
17457
17542
17365
17342
17438
17388
17408
17482
17399
17533
16947
17609
17131
17319
17536
17342
17229
17430
17253
17464
17218
17394
17410
17326
17445
17199
17436
17383
17297
17333
17567
17481
17398
17613
17252
17476
17152
17529
17424
17516
16668
17463
17462
17590
17326
17279
17514
17519
17399
17278
17289
17423
17322
17401
17457
17483
17119
17246
17226
17498
17383
17487
17547
17395
17332
16881
17453
17432
17275
17423
17225
17446
17210
17524
17581
17527
17130
17391
17307
16710
17380
17350
17457
17535
17400
17269
17186
17406
17328
17239
17530
17271
17170
17344
17522
17397
17125
17278
17541
17357
17112
17454
17348
17294
17104
17438
17499
17384
16309
17494
17288
17282
17484
17511
17130
17500
17533
17276
17358
17475
17498
17506
17534
17569
17319
17463
17427
17179
17238
17293
17457
17317
16913
17230
17320
17441
17501
17417
17377
17201
17339
17428
17471
17376
17491
16776
17342
17537
17295
17385
17412
17324
17324
17355
17471
17278
17261
17314
17376
17305
17381
17316
17251
16802
17447
17489
17588
17394
17255
17231
17279
17200
17430
17322
17345
17540
17317
17400
17134
17264
17394
17362
17495
17313
17431
17442
17429
17404
17125
17342
17587
17347
17419
17369
17327
17411
17516
17476
17618
17359
16927
17279
17399
17434
17352
17277
17155
17461
17274
17069
17330
17299
17353
17292
17491
17297
17484
17266
17531
17311
17384
17349
17035
17381
17382
17519
17287
17605
17397
16993
17406
17568
17139
17368
17451
17326
17524
17013
17415
17557
16952
16839
17349
17445
17351
17426
17209
17170
17542
17541
17245
17412
16821
17000
17438
17559
17350
17496
17197
17152
17412
17344
17294
17270
17203
17340
17543
17576
17350
17384
16831
17349
17146
17432
17462
17503
17296
17433
17181
17430
17302
17407
17622
17409
17445
17572
17326
17332
17428
17261
17170
17445
17164
17326
17561
17244
17397
17452
17191
17305
17520
17440
17435
17380
17226
17314
17293
17349
17529
17481
17458
17304
17039
16648
17296
17381
17301
17504
17130
17503
17284
17445
17511
17440
17157
16846
17544
17349
17278
17465
17595
17445
17221
17298
17379
17269
17262
17474
17474
17412
17441
17314
16848
17479
17274
17214
17566
17383
17252
17184
17330
17240
17448
17325
17514
17259
17438
17595
16727
17607
17130
17417
17031
17567
17402
17460
17513
17200
17471
17169
17491
17314
16994
17034
17516
17527
17230
17347
17421
17144
17359
17536
17503
17264
17461
17214
17588
17587
16721
17326
17383
17307
17517
17494
17563
17210
16915
17483
17363
17391
17495
17561
17510
17303
17239
17349
17221
17507
17503
17255
17496
17362
17415
17442
17386
17509
17277
17355
17373
17375
17371
17521
17508
17362
17461
17340
17402
17458
17178
17363
17496
17345
17134
17510
17530
17115
17416
17261
17241
17283
17461
17416
17284
17467
17230
17417
17501
17423
17335
17254
17224
17166
17169
17355
17506
17350
17285
17304
17189
17287
17318
17485
17521
17386
17265
17421
17384
17260
17338
17353
17202
17186
17377
17310
17524
17343
17400
17183
17381
17246
17191
17308
16613
17321
17336
17441
17365
17415
17430
17253
17295
17485
17124
17432
17377
17222
17431
17354
17419
17189
17460
17426
17513
17225
17402
17248
17485
17589
17329
17437
17442
17569
17560
17271
17431
17511
17448
17437
16871
17096
17331
17514
17539
17473
17536
17449
17415
17505
17455
17275
17534
17477
17413
17320
17514
17274
17472
17135
17486
17434
17421
17381
17407
17136
17357
17325
17373
17487
17528
17282
17432
17436
17531
17421
17279
17400
17099
17523
17285
17420
17388
17258
17207
17499
17459
17218
17113
17524
17419
17270
17481
17118
17369
17382
16970
17339
17193
17468
17468
17501
17334
17381
17349
17464
17169
17324
17515
17338
17249
17272
17301
17471
17523
17350
17603
17065
17522
17343
17260
17447
17505
17236
17094
17426
17111
17324
17363
17244
17140
17391
17428
17484
17250
17202
17563
17438
17414
17283
17291
17339
17416
17534
17431
17433
17259
17516
17270
17274
17271
17387
17148
17074
16915
17225
17346
17487
17218
17341
17557
17552
17522
17342
17374
17569
17525
17031
17572
17410
17297
17428
17309
16976
17374
17512
17429
17109
17447
17354
17162
17444
17279
17281
17233
16749
17425
17591
17398
17453
17150
17290
17093
17396
17364
17529
17471
17301
17475
17526
17356
17285
17429
17546
17505
17430
17163
17446
17429
17132
17237
17550
17547
17196
17536
17160
17372
17355
17435
17576
17216
17265
17414
17180
17348
16909
17246
17525
17637
17533
17470
17564
17269
17064
17488
17496
17210
17340
17357
17414
17531
17398
17439
17473
16841
17359
17303
17369
16909
17067
17215
17146
17498
17154
17549
17493
17440
17436
17341
17399
17443
17346
17263
17245
17452
17402
17466
17274
17445
17020
17266
17588
17379
17324
17403
17317
17279
17299
17477
16931
17431
17193
17569
17393
17297
17277
17019
17426
17321
17063
17350
17324
17588
17270
17118
17176
17149
17392
17088
17375
16491
17374
17533
17453
17468
17307
17509
17435
17509
17595
17549
17538
17472
17445
17072
17414
17127
17281
17103
17292
17330
17411
17564
17113
17356
17348
17422
17333
17516
17368
17272
17410
17289
17525
17100
17265
17178
17549
17414
17297
17441
17423
17364
17478
17360
17339
17254
17541
17389
17325
17417
17393
17421
17134
17169
17524
17445
17451
16600
17088
17423
17409
17516
16918
17269
17232
17257
16987
17404
17247
17479
17396
17343
17444
17080
17304
17253
17337
17500
17311
17475
17552
17282
17343
17391
17597
17265
17370
17374
17440
17515
17417
17305
17341
17380
17258
17313
17239
17408
17523
17519
17231
17242
16955
17525
17176
17412
17581
17284
17486
17152
17386
17294
17478
17157
17423
17040
17263
17389
17139
17448
17427
17386
17256
17323
17434
17558
17260
17300
17170
17429
17457
17305
17460
17017
17440
17192
16904
17461
17384
17290
17309
17483
17264
17501
17335
17420
17208
17228
17553
17444
17554
17443
17438
17417
17149
17316
17526
17369
17311
17500
17025
17053
17348
17592
17536
17390
17143
17464
17458
17551
17347
17496
17471
17330
17423
17152
17625
17462
17539
17384
17465
17489
16817
17395
17490
17496
17187
17520
17477
17391
17436
17401
17159
17591
17421
17218
17269
17427
17113
17491
17256
17362
17206
17219
17445
17225
17081
17377
17047
17371
17004
17052
17495
17605
17382
17569
17446
17187
17069
17499
17307
17368
17384
17378
17335
17385
17340
17375
17326
17439
17294
17457
17094
17469
17127
17333
17518
16956
17387
17419
17218
17275
17350
17513
17259
17587
17439
17339
17525
17428
17299
17320
17470
17504
17374
17414
17071
17323
17252
17424
17281
17512
17376
17172
17414
17319
17457
16981
17480
17340
17247
17518
17556
17527
17380
17573
17621
17298
17195
17553
17400
17168
17081
17570
17536
17319
17262
17021
17247
16942
17019
16952
17505
17087
17420
17284
17198
17201
17517
17046
17462
17191
17188
17354
17005
17403
17449
17490
17155
17246
17138
17384
17457
17587
17406
17254
17431
17483
17501
17360
17287
17255
17472
17049
17272
17294
17181
17335
17489
17526
17443
17292
17145
17437
17063
17460
16613
17376
17392
17393
17492
17144
17434
17523
17344
17342
17420
17534
17333
17309
17128
17400
17405
17287
17451
17304
17546
17529
17135
17494
17368
17375
17510
17529
17475
17462
17277
17242
17485
17517
16875
17466
17367
16928
17426
17299
17557
17291
17516
17496
17495
17296
17413
17626
17489
17344
17458
17495
17497
17472
17478
17398
16957
17448
17623
17158
17480
17204
17515
17333
17355
17403
17595
17351
17460
17502
17212
17485
17539
17529
17455
17385
17224
17219
17180
17122
17232
17345
17471
17308
17458
17277
17301
17434
17412
17267
17497
17243
17447
17402
17258
17410
17229
17146
17399
17400
17362
17459
17372
17364
17256
17427
17439
17281
17591
17448
16809
17028
17579
17437
17462
17222
17235
17424
17566
17429
17466
17441
17559
17284
17380
17250
17418
17459
17544
17209
17601
17165
17523
17052
17480
17272
17300
17429
16917
17461
17445
17499
17306
17469
17408
17022
17405
17543
17528
17533
17486
17391
17365
17351
17489
17451
17216
17488
16354
17445
17364
17458
17236
17319
17258
17480
17393
17278
17593
17233
17497
17442
17177
17536
17510
17477
17517
17378
17555
17618
17600
17346
17596
17323
17236
17520
17464
17463
17297
17366
17520
17310
17131
17235
17467
17283
17357
17419
17416
17474
17229
17469
17293
16782
17261
16989
17518
16952
17403
17324
17364
17440
17257
17311
17557
17337
17486
17115
17384
17388
17408
17596
17378
17296
17482
17542
17302
17395
17408
17538
17540
17362
17531
17075
17408
17499
17342
17110
17202
17578
17406
17350
17531
17332
17385
17279
17429
17105
17248
17195
17614
17482
17431
17346
17472
17523
17386
17346
17528
17401
17453
17601
17242
17034
17409
17297
17321
17471
17523
17400
17395
17350
17613
17604
17388
17515
17528
17461
17487
17254
17442
17462
17439
17506
17482
17295
17152
17305
17139
17580
17362
17323
17357
17371
17380
17201
17390
17275
17421
17282
17316
16813
17466
17243
17430
17422
16984
17367
17358
17505
16996
17449
17313
17499
17373
17004
17391
17555
17208
17231
17145
17484
17380
17569
17554
16869
17402
17561
17568
17323
17247
17315
17142
17197
17314
17384
17386
17471
17546
17362
17482
17482
17364
17428
17403
17305
17362
17434
17460
17523
17346
17484
17503
17324
17414
17556
16812
17161
17119
17210
16892
17415
17395
17337
17496
17412
17095
17242
17212
17503
17131
17349
17397
17480
17306
17582
17461
17403
17514
17454
17442
17320
17153
17366
17406
17273
17247
17379
17057
17082
17311
17442
17279
17365
17456
17313
17176
17516
17337
17393
17579
17492
17500
17417
17378
17547
17604
17377
17393
16872
17173
17540
17344
17471
17479
17401
17344
17156
17382
17342
17156
17488
17531
17154
17526
17491
17302
17486
17351
17272
17533
17174
17303
17436
17455
17250
17233
17090
17028
17476
17331
17369
17461
17508
17436
17471
17320
17082
17475
17408
17394
17308
17406
17586
17179
17144
17446
17230
17372
17288
17370
17239
17062
17106
17187
17499
17336
17307
17142
17465
17279
17407
16480
17475
17255
17435
17344
17483
17445
17030
17458
17363
17360
17483
17382
17361
17408
17359
17536
17480
17402
17411
17463
17056
17258
17461
17227
17093
17402
17204
17540
17505
17451
17476
17485
17487
17197
17235
17442
17103
17361
17512
17543
17284
17407
17009
17017
17611
17503
17406
17487
17019
17309
17430
17100
17443
17285
17504
17214
17415
17537
17539
17258
17418
17196
17246
17145
17556
17596
17389
17322
17567
17446
17283
17385
17346
17554
17382
17313
17307
17398
17471
17405
17114
17022
17437
17414
17243
17484
17163
17502
17547
17284
17430
17595
17396
16982
17407
16949
17322
17418
17210
17535
17392
17475
17463
17511
16687
17542
17473
17371
17358
17209
17492
17332
17008
17230
17519
17544
17239
17498
17119
16934
16971
17448
17141
17266
17458
16740
17280
17577
17410
17220
17574
17226
17367
16983
17159
17382
17468
17551
17269
16882
17624
17388
17462
17556
17484
17439
17361
17162
17241
17089
17315
16964
17432
17250
17259
17399
17040
17344
17248
17464
17301
17274
17406
17431
17348
17500
17240
17170
16850
17311
17368
17394
17317
17116
17275
17463
17593
17364
17570
17358
17452
17460
17335
17437
17515
17318
17303
17487
17228
17608
17377
17242
17434
17413
17369
17347
17363
17331
17455
17428
17370
17324
17450
17218
17583
17365
17346
17287
17328
17306
17458
17563
17003
17027
17321
17542
17283
17467
17373
17415
17306
17423
17193
17520
17139
17535
17297
17304
17103
17439
17049
17517
17435
17220
17247
17355
17276
17569
17312
17173
17424
17237
17550
17258
17091
17266
17410
17426
17185
17478
17525
17494
17268
17392
17427
