14421
15175
15611
15828
13344
11995
11903
15687
15483
15018
12995
16312
16106
11644
15508
15571
15780
15235
16006
10304
16106
6520
12346
15430
14660
14199
15250
15542
14825
14073
14041
13871
6522
13426
16456
17033
14301
15642
13689
16125
15575
12479
13166
14607
11487
16167
15986
13519
15286
12992
15343
16239
14886
14811
13085
11463
13341
9615
15135
16254
15699
14021
11724
14759
15401
14994
16042
11189
15185
14236
10509
16599
8522
13020
16653
11673
16429
16703
11751
13628
12436
4115
16175
15790
13102
15946
15447
12726
16038
15664
11270
15363
15833
14351
12992
10128
11294
2398
10779
15916
15741
12606
6148
14474
16519
10750
16465
14687
11609
12953
10035
13438
12098
13778
15078
16867
15906
14497
4351
15812
15323
5131
15689
14150
13125
17256
14740
14758
16144
14496
13219
16424
13979
16109
14766
15259
15357
14103
14049
10420
12779
15877
13419
13801
16030
15890
13349
15490
12376
11946
15653
16632
14789
15927
7876
15920
15232
16564
15450
16492
9116
10406
16381
14381
14990
16521
14008
13217
15210
14276
14921
14210
14776
12851
16032
15205
12889
15441
13281
16251
13104
15615
14477
10326
16016
14359
10054
15991
13609
12618
13580
16403
13527
16393
13246
13991
16508
14894
13266
14360
15655
13442
12537
14868
15956
13870
10065
13992
15771
16701
15815
14634
13361
16417
15643
12935
15242
16162
10982
15632
15995
14890
15107
13067
14395
16914
14263
14651
15501
14046
12352
15665
12512
13672
14801
6933
11903
16372
15666
13563
14811
16341
15878
16859
14895
7686
14423
10275
14889
7965
16542
7950
14770
13825
15659
14453
15543
14107
15272
13870
17055
16853
13449
15442
14598
13938
14231
14948
16013
12062
15649
16589
14565
3441
15144
15939
10616
14865
12991
15153
16298
12571
10080
14201
14990
16519
8893
10384
12332
15839
12025
14927
13342
15683
12728
13433
14449
6624
16541
9697
14842
13897
15480
11542
15219
8242
16750
14152
14283
10367
10488
5047
6977
8136
13852
16183
14621
13791
14419
15725
14970
13425
5406
15805
12736
15895
16900
15829
17033
10962
14653
15855
15883
14681
12192
14584
15825
16058
11253
16086
7928
12781
7813
15444
15092
15772
15804
9564
15189
15555
15908
14504
15330
11739
13999
8267
14448
15029
16278
12038
14365
14651
15349
13349
15266
16554
15453
15848
12650
17060
15964
16637
16775
15244
14775
16472
12796
16541
15072
13942
8090
16778
8183
13650
14483
7687
16291
15661
16085
12503
16694
5448
15247
11543
16308
11894
16429
16172
13257
13422
16650
12809
16072
12444
14117
11214
12928
13372
14746
15248
15499
11475
16290
11271
15184
16107
13655
14107
14538
15281
6348
15909
15721
7891
11197
16203
14061
13522
16009
15668
14467
15723
16698
13787
16562
14920
14413
14115
9165
13711
16791
14935
16806
16225
13665
14332
15229
2597
15832
7185
15280
17052
14730
15997
11128
15675
12206
11726
16901
14463
15277
12039
14355
14784
13693
12253
16537
16260
13877
16056
13502
16417
15130
14280
16054
15089
15308
15185
14322
16382
16411
8128
5808
16333
14171
16907
17298
14416
12338
9301
15921
11270
11791
15587
12173
11727
13586
10802
16461
4557
13732
11144
15002
14387
16236
15994
15529
12650
13940
13893
15287
9141
14527
16983
16976
14178
13860
16128
12984
8952
16230
16691
14363
15705
10041
15920
14146
8765
15013
12446
15419
16618
15480
14656
14776
12762
15403
12739
15279
16900
14209
16413
15512
14974
16013
16349
13588
10409
15884
13370
17057
10409
14128
15903
15110
15534
14354
8572
12019
11924
13511
12775
9205
13985
16105
12681
16711
13294
10756
13073
15283
17244
16375
14318
15734
10780
15658
14704
16678
16437
14156
13745
15201
14070
15308
16608
16502
13355
15833
13107
16457
15008
12059
11811
15802
15868
15973
15614
14195
14242
15677
14822
10283
11581
15916
9426
14781
17012
15450
16508
13960
13911
8476
13151
10976
16159
16163
14864
16469
16667
14937
15819
16726
13892
16717
16421
16794
12252
14011
14547
11275
14804
11625
14002
12418
14628
16488
15364
11023
15892
10843
15888
13763
13689
16181
15991
12183
13149
15031
15631
15601
16149
13765
14836
14125
9616
16497
14352
12243
15577
15598
13586
16281
14374
9015
16113
15765
13192
16779
13951
12503
14389
15403
14469
16217
16131
14147
15624
14436
14659
16643
11261
16377
13855
15257
12875
13342
15311
13834
15380
12546
14205
13538
17065
15935
16678
15315
14033
15942
14973
15282
15025
15101
14689
14439
15484
9645
15594
15333
13392
15374
13714
14837
15000
15865
14997
14708
16240
15877
14499
15010
11959
14944
16986
14415
16043
13052
16752
14742
14116
12919
8901
16096
15660
16583
11132
14778
15226
8918
15109
13533
11869
14505
16843
16599
15214
14059
14042
15523
14586
16580
6448
15530
17093
13208
9999
13453
11451
13335
16778
16655
14362
7877
13070
15211
10844
13695
16277
16820
16653
12126
16559
13151
12665
9477
12629
16201
7641
8078
12701
16788
16457
16388
11846
14110
14410
15965
16488
12253
13043
11773
14568
14757
15787
13708
14772
15268
15736
15211
9071
16665
15870
7220
16731
13711
13764
12452
13572
14416
16442
12555
14444
14093
12759
16372
13083
15637
12947
15822
16402
14495
14991
15098
15496
16127
13438
15622
10528
14405
15988
15883
12371
13562
14201
15964
14616
16189
16158
15059
10022
16980
12220
16152
16872
15737
10570
12590
12798
15590
13382
14586
16501
15510
15623
14590
16603
16473
2669
15784
16524
12798
8023
14608
15018
5854
16625
13810
15256
12537
15448
14212
15473
692
12554
13794
12995
15554
15415
12534
15564
12405
14829
11262
11433
16408
12500
16843
16554
17075
10974
14469
14575
15435
13398
12381
11047
15285
15537
12035
16540
13880
15018
13494
16834
13173
15559
14911
6294
15026
16253
13903
13853
15222
13846
4800
17093
13358
6117
15445
14824
13569
16148
13574
15022
15227
6711
14484
15015
14291
10548
16167
14124
14958
14125
15961
10220
13359
16764
16746
6514
15181
13948
16103
14187
14534
13645
12783
11376
16876
13924
16215
14318
14793
15358
10600
16231
10214
15198
15444
16395
15195
14955
15487
13935
12479
11801
15140
16260
14461
16839
15404
12250
13624
15498
11300
13026
16384
14130
16305
16242
13054
16370
11817
16816
15129
16384
16118
15141
13730
6795
16468
8099
13664
16071
16002
14730
16975
15589
13923
11011
15187
11790
16703
11711
10007
16870
15977
13364
16948
8242
6878
8956
15358
10227
15109
14411
15788
12354
3157
8020
13111
15607
12964
12404
15584
16306
14099
15410
6875
12222
13686
16118
15868
15671
7269
14739
15670
10967
13447
16155
12080
15786
15781
14906
13374
15828
13730
16125
14486
16828
16371
14351
3562
16719
13936
15797
16384
16611
13707
14614
17107
16551
10240
12757
16846
15599
14121
15875
15621
10915
13185
14772
15432
17367
15886
15299
15727
10873
3817
14885
12063
13684
16507
8718
11453
10871
15511
12734
12834
8660
10350
15034
11588
11341
14965
11741
15965
15233
16350
12152
15225
10490
16141
14894
16328
14096
15608
12904
13669
14827
11091
12718
8348
15398
16392
16060
14481
16049
15444
16048
9412
15125
10653
13752
14067
14485
4081
12940
13686
14462
8747
16174
14338
15158
16567
14605
15687
15284
14539
15277
14154
15167
15801
15773
13995
11797
13581
15428
15641
15785
15896
15626
13860
14984
11891
16425
5638
16047
14937
16211
12166
15513
16100
15360
13654
12432
13029
15538
15895
15930
11400
15297
14669
16060
14808
15031
15836
15634
14348
7106
4367
14776
12691
15529
12389
15319
14739
16335
6807
15181
16725
10558
13390
14534
13512
14600
11845
10814
15529
16300
14306
15415
14346
6273
13721
12169
16791
14942
16325
16031
16261
5973
16990
16464
14811
15192
16064
15796
12632
15784
16213
14533
16321
8494
12458
13682
14169
14040
15619
15639
16431
13973
14952
14939
16636
14653
14881
11243
15805
13884
3782
15296
17045
13725
15125
12003
16112
15072
12783
14435
15175
9696
15233
15842
15409
13432
16315
13713
16068
13376
17228
15281
16134
11571
15943
16480
16388
14477
13847
15665
13227
15757
14481
15123
16341
14089
16502
14912
14476
14473
16748
15520
16482
16380
14478
16266
15397
15610
15840
14141
15197
16155
14619
14944
13644
12443
16243
12813
14983
16545
3412
15711
13344
15262
15176
15419
15482
2206
14807
14858
13263
14215
12456
16267
15002
10533
14328
17231
15512
9542
16666
13705
14395
13527
11916
10533
12755
12620
14805
15228
13135
13417
15912
14986
15431
15552
12834
13116
12870
13140
13631
14473
13364
14429
11884
12527
12748
16028
15928
14819
12974
13246
16350
14425
16501
15251
13102
16248
15738
15324
14955
17015
16085
10709
14470
4536
10080
12904
15212
14700
15193
12245
17462
15409
5999
13972
13982
15565
14518
14820
12678
12958
14294
14492
16708
15718
16687
15615
7420
13971
6540
16085
15625
11867
13791
14723
16610
4217
14866
8305
15210
13720
14205
10714
14033
15554
17267
16645
14379
11414
12418
13462
13862
16544
14619
16178
10376
15979
15090
11577
15986
13918
12562
16895
16907
13386
16516
16688
15881
14968
15462
15231
16602
12363
14931
15688
15004
15384
16050
16884
13256
14006
14278
15293
15137
14204
14061
14080
14773
13402
9571
12236
10465
15293
11900
13330
15393
15130
15010
12517
13888
13819
13112
13700
16095
14464
15279
16080
16599
15131
16332
14900
15863
16301
14874
16817
14791
17066
16710
15126
16192
12330
13795
16103
14788
7946
15523
16296
13763
13297
8080
14289
16019
16571
9260
6069
12852
13172
15078
15922
16194
16592
9394
16300
16714
15339
16799
14608
14381
16194
13366
9766
15462
13882
14371
15417
15511
13495
15095
14862
14901
15294
14599
13125
15535
11310
13755
17200
12229
13492
15369
11604
9223
16641
15757
15364
16311
14686
16344
15332
10857
15986
14768
15779
14876
15992
14241
5771
16332
15761
15000
14134
14951
13562
14848
9285
15045
9531
15172
14013
12992
15477
9601
14872
16005
13150
16309
11017
16094
11971
13554
11214
16610
14789
15236
14664
13268
14745
11710
9439
15659
15129
14813
17009
16642
12743
15704
5178
15473
15900
15334
14604
13581
12632
15594
12319
10034
12058
15649
11685
15157
16902
15924
15491
12176
16612
16582
13830
11799
11942
14384
14456
14901
16155
14604
14858
15964
14177
15852
15306
14905
12339
13930
11628
13670
14711
15624
16605
16099
11243
14459
15937
11230
16805
14731
15495
11588
13684
14159
16101
6862
13126
15000
15931
12619
13147
7994
16516
14553
13173
16212
2214
9822
15918
13687
12133
16002
15428
10184
16059
13501
9320
16075
13317
7343
11862
11480
10652
16055
11813
15104
15059
12231
16592
14849
11454
12049
6809
13564
16355
12975
14581
10063
9838
16259
9483
14691
15417
14964
14321
14585
15049
15795
13664
7789
17124
14231
14544
14253
16154
15567
13955
16002
15389
14882
15824
16593
16256
16679
11779
11832
16068
10032
15767
11868
15289
16997
14846
12954
9839
14023
16351
15618
8699
13845
11566
8811
16194
15092
15180
12922
15247
13827
8316
13546
14723
15363
14733
14318
13112
15823
15344
15177
15268
14118
15398
16062
14863
5819
14840
14712
14052
13908
14037
16555
9978
14379
12012
13529
15084
11538
16847
15922
13003
15661
14028
13903
15960
13409
11951
14972
11735
15882
11305
15879
14041
6010
13090
13993
15226
16445
15260
15586
15187
15417
4502
15199
12341
14526
16404
13314
11342
16311
14556
15962
13606
9718
15865
13444
13573
15372
14611
8338
13701
14759
13568
13278
16515
16720
12452
15514
16593
15418
14361
15090
15867
15447
11441
16028
10615
16586
15018
15682
12517
15033
13297
16846
5513
16771
15350
15916
15857
13732
10507
14722
12881
14455
16394
14856
16850
14805
17211
16327
14839
16432
16637
9945
16423
14735
16184
14348
13064
15899
16977
13413
16759
14299
16012
16488
13953
16736
14607
12009
15630
16846
15809
13963
12205
15243
9302
15153
13882
14861
8369
14760
8364
12415
14786
11794
15453
12290
14920
14378
14611
14848
13060
16635
15353
16407
15260
10177
15739
12903
17386
13121
12212
17198
15928
15938
16495
15060
15354
12861
13002
15801
15451
15942
14327
15188
10578
15547
11294
11806
15034
16039
16499
6350
13843
15283
15987
16905
3814
15257
16886
16645
16924
13503
13178
14951
13565
11052
14382
11228
14401
15041
11519
15723
17041
10833
15714
15130
15900
12372
16250
15196
14324
9165
13737
16711
15413
13527
14866
13337
16139
14633
15509
16550
16732
12381
2995
16372
15272
15194
12385
13221
15871
15820
14649
9444
16755
15640
12221
14042
6947
16336
16816
15440
14380
15607
14983
12656
15749
11570
16330
12832
15277
15957
14736
12382
14719
14776
17307
15459
12854
16384
13461
9654
12613
15757
14241
12313
14630
14805
12887
13148
15850
16781
12040
15826
14060
6586
14402
16512
15171
13686
10723
14199
11940
14575
16490
16371
13862
16592
14007
8615
14060
15016
15294
16781
16039
9640
15418
16048
14365
13993
15175
14289
14601
16231
9067
7976
8237
13524
14637
15113
15315
15205
14896
16096
11531
15781
15444
14110
14115
15361
16002
14824
15313
13983
11029
16357
10961
14538
16238
15199
15748
14455
15036
14555
15713
14592
16374
15618
10940
11348
15288
9792
14018
13005
7579
16091
14872
11782
9504
16196
14139
14931
14406
16242
13064
12123
12882
16171
13402
16609
12357
15001
13110
7693
16305
5646
12451
6534
10986
12360
13640
9667
15249
14713
6486
15639
16949
15392
10138
15733
16437
16404
16359
15246
14437
13595
15147
13640
15390
12257
16447
15879
15567
11303
16494
11614
16659
15881
15732
11815
12718
13669
15244
16106
8823
16601
15144
14092
17021
14712
15317
14714
15500
14746
13645
15966
15043
14576
15497
13977
12904
14508
14714
16012
16641
9918
15032
16792
11010
14264
15530
9014
17002
15296
13683
12872
14479
10252
14120
17120
13492
16456
15194
15573
8373
5742
13382
14241
15279
16730
15932
16545
13290
15076
14837
15650
14963
15065
13815
16023
14215
15752
11504
15480
15195
3959
14866
16122
14134
14829
14689
16264
15318
15683
15934
5784
16619
13712
11977
15048
9075
16071
13052
13151
16216
15460
12654
13142
9886
15203
14793
13489
14641
15621
14840
14846
16752
14534
16742
15661
10113
14945
15782
15028
15480
16933
16006
13854
16298
16655
11778
16173
15841
13615
13159
15207
13192
15849
15052
14153
16965
13764
15245
13056
15320
15179
13426
12320
12769
14565
7371
11172
14029
16679
14882
11816
15668
16604
15320
15930
10628
16710
13991
15934
16959
16203
15390
15119
11785
11692
13074
13814
15906
15017
15773
15086
14900
11221
10869
15724
12974
16616
15569
12692
10588
14620
14675
16021
11462
9991
16705
13554
15240
15241
8821
14788
16317
14120
15322
11876
13711
16441
15664
12945
17055
12930
14846
13624
10385
15085
14595
14701
13738
15280
9802
8643
13287
11286
15173
14288
10568
17120
15700
15151
14003
16096
10625
14137
13081
16206
14251
15055
16872
13079
14354
12624
16456
14022
13580
16540
16202
14289
16414
14150
15337
14429
9183
11412
14194
11367
15817
15696
15422
12895
15328
14565
11317
15942
9175
16638
14340
16737
12189
16578
17165
12540
8408
13695
13680
16185
13987
13881
16497
9917
11315
12608
16301
15343
15548
14150
14677
14460
13743
12557
12129
7993
11732
17258
14908
14799
13801
15076
16265
12113
15289
17144
15299
13977
14376
11947
14558
15285
14525
12809
12500
14314
15847
13934
16262
15708
15939
5419
12553
13721
13604
15100
10682
14138
16258
9482
15059
12948
15730
9001
14190
16185
13303
13266
9771
10479
10387
15166
14587
12606
14337
15979
16124
14172
16279
13066
9296
11360
12438
12896
11076
14094
2786
15718
11060
15343
16863
11901
16298
7153
17019
14942
15639
15781
14804
12220
15955
14430
13358
12202
14864
15760
15736
16215
16424
15222
9936
15430
15214
13982
14990
12921
10746
10296
16000
15462
14374
14818
7903
14273
7224
12610
14236
13378
16309
16060
15407
13976
5099
13480
16056
13458
16067
14830
13143
16446
10484
16909
16432
16030
15144
15011
16831
11854
13139
16337
16626
15040
13059
15954
13780
15018
16413
16739
15718
15599
14581
12902
13638
14405
16728
14183
13434
16374
15315
13609
17155
12335
13588
16515
14509
14453
13100
16752
13434
14983
16171
12608
16177
12184
15082
15640
14579
12272
10756
16300
15499
17078
15413
15289
10556
12661
10138
13221
12465
16704
14986
15074
13392
8997
16049
11358
12090
15202
15860
11321
11494
15192
15276
11354
11263
16247
12488
15315
14674
14444
14070
12538
10985
15934
15244
15472
16899
14587
14737
16164
14160
16815
15683
13285
16317
9365
8519
16094
12980
5327
15861
15899
10715
10285
15401
15467
14897
4515
15323
15221
14849
15474
16523
9479
4133
12743
15442
10025
14504
16060
12180
15667
13524
12826
9542
13304
13639
15288
12642
16172
15920
12983
15362
16423
15264
7672
13083
14191
6878
14755
13103
14870
15639
15629
15982
12728
12932
14060
11308
14182
15250
11122
12537
3558
13691
16270
10886
14553
10471
13392
13085
14767
17170
15781
13606
11840
13841
15118
12932
14345
13330
14870
14847
15925
13286
6109
13947
12732
12952
16389
13245
12669
15073
12275
15122
15648
12549
12269
16809
13573
11810
13436
14094
13576
13735
14808
13271
16222
14814
14512
10189
14658
12598
16460
11708
17022
12354
15511
14744
5776
15393
12889
15379
17089
10628
12451
16343
16456
16106
13213
14446
16703
15116
12234
14743
10083
15021
16420
15405
16170
14322
5722
14246
14120
14668
15952
16111
13797
15446
2415
16442
12495
15567
16283
15877
7136
17055
15948
15394
16065
14851
14602
14705
10282
11337
14755
15144
9920
16106
14410
10739
14499
16591
13077
14884
16200
14223
13853
13673
14524
15171
12554
15151
15593
16806
9486
15221
9030
13838
14624
7775
15726
16076
16199
15797
13301
15572
9734
14511
15331
13686
16960
16524
15550
15539
15229
16315
5641
14394
16657
15788
16063
15971
12715
16479
13300
14527
14474
16995
15785
12663
12916
15783
13271
15784
8328
16115
15331
11249
12664
16699
15949
13822
9518
15495
1457
8527
15455
15138
14070
15364
14436
6960
10599
13775
16276
14941
16304
14534
15743
15606
12739
12639
14280
12853
14753
12921
8827
12319
14077
14302
16130
15132
13523
14538
15336
15256
15826
15265
14647
16276
15416
8069
14644
13928
15164
16521
14710
11350
9025
14412
14465
15018
8429
14595
13230
15826
14341
14138
11169
16483
8364
15896
14378
15442
14287
13992
17069
13795
15950
14775
16835
14686
13964
5767
15468
15086
11042
6928
15907
15596
14856
15564
10711
13430
14755
13826
15520
10664
12944
14218
16977
13180
17000
16685
16956
14128
16177
14241
15286
16346
14654
16147
8696
12267
1863
15915
14786
16965
15661
13165
16521
14852
16850
14451
15044
12725
16171
11281
16634
6311
8522
14470
15281
15287
16120
14670
14969
14704
8511
13448
16759
16712
7573
16255
14576
14253
14614
9154
14675
10310
14839
15453
15986
6733
13405
10001
14473
6330
15643
16479
16086
15221
13688
16144
13013
16467
13674
7506
15516
11136
16737
10798
14340
13601
14314
15192
17183
13301
14206
16763
15253
9675
14840
15368
14537
14221
13571
16215
16121
11616
11577
16878
14940
13018
16792
13171
15576
14267
7633
13263
15615
16001
16626
16254
10869
14736
12611
15014
11564
9966
16663
11258
9995
13553
15775
14056
15664
14671
14183
13684
13318
12194
13214
16119
13648
14535
15241
13724
14748
16786
14363
14111
11076
13853
15219
14299
16697
13005
16795
16360
16726
12538
2441
16105
10265
12656
11002
13481
15471
15220
14425
15059
13195
14117
9613
17178
15043
13477
8508
13612
16862
16507
10740
9521
13510
14411
14309
15610
3769
13247
16000
15508
13549
15392
5854
9708
16576
15651
17012
12753
13434
15933
9780
15804
16331
11390
13804
12419
9200
16735
13422
10910
9417
3705
11768
16038
13586
14645
10489
13006
16773
12346
15263
15307
15070
15338
16128
14673
11109
13918
14519
16043
13939
8552
13403
16031
13831
14515
13600
15804
15060
12621
16771
15387
16413
14823
16745
13547
15593
12215
17067
17226
16543
15176
14131
15839
16216
16590
12602
7830
16101
13083
16215
10781
12003
13638
15727
16627
16068
17041
15558
7184
15853
13012
12254
17227
14289
16025
12793
13197
17091
15107
11632
13257
15049
13634
14802
13986
14407
13537
14359
15676
9368
11437
14756
4448
13021
13671
15234
15142
8359
15738
14236
9466
14733
11488
13082
16405
16274
15167
16394
14811
14966
11887
15215
14241
16596
15876
7241
15608
11469
12250
15593
15588
14694
15428
16063
14859
15825
15700
15348
15984
14568
16794
9345
16291
12488
13927
14987
16026
16310
15136
4136
16761
15201
16584
14814
15860
14361
14915
14223
16992
14757
16646
16312
12313
15221
12902
14922
13262
17079
16136
15359
15207
10382
16317
16471
15395
13168
13666
13825
14723
2212
11840
13590
12646
15816
15499
13580
13417
9772
12381
13212
17026
14705
11982
13221
14950
5702
16689
15800
14794
14972
12660
13959
14607
15410
16175
13675
16425
16198
16131
16268
15964
14706
15928
14948
13087
15632
14383
16045
15481
15357
13867
13452
14411
12441
12722
15317
12765
15011
14579
12403
16445
14907
13319
16601
11527
14934
16520
14943
16697
15437
13440
7354
17009
13072
12812
15701
15017
16745
16856
13575
12941
15455
16297
16008
15832
9687
12556
7859
14133
16952
15396
16023
13240
10285
15931
13730
17207
15697
16072
17077
15219
13014
16612
15460
14223
14430
12998
15935
12578
15737
11912
14972
16272
12746
12298
11700
12031
14896
9131
14729
16715
15116
14621
11228
15819
15643
16570
11752
15354
4234
13029
3250
14049
10064
11568
13594
15478
13298
17046
10215
16780
13309
16257
15628
13722
14502
14546
14993
15865
14424
15088
14796
14051
15479
8818
14001
15981
10554
15349
16358
3269
14188
15425
15129
15563
13936
13482
12140
15536
15745
7330
15790
14773
16245
14054
3417
12031
12539
13926
14282
16649
16959
14574
12355
13650
13890
15818
15078
16274
11261
10780
16308
16526
11933
14352
17025
15531
15716
10954
16334
15709
15554
13282
15175
13194
15098
6233
16376
15402
13498
6539
14915
14272
11297
8802
15084
9131
14447
9136
14862
15302
14388
14544
16351
15227
16535
16489
15499
15509
14191
7606
17068
15791
16679
13496
16401
14943
5579
11241
14447
14981
12254
13211
14237
14111
13500
14792
15685
14541
13068
14891
16610
8947
13010
15017
14206
13182
14782
17070
16548
13562
13694
15589
14472
12023
12787
13071
10380
9936
14198
12300
11790
15893
15629
13194
14042
11648
16044
16566
10520
9819
15345
11899
14697
16992
15827
10792
11652
16194
16184
15503
15948
14053
12470
12985
17243
14494
15856
3872
13971
16407
6913
16270
14036
13509
15377
16530
14083
14607
16340
14857
11387
12445
1316
13828
9271
11606
12984
13063
12826
14919
16321
14577
11381
14871
12897
14833
12705
13375
12242
16333
14398
11582
15897
13078
12296
12415
16463
16375
11751
16950
15450
16383
16153
15429
13666
17293
15547
9564
12996
15545
15297
12821
14228
8095
15436
14495
16705
13112
11844
11275
13595
14134
16184
9777
12206
15634
14827
11540
12570
14527
14158
15426
16974
16546
15230
13526
15507
16045
16032
15826
12151
10898
7207
15661
13859
14851
16442
13589
15668
11268
10719
16884
13069
15493
16238
16169
15163
16073
12964
13339
17055
13914
12657
14886
16248
17163
16100
15795
14139
14700
12897
12118
14619
12570
16056
8434
15422
16334
13745
16458
15725
16981
13611
14931
15392
15719
14785
15288
13857
16938
13418
15594
17048
16414
14332
15455
12305
13498
11318
13317
12788
15425
13974
7308
14126
14743
14894
8504
12407
14324
8975
15579
14946
16610
9066
14007
15060
17013
13479
15828
13109
15900
16249
16433
16722
14440
14110
15383
16521
14905
12955
16205
16307
14159
13633
16369
14543
16136
16108
16561
15897
15696
12362
11406
11300
16158
14347
13505
2421
13432
15005
13313
10757
9843
11990
15951
16998
13471
13985
16156
16927
11695
16302
15173
15961
14433
13928
16205
15047
16052
10782
15561
13720
15124
15330
15496
16304
13484
15199
13327
12387
14377
12430
15488
13503
15604
16424
14178
15056
15250
13620
9289
15086
13876
14603
13610
11992
15796
11518
13170
12894
14840
15623
15313
16284
15170
14337
14515
16374
14042
11791
16308
13500
8208
15803
7380
16693
14586
15661
4339
13142
15973
14891
15374
15706
12335
16737
15738
12393
15781
14930
17000
11544
15193
14119
3925
16337
16210
5657
14124
15672
14435
12900
16026
13008
16924
15774
16182
11068
15347
13246
13090
12002
8505
16667
16552
9732
16039
13307
12479
8509
13668
14412
17131
13081
8536
13249
16394
15676
15662
12935
16307
15611
13091
16440
10959
10449
15901
12398
13448
15242
13930
15363
16166
12794
17335
15480
14810
16338
13570
13068
15385
16299
14517
14844
12979
15370
15483
12645
15227
15515
15615
5461
15299
12379
11904
16169
11835
14916
15824
16484
14169
13367
16116
14047
16553
16305
12392
14168
16427
16197
14388
12141
16928
11173
14936
14773
14205
14169
16363
10318
13690
14916
14754
16736
12825
10971
13912
15766
16023
10838
14311
11769
5843
15298
13267
14333
16101
14397
15744
9516
16932
15422
9729
15565
15932
12706
12823
11700
14991
12783
10163
16094
16948
14928
13132
4726
14150
6787
16648
14829
14471
17260
16511
13971
15377
8323
16416
13310
13975
13657
14830
12409
11948
16375
8869
8410
15201
15334
16357
15351
15043
15179
11321
16404
14658
15229
13855
15017
10937
14925
15707
15769
14116
9595
14682
15053
14423
14295
16586
14395
15591
14686
15772
14874
15958
16587
13915
15134
14343
16159
12946
8232
11351
11210
6088
12573
9410
16303
15864
5494
14472
17191
13442
13831
16478
16542
13354
16784
14253
11061
15415
13795
13572
13022
12935
11477
11086
16641
9778
9121
15686
15703
15742
14988
14761
13976
17058
12982
14130
15900
15876
11945
12705
12581
14890
16690
13799
14502
13810
16153
16001
13340
15358
15455
12976
13677
15885
15341
15882
13464
16403
15767
16077
14670
15423
13276
13560
16675
14006
16418
14821
7325
11217
14377
16894
12681
14886
13705
14243
12381
16297
13905
14857
13835
11831
15590
16248
15306
14065
15728
16077
13234
14866
15537
10995
11310
9015
13215
15207
15455
12374
14791
12893
15857
14308
8945
15040
12888
15730
10450
15617
15592
9325
14271
9554
14430
15112
15044
16573
13155
16073
16418
14270
16057
15522
15548
15871
15109
14704
14044
11620
12198
14159
10921
12944
11917
13711
15125
13824
15853
10495
12854
14882
16619
16296
16361
10943
15591
16400
12357
13146
15181
15991
12559
16335
14484
13845
13182
13735
14488
16203
14522
9569
13103
14443
9669
14740
12144
15407
13704
16255
13225
11336
13709
13421
14511
15866
14575
15343
16151
14683
6954
13714
17217
12497
5721
15102
17554
14478
12677
11008
13600
15020
16559
14849
10430
10499
16681
11203
16003
15237
17288
13315
13120
14304
15831
16151
15400
13590
16483
15770
14019
14570
16323
15158
17068
11490
6823
8848
16405
14852
15593
16604
16932
14593
10899
14571
15669
14048
14317
15727
15113
8284
6321
14976
13454
17367
13239
13424
14312
15366
10879
14120
14997
13710
17070
15604
12494
15430
8819
16529
16240
11936
16064
13884
4597
13194
16550
15860
14586
15175
14457
15414
6684
13147
16561
13291
16834
9631
15691
15155
15844
15547
14024
15567
16228
15221
15855
14747
14610
15923
14559
15587
13432
13195
13271
14047
14409
14391
12729
16136
14610
16247
17004
14888
14450
15757
10696
14704
13178
15045
16325
16194
11182
13148
15109
15985
15786
16614
14922
17107
9706
16917
15988
14704
15062
14405
15340
13415
12762
13739
16224
15543
15733
8242
9823
13066
14760
7787
16424
15759
13772
14932
12498
16916
10031
12433
15522
15897
12835
16256
15957
9776
13409
15647
13954
13004
15617
15438
16275
15278
14826
13397
13700
9259
13211
5474
10402
14978
8457
13112
15502
15858
15357
16500
14596
12380
14426
13182
15003
14610
14348
14882
13283
14300
15881
13857
16133
16252
16410
12344
13977
13729
13949
10354
15474
14088
16442
11121
13688
4695
15081
6914
14626
16391
7508
7211
10047
15409
11262
16405
15036
14934
9186
12534
13657
14794
14357
15503
11695
16666
15048
12692
15420
16999
12641
16948
14690
15819
13539
13144
11934
5113
9225
14418
16153
14942
14364
15906
16811
10527
15831
15155
12358
14395
15833
16861
14316
14617
13743
12917
14127
12756
15405
14361
14329
14070
7389
15094
14999
15653
13686
13390
15168
16648
17048
13374
12539
14681
14471
14086
15076
14659
15590
13470
13886
15701
15678
14868
16278
15144
16157
11375
4537
13956
14164
14120
15822
15277
14126
13193
14259
14952
16424
12381
16985
13431
15911
15878
13273
16403
9017
12067
10987
14967
15802
13021
15541
13527
14317
16125
15560
16870
13011
11444
16291
13061
15734
15517
16594
15198
15323
10939
15788
12875
2348
14351
14474
15450
3257
15082
16448
15427
12750
14621
11739
14875
12152
13422
16640
15795
16910
16597
10987
8788
11731
14762
12324
11788
16613
12599
15555
14791
15731
9560
15317
16471
15768
10043
14809
8314
16480
15820
6697
12652
4171
13423
16751
14886
14363
12282
15823
14495
16603
15734
16796
16859
16728
13142
13270
13153
13727
15962
15784
15502
15654
14589
14841
12775
13511
17229
14944
16631
11729
11714
11424
16512
15515
14098
16943
9775
12795
13532
15520
15796
14440
15457
12392
15368
14501
14528
15044
15737
3778
16337
15932
14562
13510
12796
16214
15735
16217
15017
14208
14237
15118
15997
12462
3931
13672
13944
15341
11248
15690
15570
16308
16470
16358
13505
14955
13938
10795
15160
15596
7960
12914
7287
15487
14698
4736
11891
9712
10437
13397
11431
15053
14631
12804
10727
16716
15750
13633
13735
15620
14562
16223
15410
15394
16208
14398
11301
12772
14689
15115
10752
14002
15591
16087
14335
9886
10581
10417
16780
14205
14273
12170
14082
16288
16375
15514
11191
15657
15149
13985
15545
15860
13126
13967
16846
12087
15504
16575
17044
7543
17028
14054
13816
17155
13642
14120
12809
12354
11543
13113
14095
14138
16162
15385
13291
15006
15912
15170
7530
15264
16648
14769
14273
15913
16079
15811
12874
16090
11401
16075
14838
14255
16421
16181
9780
15140
15841
14099
14260
14850
15138
16533
13723
14982
17104
15548
13695
5781
15817
15059
15768
14363
16032
13522
13263
16207
15190
14592
13336
14836
16480
15522
15178
6723
17254
15627
15882
16978
15013
15089
16418
15481
14541
13883
12960
16967
15233
12891
14568
12729
13983
17079
13521
17105
13821
15736
12101
15674
7668
8648
16941
12722
16445
16499
15331
14568
14454
16621
15252
14254
15155
15261
17214
13713
16298
12804
15370
12674
14256
13780
14698
15694
16756
16728
14849
15147
13970
10262
15408
14106
13917
15978
15250
11848
16096
16635
15746
14872
16740
7111
16264
13820
14231
11310
13512
14707
16353
15433
15408
15208
14806
15486
16253
14977
12378
15484
16548
16764
16718
15333
16235
13939
11629
10530
15678
14639
14930
13861
10374
16440
13860
8585
16020
14383
13593
15924
15905
12299
16504
11384
16359
15799
14895
16295
16185
14690
15746
15425
14310
10442
13727
15177
15223
10701
6511
16252
11256
16983
13442
16915
15003
15025
15127
15348
13936
16962
16036
16043
14848
13178
15552
15364
15424
16821
16967
15623
15331
16591
9512
14853
14630
15035
13170
16465
4516
9804
8164
15436
12167
13852
15431
14377
15881
13984
16767
13839
12837
16555
12377
16893
14844
16129
11677
14771
15843
14921
10986
15525
14972
13972
14719
14542
15089
11829
16734
14149
15127
13703
13549
15921
15059
14155
16630
14699
16350
16038
10087
16489
14160
9081
15127
16504
15616
13327
10680
14627
5487
14973
15277
15270
7130
16756
16911
13961
14264
15517
5785
15393
12934
13962
15243
16449
15864
11180
14926
15389
13489
9793
14566
16680
13585
14625
16649
16638
17183
15746
5433
14221
15847
16309
16211
14077
15439
16374
14261
14551
12314
7357
13939
12612
15488
15716
15761
15422
12634
15392
14043
16204
15908
15429
16636
15333
12002
15412
15552
14419
16655
13191
15454
17201
9652
13436
16165
16584
16502
14652
16715
13996
15731
14281
13500
14097
15446
14227
16249
15177
14302
13050
15788
14365
12119
15480
5990
10589
16407
15017
11050
15782
15623
6822
15349
14166
15442
10497
12861
15156
12751
14788
11907
15960
14672
15336
14108
16305
13819
15687
14567
15046
14321
15039
16529
11695
17073
16740
13828
11481
14611
16609
11925
14782
15010
14566
15791
15791
16366
16519
11319
14764
15746
13619
16806
16392
16267
6371
14613
14032
11987
16037
13516
15771
15321
14962
14848
11293
11937
10908
14760
12843
17075
16595
14321
11839
14836
14460
11866
14364
14707
14395
15934
13736
16172
15570
16397
15206
12038
13305
15404
15182
10809
10428
12585
15817
15211
15111
16101
16966
16458
13587
13841
9197
13037
16889
13543
13167
14830
15935
16650
15031
13811
15119
12190
13639
13756
16692
3194
15492
14863
15982
13455
16287
12881
6120
16856
15123
16040
10435
11150
17222
12801
17090
15066
16836
14491
14152
16303
16575
16238
16404
13359
15275
14358
15784
13968
15970
12989
11891
12576
16003
12968
9298
14121
14941
13492
15795
9685
17054
13618
14555
15044
17111
10851
9694
13192
7397
15254
13809
14661
16509
13416
13063
14349
13990
16208
16563
15405
16331
15739
14534
15200
16263
14498
8628
14058
13346
9272
8406
15440
14190
10401
14586
10988
14177
16180
14783
16066
6528
15107
16041
15951
13341
10669
15500
15788
13723
15457
16017
12310
15234
16009
12738
15713
13140
9930
13155
15101
11951
13625
16360
15972
14899
12143
16381
14933
15504
15371
11321
15795
14025
14276
15279
16219
13773
16755
16938
13888
14171
14441
16525
16781
14786
16895
14546
15688
13204
16488
14490
16086
10251
14685
16653
12352
14542
12750
16396
14841
9115
15313
13991
16247
14702
14790
15337
14887
16068
14316
16874
13630
16526
12885
9508
13372
16434
15659
16040
16189
13605
9328
14794
12386
16109
10902
14141
14652
10030
11888
13398
10094
15012
15910
13991
13683
10487
13376
13748
13799
12201
14783
9824
7951
14866
11705
15215
16492
13520
16880
16191
15284
15026
15435
11530
10074
15897
9075
13889
13423
14727
15602
15396
14466
15021
5652
15138
13599
14840
15482
13034
13151
13891
15184
15473
5494
17290
16247
13212
12754
14104
15205
11734
16112
11955
12898
16301
15642
15501
13723
13720
7213
15815
11408
12123
15018
14308
16896
13961
12148
16022
13827
16893
15680
15008
15690
13609
7304
15167
14704
16792
9799
14758
13797
15928
15237
15145
13134
16453
14014
12730
12637
13598
11466
5143
15905
6696
11161
10383
15790
5428
13328
15438
14722
15529
14544
13268
16305
13782
8915
15655
14071
14180
14471
13621
15333
12555
16083
15992
16033
14383
14736
16182
15833
16844
10877
11994
15127
16062
15045
11266
12413
15850
13016
15251
11209
15366
16494
15564
10835
16875
12468
13002
12245
13510
13991
14537
13111
16619
12827
14467
14139
15802
14647
10065
16587
14239
16152
13706
16023
14355
14571
14604
13623
13625
16507
12637
15056
14338
16422
14469
13781
13907
13614
16286
17159
13696
14196
16207
8658
14387
15800
16968
4882
14677
15304
16166
15914
13057
14382
15363
14105
11729
15428
16049
11630
15236
15101
15398
12820
16112
9801
16436
9095
15622
16560
15383
11657
15766
16584
7323
15888
16455
14366
16141
15573
15099
13880
8106
15121
14128
14032
14670
9864
10691
14538
5807
10896
15121
12591
13089
7073
14869
16476
15839
13173
16967
15774
15241
11151
14621
16580
15556
14596
15248
16514
15960
15426
14223
13989
14277
9575
14316
11687
13633
15006
14385
12525
13208
15759
14104
13776
14892
16238
15461
15197
13997
14161
16163
12987
16837
13348
16237
16230
15476
15927
13946
16156
13261
16669
15643
16451
14101
15216
15424
7856
15458
6400
11343
14489
14264
14981
10822
13561
13959
15174
16988
15499
14735
13963
16138
14612
13184
14928
13003
2754
11112
16249
15890
15773
12918
3403
14761
14766
10824
15799
11188
15809
15637
14815
15378
16470
15073
15055
14876
15804
13742
7798
13892
15683
14634
14793
16361
15158
12136
16295
14969
14387
13235
15119
16242
15641
11784
16391
15602
13959
14589
11912
9588
15261
13434
9105
14788
11202
14739
8533
3378
12921
11753
12096
16667
6237
8190
13607
12172
16232
15653
8956
16716
13246
15535
15544
16948
13242
13640
8085
16101
15808
16139
14797
14913
13844
14936
11900
14611
14971
13229
11881
14000
14302
14275
12742
14766
16305
9012
15517
16168
14695
12683
14974
12137
8009
9071
15438
12982
16983
14079
15530
15689
13635
14892
14054
16670
13038
14461
15146
14590
13421
15012
16161
16816
15916
15869
16746
15581
12879
16019
16396
13189
16367
16650
16706
15771
12805
17176
15667
14996
15285
13449
15177
14899
16076
13380
16585
14468
16633
12462
14151
14685
16469
13135
6848
16141
11439
5822
9786
14041
14931
16040
15774
16422
12535
13905
15927
17096
14429
16574
10347
14542
13632
13952
13927
15934
14231
14246
16043
16266
9609
4655
12336
15841
15883
4367
12744
14029
15605
15575
16104
15787
14104
15594
15054
16213
16812
12210
16067
15789
10497
16591
12265
15464
14469
15350
16096
14073
10157
14059
16087
16190
14241
16323
14226
14988
14486
15922
16422
13337
16955
13609
9854
12153
14744
14802
10494
12856
14433
14516
14515
14383
13116
11337
9962
12441
15158
15203
13628
16765
14122
16436
16170
15989
13558
14786
11632
16514
15069
14506
12854
10970
14628
14684
16561
14162
15029
17207
15937
16618
14865
15356
15840
8859
15587
15148
15511
15793
8569
14526
2010
16903
16507
16677
15444
15387
14104
16661
12403
16544
15979
15608
15347
14908
17244
14983
16617
15182
12791
12587
9606
6445
11838
15648
9333
15718
11819
16519
15869
14932
13586
17043
11845
10709
13590
14757
14215
16078
13098
16191
16609
9296
16637
15103
16615
15064
13537
15822
11949
15603
13994
9955
16789
16624
15301
14014
13724
15851
14352
16007
15115
16779
14161
13878
14212
16333
13962
15425
3145
14416
10293
16012
16672
16225
15595
11871
7265
16196
14620
16928
13872
15448
14948
13324
16440
13850
9928
13497
12997
13572
15268
13032
13800
12795
15735
14818
11315
12608
12485
6183
14286
15369
5377
13495
15293
14028
15092
14693
12016
13954
14915
13411
14619
15061
14490
14281
14062
15224
12101
11912
9891
15389
14327
14800
13404
13751
11326
12462
11140
12910
13531
14951
16761
15413
16693
14017
12296
13453
13165
15232
14471
12654
15316
16774
15643
15888
13018
13412
13315
14961
13732
14830
14965
15588
15596
14274
16239
15688
14072
15211
12127
12552
15746
15468
11458
14570
14213
13808
16259
14061
12078
11498
16433
16551
16429
16856
15224
16607
4752
14476
15536
14085
13942
16515
9651
2152
11588
16480
13266
14152
15410
11537
16677
16835
14689
14936
14457
14294
16608
16648
14391
9240
14703
14580
15035
15354
8237
16376
15144
15746
15503
15250
16611
16083
14433
15282
16438
15061
8343
15402
16789
13277
14816
15217
12244
12493
16520
15409
13708
14657
16740
15562
15176
14614
11892
14810
15992
16117
11872
15131
16758
15292
14486
13054
12481
15539
10601
15332
14777
16643
15665
13867
13504
16070
15659
17132
12594
11404
13119
16597
15329
16124
3789
13305
14542
11395
16286
16794
14680
16011
12645
16953
16272
14915
12795
14347
9872
13880
15015
15472
15491
14335
14033
12971
14776
16970
12042
13305
11542
15802
16202
14993
16688
11197
11131
11986
17074
16528
12997
15166
12895
16210
12840
15479
14234
6651
16219
1599
16373
15127
15775
11733
14480
15367
14814
11414
15224
14277
15680
15549
14057
14548
15037
9975
16104
15203
15262
9944
14124
12834
15592
9241
14117
14812
12576
5407
13594
10930
14521
15820
16514
13227
15783
13459
14143
15993
16508
14797
16121
15327
14993
14528
16966
15758
7391
12474
16884
16128
12431
16155
16579
14674
16980
15860
14920
10415
13809
6774
12662
14537
14678
15455
13101
15789
14514
16908
16422
10983
16264
12708
16754
12069
9108
16272
13123
15515
16171
12378
8312
16635
16566
15915
16405
13551
15703
14596
16162
14737
15177
14580
12653
14321
15846
14466
5200
15732
11685
14612
12238
16030
16781
15461
10314
14409
16560
8126
15730
13476
15588
11916
7884
16752
15137
14878
4327
14328
15194
15720
16961
15331
15921
16159
12123
13203
8677
13700
12470
13020
15877
7590
13168
16754
15862
15898
14336
5172
16397
16256
15686
13412
13577
13303
15383
14112
16637
15263
8221
15877
14381
15712
13585
14890
11935
16034
15843
12795
15921
16190
11455
14405
16449
8961
16280
15621
14202
16395
13433
15415
17015
13259
13591
14225
14147
15471
16428
15871
9824
14911
16613
13777
15559
13839
16980
16681
14044
13235
15667
4153
15473
15751
12721
15902
15910
16690
10878
16891
16234
15758
16745
9560
15195
14990
10594
15937
15848
16544
13129
15011
15779
12267
12869
15427
15068
12016
16769
14068
14334
13676
9986
13257
13233
15680
13556
14404
9794
15947
14777
16097
15495
13743
11936
13870
16250
15409
14957
13129
13618
12392
4421
12829
15261
15525
15154
16200
13228
12642
13702
14796
16554
15323
11439
16060
11862
15209
16906
16164
13811
9657
16675
12496
15880
13312
15690
16786
15944
11283
15405
16594
13401
14169
16134
13756
16936
5319
16182
9493
15778
16437
15432
14854
10641
13899
15756
15750
13690
16462
8283
10003
15146
17190
16306
15113
14869
13240
13828
12897
16453
15812
14673
16595
16283
9212
14842
15094
13712
16326
9314
15294
11972
12052
10549
14183
4271
15380
15593
16759
12528
15433
5331
11743
16414
15027
15411
13057
16856
15231
13449
15040
15307
8985
12927
15037
16094
14765
15926
14364
15310
2276
14752
14388
14463
13146
15309
17091
14652
13701
15066
14540
12739
13117
16721
12302
16104
16764
15516
15678
13444
15587
11638
13992
17120
11894
11681
16778
10761
16773
15740
14999
13289
15629
17010
15929
15685
15553
16079
9508
15153
12366
16694
16737
14841
7550
10315
6279
15915
15227
12913
13655
8566
15353
13089
13674
16623
13416
15570
16253
12659
15934
15474
13457
12676
15235
16011
14449
16028
16513
16176
4721
14019
16439
12279
10519
15723
13633
13276
15570
11649
12451
13449
5506
15526
15828
15891
11356
14748
12938
10815
12168
14113
12337
17054
12998
15067
13341
13660
15140
13669
15881
9547
15449
16199
16501
12928
13183
16701
13733
15087
14778
12134
14613
14822
13948
9712
16133
15716
14048
15118
6231
13024
13724
14386
15378
9757
16462
13463
13283
12262
16262
14052
15847
14517
14430
16560
11225
14095
15875
11568
14211
13680
13699
16140
14846
6974
15967
15087
16337
14573
13168
13488
15307
14652
16183
16242
14907
11940
15984
16470
14841
16283
13822
13031
2916
14895
8374
15586
13656
10384
14608
12365
15843
14937
14929
14894
15201
13536
15034
13712
14651
15634
16438
16179
13266
13842
14319
15885
15136
15639
15991
15429
15061
16138
13539
15026
15686
14192
15429
13273
14507
10474
10714
14078
13482
16396
16867
14130
16332
8264
16111
12686
16519
15075
14759
14978
14564
16916
16006
8293
13117
16219
15542
15383
12439
15390
13580
10837
15694
15780
15805
15788
15094
15549
10655
15191
15151
15259
14239
11992
16593
9733
15606
16139
14630
16264
15355
4707
14953
15786
9102
13537
13262
15879
12864
15028
16762
14364
9897
15480
16553
16052
13844
15480
16443
15650
15845
16489
14549
15007
15024
15685
17154
15107
13360
16337
13142
13735
16357
15090
15885
12574
14157
14594
14993
14020
7304
14222
15592
11046
11049
14695
14831
13546
15384
13359
15497
16667
14820
14452
15062
15816
15688
14413
15263
13841
8984
9796
15634
15745
9420
902
15369
14042
16021
15316
12135
15624
12899
14843
13090
11905
12852
15288
15750
13755
16309
15009
15123
17063
10870
13707
15220
11239
13336
16370
15939
13270
15739
9844
12570
14045
14944
13566
14856
14253
14491
11680
14194
13658
15932
14863
16010
8789
14239
15361
6043
15193
13764
13120
12233
15265
14442
13595
15635
10799
12755
1321
9247
13481
16005
13524
11035
9529
13259
11161
5443
13608
16455
13380
16929
15922
13994
15356
15148
13114
12309
14162
12786
16641
17001
14796
15128
11994
15209
15100
4221
15674
15144
15603
16964
15043
13468
9258
14446
12930
17003
12376
14810
15334
13018
14856
15990
12993
13897
14684
6525
14927
13921
14415
13818
16448
12800
14167
11913
10817
15359
16511
10489
13629
14601
16945
13451
17197
15074
13557
9966
15037
16581
15845
16576
13010
12309
14028
14187
14323
16161
16403
6530
12925
15503
13995
14702
15516
12823
14541
14445
13577
12219
14537
14651
12435
13220
7686
14063
13779
16594
8994
15090
14206
12380
15397
16016
14908
15421
12489
15941
13478
14923
13526
15095
10874
12998
14221
12990
14608
13159
15719
13473
13537
15518
16352
12987
16707
15978
15731
14411
15048
13331
15742
14519
13450
15862
9520
13365
16692
14691
14329
15125
13729
12910
16589
16972
17044
13525
12190
13561
14081
16383
15787
15228
15960
15222
15095
13214
14975
13632
13989
9304
9880
16302
772
13061
15383
15088
12576
15359
12724
6363
16545
16451
8773
11834
16804
13846
13699
16379
16613
13341
14577
16788
16662
15141
14597
14194
16149
14334
15671
15905
16294
11039
9785
17075
15343
13047
9219
15974
15376
12716
12766
15665
6120
15517
15489
13552
11894
15345
14937
13591
16820
14213
15173
17063
13222
14643
11847
14454
14019
15564
11605
11559
11358
14452
15974
10399
14527
12085
13110
9229
15281
14899
15240
16680
15327
13198
16210
11893
12769
15514
15552
14365
14562
15200
13311
15041
14680
15147
15677
14403
12954
13353
15189
2860
13216
14900
14463
16147
14491
14533
15357
10261
9292
11819
15210
14923
4621
15960
16327
15601
15467
11792
15747
12945
12939
15938
15985
16029
15711
13016
16244
13423
12064
16254
13651
15496
15268
15417
15825
15832
15879
17086
14145
15940
12670
16482
14480
14342
7680
12111
16809
16164
14439
5368
16356
14624
17115
14696
16637
14892
14730
14382
6290
13773
14404
14757
13171
14567
15904
15540
13219
12905
15156
13992
14960
12907
15399
14705
15885
14947
16008
17112
14969
11673
15844
14176
14333
15856
16898
15700
15422
13993
16619
13491
13998
16079
10796
16176
12677
12726
13143
11123
15152
8554
15289
14926
9126
15707
11369
16282
9271
10954
6885
14999
13439
10693
14864
11392
14187
15126
11895
14904
14368
7591
13978
14688
14591
15251
15540
13456
16206
16425
14411
15084
14647
13350
15232
16555
14898
16872
14770
15051
14570
15871
17218
15573
15625
15153
15295
5488
9300
10740
13307
14946
2270
15340
14360
16457
16536
10717
13200
12530
13713
12809
14984
12947
13210
15780
14857
14493
14124
15792
14214
15563
14804
13314
15331
13832
15855
16247
7054
15767
16277
16176
15241
10830
16242
15904
13635
15692
16559
11504
16985
16101
13214
16249
13491
15879
14446
9441
16148
16184
13715
16075
13540
15356
14378
13324
7126
11420
11198
14393
15923
8827
15021
13162
11558
15150
14441
11321
13442
11784
5610
14492
14667
13767
14890
13624
13657
16248
13327
14168
7877
13876
15884
14028
14330
14997
16269
15601
11348
10481
13814
8190
16425
11940
16510
11565
14523
15487
13952
15964
15531
15830
15662
15979
15349
14641
16233
14542
15246
5788
15019
16752
14429
16093
14313
14872
14554
16156
6640
13940
14177
9298
13333
9970
14662
16138
14218
15590
16761
14303
10498
16873
15527
15511
9016
17110
10872
9197
16155
16346
7602
9912
16059
11160
15746
15640
14286
11615
17115
13392
13999
13404
15916
13467
16764
15718
15814
16278
10784
15606
13770
16413
15942
13314
12488
13712
7896
16166
16638
16535
16252
16594
14859
8426
13872
14706
14959
15662
10811
16753
12877
15661
12220
14966
11514
16524
15496
13078
11452
11407
14393
16715
14411
16024
11562
15314
15069
16066
15741
7610
14728
15130
16645
16563
14853
13222
15204
15900
15006
14040
16420
5406
14827
16183
14301
14183
15799
14430
15734
10258
11416
16444
17038
15993
12243
16226
13915
14828
16335
14932
12108
14960
10659
15086
16074
13749
16027
15258
14699
14700
13018
16460
16775
14453
13973
14006
11751
14423
14054
11317
15214
15878
15604
15483
16426
17003
15427
11758
17307
16517
12940
14166
6351
13258
16727
15517
15142
14663
15800
14819
13984
13019
9726
15258
14473
17165
13778
15263
16177
15437
16380
15681
14593
11176
15167
16613
12232
16674
16325
16557
15904
16909
15222
15509
12964
15315
13671
9742
17002
13358
12524
12864
12097
14462
15692
13655
13363
13887
16408
12579
5618
11326
16687
16327
13761
14297
16540
11698
2605
14650
14808
15590
12377
15907
14356
15060
16977
14743
13971
16744
16715
15805
15159
13373
11292
14490
15395
15708
7573
11827
15082
12575
14664
13244
13750
12985
14359
12981
16752
17043
12095
14911
14856
10447
16622
12057
13720
16773
16126
16991
12893
15389
16076
13491
14860
15512
14101
16240
15363
15763
16004
14285
15791
10705
11136
15008
14353
15050
14625
13676
15769
15518
11319
13014
16024
12914
13774
14612
14790
15805
13725
7823
11843
6993
16639
13939
14776
11942
16153
14956
15745
8612
9821
10636
15628
13928
16724
16717
16562
12241
16163
14257
13096
15358
14782
15829
14989
15173
8881
9029
14329
10706
12515
13527
15669
16867
15138
16497
9305
6403
8118
10753
13834
15162
14900
16775
15858
15516
12909
14109
16390
16976
16436
13177
12042
16774
13948
16776
13553
2296
17268
12337
14353
14465
16148
12967
13165
15213
5827
16220
14265
12164
15404
16105
17007
14868
15221
12683
12526
14678
16704
14263
15864
16891
15865
16698
13501
13770
13913
16164
14643
16417
16365
14783
16068
15863
13143
13605
6350
15785
4471
15273
16487
16292
14639
10800
16015
15022
15957
16570
11934
13706
16119
12678
5484
15282
15285
14809
499
15138
12177
13467
12612
15777
14111
14662
13570
13140
11264
15641
15892
11093
14172
11788
13587
13700
13055
15919
13981
11418
15328
16553
13330
16311
15652
12586
11088
15843
15909
15928
14272
15002
11427
16352
13538
12892
16012
13462
16679
14658
14073
11218
15473
16323
15505
11910
16590
15201
16865
12242
12900
15309
14599
15246
17083
15888
8248
16500
15512
16169
15962
10793
13661
11460
14836
16621
14038
16234
14227
14281
9632
14290
14267
15484
6162
15181
16638
15271
14726
14076
13906
16396
17080
14644
15786
8969
11193
15495
15138
10386
14369
16540
15204
17340
15626
16287
9115
9810
15387
16464
16783
14825
15844
14459
15370
14008
14514
14005
15572
15342
16661
16576
15808
11296
14656
14597
15527
16851
16305
14267
15514
14053
10363
14097
11598
15030
15219
16778
15425
16518
13993
16191
11926
8591
16286
13593
16537
7163
15158
8357
10619
16049
15505
13030
10974
15096
13282
11547
15966
15411
13720
15633
11022
13975
15433
11440
15435
12467
11497
12590
13482
14501
7079
14313
16748
12301
16135
16640
15192
13414
15683
15534
13642
14011
12706
12057
15473
15473
13235
17130
15292
12804
12542
15566
15615
16060
15084
15501
15123
16051
14608
16199
12326
8545
17038
13841
15942
14023
16040
16595
15126
15442
16055
17133
8295
13930
11139
15390
16274
13975
16780
16790
15296
16443
11599
4125
14319
15314
13547
14176
5455
16495
14965
15694
15257
14357
15762
15209
16641
16274
14007
16565
9466
14433
16566
10006
14118
15585
15556
12727
9971
15185
13990
14076
14763
13591
16655
15105
16852
16110
15967
15283
16263
15499
14693
12677
15396
14356
10836
13021
16372
14690
10403
4344
13670
13652
14194
14143
15666
13803
16704
16319
16253
5036
15904
13292
14081
14471
15997
9979
14898
17036
16200
15506
16451
11501
15318
16739
15404
16555
16873
14452
15519
16090
17211
2458
10961
15720
12040
12448
16167
15010
14272
14477
14706
13352
15482
16867
11774
12556
15911
14621
7844
12250
6493
11215
13968
16097
14006
13694
15288
14377
16842
15565
15695
13846
15483
15779
13778
16631
8169
12743
15001
14961
12113
14366
14032
15576
15205
16416
16431
16226
15398
16449
13870
15180
16423
14780
15746
14980
15646
15495
15191
14336
12412
9062
13784
14885
14497
15407
16448
16294
16705
15112
14287
13908
14814
16326
12638
14283
16393
15921
10891
10716
15510
9064
15572
14140
12460
15393
15950
11407
15535
16743
13558
16116
14000
16656
13095
936
14719
12667
10051
8906
14002
15399
14545
13575
12208
14081
14619
11686
14352
15171
16148
16780
12256
15714
14036
8454
9445
11242
15715
15355
4637
11794
15372
11642
13006
13089
13466
9872
12869
16147
9722
13523
15631
15956
15036
14779
16234
14539
10520
15224
14994
16063
12323
14452
13453
16058
13556
12496
16508
8892
16753
13973
14382
12873
13359
16316
13864
17142
15935
14481
14035
12988
12823
16703
14207
12388
14270
12455
13702
8106
13887
15909
14403
14137
17008
12436
14340
13593
7515
16664
15260
16115
14220
16213
14510
14277
15719
15656
13954
15641
14743
16213
15637
16272
16444
16482
15737
15923
14512
10593
15507
15737
15132
15723
16534
14264
17095
16308
10493
10565
13538
16449
17238
14511
11757
17160
14931
14630
9385
12168
14614
14619
15982
14704
11221
13273
14257
15855
12423
14438
10697
12552
2749
15789
14239
14069
13732
16291
9019
16165
15829
16861
15864
13378
12017
16726
16560
12863
13428
12703
13410
13736
14125
14995
10565
15570
15297
15914
15757
16822
15830
10254
8051
5870
16181
11220
11760
11623
14073
11332
16166
14176
16135
12284
9071
14998
13726
15713
11559
10733
16398
17005
13132
9037
15978
15668
15301
14587
11074
16115
14783
14241
14637
15392
14809
15428
9009
11878
16943
1988
8722
16042
13830
13035
16518
16500
16144
14161
14433
11125
16858
13999
16207
6726
14999
14436
16817
14719
14572
10416
12766
13480
12240
15162
15116
13831
14310
14150
15694
13994
14329
13450
11552
8745
10658
15944
7431
14678
14889
16007
16589
10126
16202
16173
15639
15251
15068
11422
14090
16156
16009
15854
10316
15336
15346
15335
11974
15655
10143
16793
8011
14719
14739
16771
12312
14212
15214
14170
15840
16944
16464
16539
12249
15559
15301
14768
15273
13776
14833
16298
16868
16489
10725
15905
13244
11206
15336
15024
9840
16610
13801
13315
15595
11920
12087
15238
13068
12480
11701
9273
16327
16433
16965
14760
14010
14910
16204
9666
13995
15286
16108
12407
14424
13787
13732
13576
14485
12628
15033
13013
11854
14338
16322
11226
13945
13632
13009
16126
15124
16760
14025
9592
17275
13412
15913
15175
16147
12029
12898
10695
14009
16523
15516
13807
16280
12178
2006
17100
7550
13771
13495
16190
15055
14462
16597
15831
15274
15854
11872
15721
12708
15467
15635
13061
12815
15373
13892
13539
14484
8266
8471
16722
14012
13275
16171
15092
14751
16146
15720
15685
14507
15475
11466
14867
14511
12736
15427
14562
14346
7495
14689
15981
15777
13069
9946
16288
15031
14108
13942
8061
14692
7829
11720
14523
16712
15619
15397
13921
15376
15685
12663
10853
15579
15805
16017
12647
16523
10265
13808
15628
15085
15945
15682
14418
16758
15610
14826
3687
14145
11461
14968
16774
12301
16160
16899
2545
17293
16761
11164
11138
14691
15553
15389
15093
16894
7684
12349
14299
15719
14289
15900
15556
17314
13316
14034
13981
15034
17090
12143
16726
15560
14211
15876
16706
12537
15486
16730
9008
14546
15336
10677
5917
15746
6827
15448
15355
14801
14232
15184
14742
16279
13542
16153
15604
16048
13781
10612
15315
14638
12383
14161
16812
16030
12899
16700
12504
15898
14616
14100
15809
15958
15882
16876
15221
16592
12745
13300
14401
14249
17186
12761
16880
13388
14989
15075
16662
13250
14215
14236
12559
10653
15149
12806
14466
16004
12959
13147
15210
6281
16422
15853
13545
13799
14888
13005
15592
13346
15115
10287
16507
13453
15980
9446
10192
15160
16408
7308
16495
17168
12943
15535
3562
16290
13624
15787
15944
14757
15542
10852
12978
15766
11945
16226
9050
12697
15234
13253
15611
14098
16080
11769
10672
15966
11579
16096
15571
16541
9538
13787
16105
11331
17191
14354
10423
12408
7355
2359
12648
12040
14122
15854
11656
10324
12907
17046
14042
14703
14962
13736
16904
15436
7808
12817
16078
12343
14177
14803
4369
12974
14731
15005
13733
13591
13290
14875
15322
15466
16161
13291
10349
15999
16412
12365
13561
15911
14361
15148
14995
12812
15990
16577
13598
15666
14123
12915
15833
15748
15754
13030
16927
13958
14775
15021
15848
13740
12969
15039
15317
15756
16163
12003
16021
16456
13889
6308
16362
13577
15878
16391
16312
12380
14507
15265
15355
15841
14609
17006
15300
12620
15463
15340
13325
8110
14219
15216
14596
12593
15950
15611
11556
17218
15595
16605
13565
14354
14876
13557
16909
14498
15975
8759
16202
16132
13282
14363
16567
15579
15633
14925
15051
14946
15449
15628
15981
13960
13339
16432
15853
14776
13102
8032
2926
15136
16336
14480
9483
13375
15434
15222
15807
13276
13565
10915
15557
10289
10984
14929
14385
17051
11622
14921
16584
14495
2774
14728
12558
11080
10528
14839
14224
15835
13344
8611
13478
17004
15331
15331
15309
16016
16862
14410
15682
16062
13241
13054
16548
14864
15033
14995
14423
17169
16346
14287
13385
15824
12218
14762
16459
5131
15403
16592
15148
14272
13321
14145
7246
15863
16216
15680
14332
15496
15029
15128
14893
15700
13097
12779
12750
16949
13025
13088
16105
15100
16725
10478
12368
10322
10671
15984
15923
11482
12780
13828
9873
16049
13956
15705
13447
17181
13987
8775
15017
13656
14868
14020
15421
14395
15055
13543
8813
16415
14165
15389
12346
13976
15678
6523
10998
14646
15821
14760
14575
16345
15525
9696
9217
16045
15113
14926
14657
15640
9963
14701
12667
14384
14733
13569
17098
11330
13790
16183
13115
14460
14969
14041
15975
14786
10773
17146
12745
16461
16233
13715
16223
10630
15619
14359
13736
15145
15516
13392
15861
16435
14934
15954
11058
15693
14040
15302
3184
14227
15897
15167
14201
15159
16061
16008
11810
16876
13200
16038
16275
14605
16226
14574
12214
16465
14507
16396
15369
13922
12416
15456
13756
14706
9553
14804
11058
15716
15892
16427
16113
13327
14730
15792
16286
12107
14084
13609
10181
12944
16031
13424
12932
15258
15994
6013
11059
16525
16405
16041
14882
8976
9930
16838
12790
14974
16081
8447
15444
16165
16668
13433
14607
5056
13106
8879
15218
16326
13379
16291
14660
15692
15882
15032
15839
13431
12468
16160
10826
15466
13349
16175
12610
15368
16884
6579
12893
14039
12927
16946
15284
14108
15595
16608
12700
15012
16527
16499
16388
15151
14493
13872
10892
16166
10848
14237
16849
16756
16802
13924
16075
15027
11757
14468
14880
11679
1069
17043
14636
16943
14343
15353
14960
6810
14490
8120
7309
11942
17301
14815
10645
12209
15562
6169
10268
12095
16183
7363
14747
10829
16297
15207
9973
14418
14023
15123
16978
15069
16233
16032
12765
15858
15123
16694
14630
11981
16771
15782
14977
13638
14316
12147
5344
15055
13319
15735
15952
15971
11655
15446
13396
5223
15581
16517
16317
15866
15605
15931
15849
14336
11656
14760
16522
15286
12410
12177
13211
15001
12876
14904
16806
13463
14648
14328
16371
15663
9788
13544
8475
14790
15194
15217
12991
14683
16370
16603
15201
15745
14821
14612
15229
7337
16111
16108
4767
16892
16120
10092
15743
13318
13001
16832
15188
15822
4519
16352
2639
17113
15520
13990
12498
12982
15678
15769
16438
15296
15050
17212
15989
13107
14892
11870
15248
16768
15756
14372
16283
15241
14067
16200
14664
12970
16277
16800
15005
7772
12957
16926
16224
16264
16438
16585
8354
13778
14803
14705
16694
13634
16309
14963
8120
16875
8826
7573
15377
10977
9869
14343
9163
12974
12760
16177
14800
12518
16240
8993
16484
16636
16832
14952
14680
14174
14132
14088
12468
11538
16403
16188
10058
15522
13233
12611
14667
15116
13546
15434
15488
10786
16863
7626
15141
15506
15397
15780
15938
15924
14926
14210
17226
14539
15718
14913
16225
15953
13577
15391
11114
16308
14457
15825
15146
14992
13148
15947
15108
13913
16509
16306
16808
10716
17226
13383
13470
7070
13592
11583
16289
14220
16014
16196
11179
14810
8709
16181
17082
15650
15491
13342
15438
12249
16469
12308
17046
9721
12848
11452
16197
9409
12541
8018
13872
15260
6179
10596
13206
15276
15542
15599
14972
14164
16012
14854
9657
13269
12809
16579
16489
13874
14055
13894
15169
12238
15402
15558
15482
14339
13797
12292
16723
15520
16273
10930
14561
15635
15223
16820
14623
13829
13745
10397
16639
14457
14878
14525
12684
15972
9252
14042
14524
10884
13670
14987
15671
15440
16038
14510
15036
16085
15736
15789
16622
13308
9159
14802
17140
5511
15421
15707
12507
15022
13525
11797
14199
15393
14448
13543
13340
11360
14411
14549
16737
15434
15802
14841
11396
15074
8315
14766
15221
15154
1866
15237
16207
16406
16104
16086
15533
13060
13714
11271
12206
8163
15602
15786
16764
14510
14177
16140
7021
11892
14318
15923
14681
14359
12140
10829
16527
14385
16503
16251
12600
13665
14309
13099
12483
5030
15062
13674
15981
16793
9840
15796
15515
10023
16281
13312
12394
14525
14434
14059
15225
14917
14512
17224
16120
16812
14090
12211
15429
13454
16465
15708
16188
13989
15689
15017
13587
15868
17097
12666
14886
14899
14926
17013
10668
14650
14372
16338
15873
14855
17117
14011
16194
16637
17280
13642
11877
12971
8968
4779
16770
10598
16444
13620
14440
11209
11672
16239
10683
12878
10444
12824
15744
9594
13293
14333
15812
12136
15821
15777
15084
13073
14703
15049
16732
7159
14240
14852
16231
16334
15051
13395
6404
10191
14886
15651
12798
14901
17048
13006
14410
14858
16445
15508
6187
15778
15568
13520
7732
12156
10843
14174
15237
15952
14823
8517
14774
15937
13891
11081
12623
17111
16115
16167
15358
16675
15495
13677
16158
14195
14207
15497
15406
14119
16728
10124
15260
14053
15422
13850
16077
15195
10293
5315
13173
1209
7741
14408
16023
14964
13319
10506
11875
16621
15075
16430
12282
15137
14470
14318
15119
15716
14483
13671
10058
15956
13775
14440
16305
14208
11854
13695
16632
15041
16255
13167
16758
15949
16689
14521
16658
6117
8911
15505
14656
5705
14308
16181
16899
15405
15596
15673
10695
17050
14350
14825
9273
13225
14350
14770
15920
15011
12777
15101
16388
13715
13497
15333
16892
15191
17219
16491
13196
14122
12308
12387
13832
11810
15769
13096
6474
4293
13480
9178
12817
16553
13185
14726
9297
15409
8494
13713
6064
15634
14356
15215
15287
5515
14638
13032
14589
12326
15745
16568
15621
15570
15669
16190
14613
15211
8117
15257
15449
15663
13912
14834
11872
10626
14967
16796
14034
15865
15369
16623
16675
11865
15422
14324
16106
11519
15470
13889
14328
12081
16293
15246
14638
14639
13134
15144
15483
16732
15075
11104
12858
15419
15997
12668
16049
11092
12892
15872
11546
16203
14232
15443
12105
15647
11392
14049
13408
9606
14784
16023
12733
13546
12311
14563
13320
11437
13712
11506
9643
14676
12455
15430
8376
13026
15038
11602
13717
16680
15511
15860
14081
14520
8485
14230
15773
12475
11195
8357
14831
13851
9134
13909
13873
14821
13655
15741
11557
15289
14790
14780
12616
16281
15053
12291
13605
16415
9542
15899
12647
8616
15578
15153
14990
10447
15330
16410
6252
13581
13646
16130
16338
15697
13372
15258
15976
14984
15501
11945
16503
14689
12689
16206
11108
8475
16945
16482
