22097
21557
22508
21147
21162
22160
21734
22420
22226
22370
21757
21912
22644
21107
21555
21862
22068
22497
22601
22140
22307
19902
19370
21721
21333
21809
22669
22275
21528
22270
22155
21621
21270
20911
22712
22748
22253
21843
21651
22857
21754
21756
21989
22736
21076
22478
22417
21192
22240
21494
22244
22390
22352
22179
21377
21078
20201
20187
22942
22736
21826
22442
21301
22650
22879
21543
22411
20863
21935
22085
19982
22568
21264
21787
22830
20954
22415
22743
22390
21853
21074
19894
22281
22216
21884
22627
22163
21946
22583
22101
21293
22710
22540
20622
20303
19625
21244
18392
19057
22385
22778
22478
20736
22250
21614
21245
21855
21823
19645
21632
21278
20780
19338
21536
22419
22650
21258
21119
20324
22492
22416
21412
21490
21182
21732
22274
21704
22030
23026
21594
21935
22210
21010
22363
22505
22104
21921
21229
20487
21521
22444
21136
21820
21736
22257
22870
22090
22571
21134
22243
22154
22777
21839
22735
20662
22437
21814
22778
21825
22803
21418
21284
22479
21029
22752
22298
21534
22307
22219
22265
21576
22443
21888
22225
21964
22509
21077
22602
21549
22691
22195
22072
20926
20037
22290
21767
22463
22536
21834
21155
22003
22291
22117
22170
22437
21332
22191
20291
21941
22369
22743
21293
22382
20304
22642
21621
20970
22079
22650
22754
22141
21704
22088
22010
22252
21457
21925
22399
20328
22126
22543
22766
20479
21258
21391
22689
21434
22395
22430
21452
21973
21697
21926
22278
22034
21189
20087
22823
21943
20917
21585
21781
22655
22131
21526
20417
20626
21979
21894
19865
22979
21291
21065
21926
21707
21979
22315
21398
21710
20839
22759
22160
22632
22434
21179
21999
22623
22592
22371
21029
22180
22669
21992
20656
22337
22621
21712
21318
21255
21654
22439
20134
21697
21782
22457
21829
21181
21154
22554
22825
21071
21641
21958
22072
21639
20920
21536
21556
21758
20539
22461
22403
21976
22509
22000
21647
22661
21685
21557
19698
21604
20909
20249
20316
21345
22459
22642
21609
22245
22477
21207
22119
21681
21767
21790
22577
22647
22460
22636
18300
22363
22062
22592
22823
22127
22167
22666
22859
21746
21791
21389
21660
20119
22446
22357
22912
22319
21835
21247
21811
22244
22390
22250
21507
22188
20296
20728
21718
22819
21827
22186
21472
22683
21996
21975
22160
21597
22640
21245
22624
22022
22439
22287
22174
21538
22929
22349
22721
21755
21539
20738
22857
20712
22012
21449
19782
22531
21766
22763
21411
22673
19537
21534
22189
22634
22174
22594
22369
21221
21733
22300
21556
21841
22064
22476
21413
22160
22505
22296
20703
21550
21662
22352
22354
21367
22478
22460
21780
21167
22187
20353
22529
22539
20793
20616
22433
21406
21895
21663
21706
22501
22196
22572
21831
21877
22305
21744
22462
21895
21804
22320
22075
22785
22660
22069
21963
22005
19602
22330
20686
21732
22510
21961
22116
21910
22331
18658
21122
22807
22345
21864
22313
21718
22349
21405
20945
22652
22355
21689
22236
22443
21686
22118
22237
22357
22846
22005
22667
22292
22749
22714
22013
19873
22866
22179
23027
22762
20705
21853
20895
22301
21809
21881
22721
22499
22295
21868
21094
22319
19306
21728
22525
21924
21697
22443
22656
22423
22416
22048
22488
22370
21653
21653
22951
22946
22205
22353
22041
22159
21543
22421
22563
22454
22177
21130
21740
21569
20990
22477
22473
22347
22670
22606
22482
22456
20845
22331
21972
22198
22818
21965
22618
22053
22486
22123
22515
21497
20238
22671
22107
22834
21776
22348
22663
21884
21592
21988
20861
21911
21080
22529
22330
21103
21742
21960
22209
22964
21267
22347
21671
22125
22512
22241
22319
22003
20834
22608
22721
22305
22776
21409
22086
21944
21693
22270
22963
22402
22632
22514
20681
22719
22574
20606
21645
22636
22165
22475
22281
22453
21377
22654
21611
22018
20678
22477
21277
21765
22426
22398
22536
21601
21337
22216
22155
21577
22247
22222
21787
21702
22309
22443
22177
22418
21753
23014
22568
22248
20139
21866
22045
21254
22159
22373
21521
21514
22470
22845
22970
21668
22326
22353
22647
20918
21405
22841
21620
22182
21005
22357
21272
22696
22005
21215
21790
21455
21417
22453
21138
21952
22545
21775
21662
23017
21522
20914
22639
21457
22507
22845
22128
22275
21605
21999
22517
22368
22287
22366
22715
21642
21025
22334
21653
22477
20964
22248
21862
21161
22302
21365
22755
21173
21138
21774
22629
22785
22571
22336
20120
22437
22442
22315
20916
22314
22600
22076
22109
22265
21758
22470
21851
22097
22371
22370
22364
22877
22012
21632
22683
22510
22653
21943
22194
22347
22635
22048
22233
21210
22605
22241
22662
21049
16286
22269
22010
21322
20496
22888
22234
20755
21463
21440
19815
20240
22769
22181
22649
21987
22350
22464
21884
22872
19541
22861
22265
21342
20009
22325
20979
21376
22626
22458
21931
17732
22465
22087
20377
22287
22375
22852
22684
21942
22255
20116
21497
21024
21609
22615
21501
19730
20935
22063
22361
22354
22199
21819
22075
22457
22889
22040
22070
21312
21461
22302
22967
22746
22236
22218
22605
22479
21376
22862
21550
19595
22413
22066
21665
22406
20774
22188
22254
22341
22329
21574
20809
21908
21434
22238
19902
22256
21942
21612
21762
22699
22065
22240
22460
21765
22173
22326
21964
22420
18854
21479
22645
21881
21897
23069
22228
22921
20827
22315
21055
22318
21878
22019
21674
22153
22776
22285
21178
22325
22427
22674
22237
22412
22315
22645
18407
22952
22721
20286
21729
21418
22457
20473
22556
20769
22204
20709
21983
21985
22381
18103
21706
21472
22474
22129
21937
20382
22694
22235
22649
20483
19149
22771
21486
22796
22522
22738
21439
22161
19817
21964
21593
22462
21981
21202
22511
22358
22293
21510
21424
21337
22922
22500
22592
21204
21664
22102
22661
22658
22313
20986
22557
18198
22470
20176
20511
21984
22527
21965
22670
22300
22686
21997
19419
22416
22352
20732
21055
22397
21673
21845
21834
22027
21169
21211
22585
22605
21351
21468
22758
22652
19898
22012
21747
22328
21587
22674
22320
22654
22147
21085
22645
20609
22835
21700
21957
22644
22881
20984
22748
21880
22074
22128
21101
22367
22842
21676
22582
21598
21772
19573
21963
22244
21641
22438
21449
21878
22583
21497
22479
22207
22600
21765
22255
22341
22163
20818
20944
22441
21505
22012
21999
21816
21736
23022
21451
21531
21455
22112
22350
22977
20652
21515
22438
22537
21057
22740
19006
21457
21368
21688
21119
21495
21815
22561
22079
19095
21625
20045
22078
21794
20945
21934
22289
21654
22372
20389
22261
22602
22166
21810
22180
21839
22299
22388
21387
22324
21225
21402
21826
22659
21983
21724
22499
21511
22705
21494
22946
22460
19859
21283
22497
22963
22489
22464
22582
21146
22669
22508
22278
21396
21951
22632
22759
22263
22412
22610
19249
21799
22172
22605
22908
22084
22378
22138
22191
19381
22231
21828
22032
21719
21899
21647
22026
21420
22441
22297
22031
20750
21695
22608
21675
22005
21551
22160
22427
22536
20976
22636
22307
22971
22738
22175
21941
22276
21929
22506
21119
20766
21537
21566
22686
22321
21800
22464
22552
22400
21750
21683
22443
21682
22493
22150
22148
19932
22344
21388
22098
19903
21642
22082
21578
22547
21941
22047
22472
21882
22024
21847
22289
21899
22282
21563
22234
22264
22301
21553
22743
22019
20489
22328
22867
22229
21710
20687
22766
21935
22963
21840
22863
22734
22499
21644
21284
20941
22612
22798
22605
19439
22341
21804
22073
21811
22533
22921
21800
21084
21775
20942
20889
22425
22273
21979
22164
21820
22945
19249
22107
22968
21225
21907
21332
22196
22027
22351
21750
22723
21458
22235
21796
22449
20584
22375
21135
22288
21665
22162
22844
23116
20480
22879
22388
22499
22259
21637
22654
22087
22018
23002
21071
22108
21124
22338
22205
22526
22435
22551
22542
22691
20894
21697
21133
22889
21057
22061
21115
22309
22253
19589
22753
22695
21777
22338
21014
22776
22125
20954
20735
22190
20778
22114
22793
22375
21729
22140
20829
22434
22346
22208
22724
22457
21200
21900
22410
22869
22045
22221
21962
20601
22530
21231
22322
21062
20316
22654
21635
21370
21695
22730
22354
22304
22198
21924
22696
21925
23027
22606
20604
22348
22725
22677
21558
20864
22075
22742
22373
21086
22197
20768
22031
22045
20013
22514
21382
22230
19896
21759
22062
21788
22006
21651
22591
21067
21275
21960
22589
22581
20951
22262
21776
22482
22072
21617
21017
22354
20918
22044
22541
20459
20851
22614
22683
21485
22557
21687
20989
22308
22510
22171
21444
20896
22394
22073
20681
21672
22312
22739
22561
22400
20795
22873
21819
22161
22638
22108
22084
22705
21092
22534
23046
21640
22176
21569
19803
21733
20967
22177
22180
22154
20734
22853
22514
20120
21971
21287
22862
21969
21128
22023
22078
21470
21899
22808
21921
22122
22032
21833
22052
19710
22733
22703
20138
21764
22380
22118
20247
22170
21559
21645
21622
21363
22373
21410
22009
22781
22240
21745
21474
21476
21345
22038
21684
22455
22561
21206
22737
22051
22063
22906
21089
21450
22524
22406
22594
22892
22857
22789
22192
22608
22060
22822
21744
21516
21380
21197
21167
22251
22538
20715
21878
21263
22600
22773
21818
22075
22314
21443
21324
20244
20390
20964
21859
21382
22093
21928
21999
22442
22116
21951
22689
21320
22341
22855
21978
22720
22496
21956
21522
22675
22326
22754
22361
22136
22762
22593
22917
22971
22033
22019
21787
20994
22908
21876
21766
22854
22888
22301
21314
21424
22044
22733
22345
21110
21190
20356
22151
22294
22405
22103
22957
20308
22189
22794
22169
22861
22311
21869
22543
21347
21714
22339
19959
21557
22254
22442
21615
22380
22590
22204
22284
20643
21691
22400
21234
20914
22878
20957
22196
21417
22287
21573
22652
22133
21881
22282
22512
22673
22355
21193
20547
22414
22540
22198
22139
21426
20760
22925
21600
20817
21495
21721
20745
22862
22011
22219
20365
21864
22410
21902
22206
20667
21753
22428
20365
21964
21951
22913
21415
21260
21583
21710
22278
22012
22040
22202
21638
22182
19613
22423
22321
22986
22321
21532
21819
22178
19592
22695
22800
22527
21801
20880
22573
22462
22349
21720
22135
22382
20255
22383
22834
21947
22227
22358
22808
22377
20185
20313
20473
21788
22828
22071
22265
22065
21166
22252
22026
22748
21699
22008
22180
22377
21074
21438
22428
22020
21679
22628
21358
22788
22018
21283
22690
22634
21953
22479
21973
21494
22191
20715
21616
21440
21919
22370
21843
20091
22731
22668
22188
22804
18493
20117
22153
20930
21394
22302
21892
20697
22392
20918
22387
22640
21098
20048
21709
22231
22050
21789
22072
21189
22270
22634
22445
21871
22335
22043
20880
21177
22832
22214
21998
21854
21725
22367
19890
21127
22134
22442
21329
22300
21684
22377
21976
20770
22686
21563
21727
21672
22572
21961
22011
22066
22278
21950
21794
22518
22051
21878
20425
20798
22768
20588
22051
22079
21474
22557
21622
21897
21449
21379
22779
22482
21382
21316
21385
20614
22503
20949
22232
21209
22342
22325
21964
21227
21207
22529
22478
21894
21833
22065
21721
22357
22244
21641
22001
21459
22154
21055
22449
22024
21654
21812
22180
22603
20609
22405
21485
21227
21405
22267
22329
21149
19746
22471
22590
21080
22278
21965
21960
21839
21445
22364
21218
22580
21969
20711
22434
21943
22495
22753
21733
22114
22072
20876
20572
22060
21296
22172
22553
21413
21744
22257
21891
22259
22188
21227
22057
22289
21993
22241
22657
19923
22029
22532
22141
21927
21887
22526
21221
22485
21490
22754
22150
22317
22078
22183
19092
22392
19697
22196
22571
22484
22157
22639
21999
21860
22041
22694
22522
22611
22381
20712
22073
22304
21177
21249
22560
22377
22363
22225
22721
22330
22454
22627
22749
21755
21810
21772
22496
21278
21804
21951
22570
21689
21501
22699
22175
22083
22196
21889
22036
21945
22235
22977
22132
22212
20587
22290
21035
22065
22124
22226
21902
22571
21321
22071
21450
21634
22566
21663
22659
22152
21486
22590
22406
22453
21655
22367
22279
22167
22632
21042
22156
22167
22033
22499
22373
22817
22351
22442
21653
22224
21258
21932
22211
22761
21685
22216
21118
22809
22204
20647
21803
22482
22720
21210
22360
21130
22454
22378
20562
21850
22602
22464
22346
22657
22149
21647
21664
21828
22190
21792
22401
22914
19175
22326
22525
21934
22504
22479
22305
21816
22521
22296
22151
20859
21442
22679
22380
20666
22060
21542
21695
22186
22308
22550
22665
21690
20564
22740
22088
22139
21246
22089
22500
22622
21690
21830
21256
22241
19793
21739
21139
22543
22366
21513
22349
22777
21906
21617
22204
21329
22713
22310
21701
22429
22577
22191
22551
22914
22938
21664
22092
22296
21918
21784
21549
22332
21794
22144
21921
22214
22115
20675
22771
22327
22155
21905
21404
20043
21640
22792
22452
21963
21694
22291
20660
22612
21520
22618
21892
22441
22377
22527
21313
22377
21985
22535
22045
19824
20635
22702
21914
21560
22359
22639
21495
21714
21464
21816
21656
21989
19743
21965
21721
22375
21860
21792
21626
22291
22238
22341
21273
22527
22736
22103
21625
22278
18740
21920
20956
22392
22824
22082
21789
21458
22217
22563
22372
22133
22792
21642
22069
21606
22515
21600
22155
22046
20496
21982
22341
21822
21478
22742
20058
21880
22075
22561
21541
21592
22039
22255
21313
22749
21814
22186
21227
21830
22463
22054
22171
21056
21514
22276
22414
22441
22267
21929
19753
22323
22285
22693
21602
22756
22816
22362
22313
22104
20229
21655
22143
21664
21883
22442
21535
21850
22356
19694
22585
17922
22032
22115
22402
20240
22567
20880
21902
22333
20591
22196
22513
22396
22971
21014
22294
21327
21087
21254
21423
22476
21980
22145
22646
21870
22457
22512
22706
22729
22460
21365
21468
22813
20763
21568
21443
20591
22288
22418
21880
20986
21365
22336
22386
22111
22108
22496
21340
22503
20654
21131
21759
21012
21831
22736
21793
22261
21463
22729
21463
21489
22797
21821
21514
22490
22084
22605
20440
22345
20502
19017
22317
22036
22287
21843
20945
21754
22225
22350
21599
20791
22764
21515
21380
20133
21205
22602
21215
22082
22746
22107
21607
22223
20985
22035
22503
22595
21966
21542
22146
22139
22551
21725
21952
22020
22583
21829
22140
21814
22445
22552
22412
22392
22468
22359
21235
22569
21326
22236
21771
21638
21053
22125
21420
21584
22818
21140
22348
21982
21607
22145
22327
21525
22506
21688
20982
21543
22411
22162
22213
22009
22009
22792
21850
22412
20713
22200
22092
22860
22485
21793
22297
22706
22310
21402
20613
22282
22441
21288
22510
20769
22014
21986
21381
22849
22344
22522
22615
20876
22156
22496
21436
22369
21099
22106
23062
22448
21707
22315
21882
21974
22284
21860
21067
21735
22569
22916
22472
21683
22977
20442
22197
21541
20208
21141
21792
21711
21038
22717
19574
21424
21770
21350
22116
21983
22250
22827
22640
22762
22611
22186
20716
22010
21143
22675
21782
22077
22564
20831
22085
22211
22419
22810
21534
21801
22588
21697
22320
22239
22642
20866
21384
22003
21408
20124
22060
22563
22598
21664
22370
21353
21788
22527
20762
22458
22281
22423
21945
22270
22296
21677
21157
22630
21273
22441
22653
20843
22541
22082
22525
20979
22095
22122
21891
20328
22399
22514
21958
21934
21732
19844
21888
22631
22435
22281
22403
22330
22535
21877
20902
22666
22414
22595
22321
22402
20754
22071
21485
22186
21374
22358
22694
21456
22733
22734
22168
19276
21710
21992
21801
22056
21363
22324
21482
22066
20678
20575
22676
20783
22272
22469
21962
22111
21401
22745
21989
22267
22318
20578
22073
21958
22235
20534
22393
20299
22279
21697
21974
21579
22196
22142
18587
22388
21908
22513
22747
21756
22419
20965
22837
22334
22321
22416
21023
21896
22472
22539
22551
21748
22005
22536
22506
22390
21981
22307
20239
21834
21687
21971
22398
22648
22109
19495
22337
21991
22353
20404
21794
22074
22244
21724
21499
21260
22457
21408
21542
22078
19405
22411
22150
22504
22237
21859
20999
22141
21050
22818
22689
22330
22357
22067
22827
22023
22173
22742
22873
20987
22482
22512
21951
22511
22883
22230
21681
22856
22530
22269
21864
22523
22583
22435
21466
22329
21804
21843
22742
21251
21907
22532
22395
22436
22199
21762
22183
22062
22561
22604
22388
21017
22532
22610
21853
20095
21463
22270
21755
22496
22585
21843
21934
20520
20912
20668
22169
22595
22440
22139
22669
20469
22727
21379
21377
22517
21284
21730
20949
22548
22288
20883
18878
22575
22026
22671
21994
22574
22041
22727
22077
22352
22515
21755
22123
22042
22255
22533
22514
22500
22684
19909
22773
21055
22133
22619
21650
20772
22478
22344
21764
21490
21838
22180
22047
19110
21414
20324
22502
22768
22943
21473
21477
20298
22715
21599
21779
22141
22006
22472
20040
19568
19904
21605
20537
22703
22683
22395
21216
22233
20594
22345
22575
21604
21830
21451
21600
22519
20574
22389
22055
22504
21785
20752
22044
21950
21018
20824
22085
21878
21253
19004
22366
22546
21981
20250
21952
21430
18456
21994
22787
22552
19564
21598
22244
21801
22317
22545
22439
22253
21731
22228
21827
21304
20338
21672
21446
22828
21114
21291
21949
21725
22104
21866
20238
21262
22787
21565
21708
21375
21817
22011
21303
22604
21481
22254
22600
22550
21467
22068
21896
22494
18860
22620
22152
22391
21242
20331
21278
21207
22559
22921
21505
22549
22666
22422
22580
21816
20743
22893
21622
22103
21752
20956
22501
22333
22205
22161
22280
20051
21532
21836
22048
21708
22198
22232
22303
17797
22296
20766
21968
22524
22573
20665
22640
21806
20954
22593
22626
21206
22181
20849
19187
22730
21674
21163
22047
20835
20491
21834
22274
22115
22032
22424
22747
22120
21874
22075
21786
19991
22472
21912
21821
20375
22321
21381
21081
22447
21602
22403
21908
22343
22367
22295
21958
22166
22383
22601
20997
22532
22045
22308
22739
21839
22201
21003
22359
22791
22596
21869
22713
20003
22036
21420
21621
22505
22768
22033
22192
21423
22421
21157
22614
21865
21987
20955
20875
20306
22479
22209
21435
21882
21786
18304
19551
22847
22191
21491
22448
22744
20124
21843
22116
22501
22034
22330
23002
22737
22486
20737
20860
21698
20916
22462
22145
20565
21404
22482
22549
21753
22541
22306
21970
22033
21827
21671
22449
22327
22546
22287
20751
21775
21857
22339
22595
22302
21341
21438
22513
21232
22225
21949
21817
22315
22618
22266
22049
21629
22796
22011
22415
21992
22538
21375
21216
22297
22253
22662
20929
22840
22375
21476
20362
22874
22135
20556
21203
20755
22323
20991
22202
20169
22330
21803
22408
21824
21564
22249
21610
22935
20626
22605
22239
22022
20151
22167
21289
22251
22323
21860
22442
20893
21129
17097
22638
21816
22864
20995
21586
22699
22139
22448
21576
22422
22421
22663
21289
22711
21403
20766
22192
22512
22312
22291
22108
21976
22231
20862
22362
22478
22933
20162
22394
22008
21801
22153
21146
20765
22495
22296
21812
21515
20809
22139
22354
21955
21849
22302
22507
22659
22007
21614
22923
22348
22929
21876
21009
21868
20628
22259
22184
22298
20412
21924
21855
22010
18817
21881
22927
22439
20095
20853
22263
21802
22259
21782
22837
22745
20332
19582
22567
22807
21887
22349
22098
22671
21311
21466
20231
22450
21949
22422
22495
21406
22222
21536
21328
20738
20880
23003
22055
20769
22234
22715
21735
22123
22919
22130
21999
21939
22559
22122
22408
21480
22582
21932
21185
22238
22399
20545
22008
21017
22591
22610
22181
22540
20357
22446
22769
22703
20485
18329
22489
20043
21361
20776
20759
21234
22148
20983
21904
21338
22574
18626
22612
21698
21503
21067
20477
22498
22603
21562
20944
21935
22230
22327
22397
16973
21441
22703
22714
20213
21940
18450
21741
22955
20829
23106
22087
22096
22536
20044
22581
22181
20969
21791
22333
20680
22739
20730
21542
20037
18939
21549
22159
22681
21551
20843
22098
22156
22143
20489
22457
20284
22074
22619
22460
22125
21692
22491
22653
22168
21863
21775
22516
21103
21698
21698
22554
22469
20137
22005
22177
22163
22344
22136
21853
22756
20852
22716
22529
22795
22164
22634
22876
22088
22186
20851
21576
22363
20863
22778
22583
21241
21018
22751
21039
22684
22980
21797
21388
22119
22493
20954
23044
21406
21963
21621
20682
22991
22673
20348
21096
21281
20878
22179
21555
21250
20861
22207
20564
17529
21106
22442
21611
22465
22509
22252
22684
20811
22794
21395
19804
21610
20436
21650
21967
22698
21418
22639
22203
21593
20961
22158
21848
22900
22598
21167
22340
21620
18441
22338
21909
22678
22590
22546
21735
22716
22286
22154
21551
20845
22501
19941
22768
22197
21339
22380
22929
22271
22333
19568
22789
21819
22389
21236
22380
22409
22441
22596
22116
22411
22453
22643
22153
21899
22307
21417
21621
22571
22217
22355
22649
20884
22228
22692
21984
21405
21397
22373
21533
18078
21991
20951
21870
21846
22787
20855
20983
21630
21417
22120
22668
22136
21418
21292
22402
20592
22744
22448
22282
21282
22352
22297
21169
22723
21971
20294
22685
22318
22373
22195
21732
21069
22128
21319
21621
22284
21746
22513
22018
22187
19999
18870
22212
22083
22007
21820
21991
22044
22820
22080
21538
21233
20792
22723
21981
21378
22195
22334
22803
21991
20644
21696
22433
22153
21192
22427
22519
22240
22545
21672
21496
22605
22541
22101
22363
21080
22324
21711
22461
21753
22342
22206
22099
21927
22613
21586
23031
22283
21533
22935
22433
21305
22717
21419
20620
21420
21469
22058
22040
20717
20498
22620
22738
21328
22201
21035
21405
22302
21503
21871
22786
22056
22031
21576
21739
22124
22254
21358
22053
19282
21993
18373
22039
19649
21125
22209
22299
21930
22510
18487
22581
20847
22601
21791
21022
22097
22417
22344
21938
21565
22649
21604
21867
22284
20323
22514
22546
21067
22197
22234
18835
21581
22440
22202
22423
21103
22782
22151
22574
22542
21194
22149
21801
22313
20936
19013
20912
21280
22117
21920
21674
21538
21544
20668
21927
21987
22322
22422
21454
21509
21635
22463
22160
22132
22185
22873
22449
22591
22135
22041
22588
22431
21259
21459
21598
21987
19994
22677
22744
21790
21826
20936
22312
22103
21633
22185
19721
22781
21877
22288
22384
22369
22245
21856
21007
22123
22136
21931
22704
21510
21626
21996
22889
21749
21731
22603
21577
19901
21085
21583
21892
22028
20837
19934
21970
21991
22488
22268
20189
22002
22291
22344
19834
21678
21559
22008
22396
22678
22264
22906
22048
21247
22357
22550
20796
21370
21027
20486
21303
21796
22284
21498
21425
22046
21907
21871
22448
22021
22015
22168
21520
22301
21200
22006
22305
22438
20472
21710
22409
22660
22787
22237
22422
21509
22143
22909
22510
22404
20296
21702
21512
21345
22804
22432
21701
22482
22519
22328
21689
22592
21582
22053
21981
16583
21864
21763
22004
22290
21115
22092
22593
22205
21703
22021
21784
21245
21884
20711
21606
20870
22734
22097
18846
22312
21137
21653
22182
22589
22677
21965
22360
22263
21460
22710
22685
22075
22993
21889
22447
21218
22024
22240
21525
22091
22148
21234
21604
22155
22259
22328
21358
22082
22268
22079
21890
21520
21921
21747
21812
21112
22140
21311
22066
22565
22017
21556
22467
22115
21836
22668
22635
20694
22615
21607
22124
22421
22251
22594
21464
22014
20071
20680
22647
21908
21633
22702
22281
22347
22393
21485
22397
22700
21968
21278
21450
22187
22495
22399
22412
22196
22080
21605
19911
21713
21632
21718
21095
22670
22498
21497
22780
21712
22618
22318
22610
22268
22256
21753
22196
21639
22392
22540
21351
22399
22450
21955
21881
22414
21744
22382
22542
21470
22379
22041
20252
22333
22457
22303
20582
20300
21617
21045
21798
22261
22131
20896
22111
21623
22887
22397
22553
21724
22901
22173
22550
22814
21973
20197
21128
22787
22587
22539
22722
21988
22140
21760
22109
22477
22462
22465
22193
22720
22695
21685
21428
21740
22363
20951
21871
19693
19887
22141
20865
21745
21332
21581
21373
22394
22157
21945
22019
21809
21471
21812
22230
22596
22198
22386
22686
22231
22453
21699
22657
21774
21817
21824
22194
22631
22059
21138
21784
20557
21879
22236
22830
22033
22458
22747
21057
22365
21799
21451
20994
20586
21427
22358
20813
20820
20750
20980
20784
21858
22404
21916
22389
22109
21914
21417
21396
22524
21578
19941
22543
20585
20523
22564
20376
22381
22185
21960
19845
21786
21049
21764
22469
22692
21327
22836
21913
22034
22359
22758
22243
22618
22250
20784
19245
21237
22715
19593
21001
21483
21062
20651
22615
21715
22304
21720
21993
21392
22378
22508
19882
20380
20588
22793
22034
21250
22495
22445
22195
19874
21649
21669
22173
21698
21219
22406
21988
22250
22062
22402
22622
22341
21311
22273
21786
20796
22339
21238
20834
22674
21210
22581
22685
21243
22827
22100
22173
22324
21233
21875
21033
22281
22022
21880
19688
22038
21707
21631
22093
22464
22021
19194
22401
20096
22253
22182
20627
21302
22869
22811
21191
18360
21861
22026
22530
22569
20400
21951
22689
22304
22110
21454
22792
21180
22500
21980
22469
21432
22592
22270
22544
22669
22696
22632
21764
21552
21573
22640
22347
20773
21972
19571
19631
21846
21282
19794
20683
22672
21899
20267
22583
22628
21171
21720
22472
21696
20716
22070
22412
21723
21155
22034
22637
22823
20980
21354
21010
16820
22503
21660
21710
22342
22183
21450
22147
20769
22844
22020
21033
19648
21460
20013
21390
22800
19984
20283
22414
21285
22853
22837
22471
22454
21655
22571
22481
22071
21923
22533
22112
22610
22416
22461
21924
20910
22070
22603
22258
21675
22712
22517
21809
22190
22591
21948
22421
22734
20749
21624
22076
22133
22128
21738
21213
21220
22135
21533
21613
22622
20762
20959
22143
22578
22411
21906
22659
22699
21649
22244
20866
21392
22574
22713
21444
22606
22211
19346
20081
22690
21097
22368
22126
22707
21500
21624
21995
20858
22767
22800
21641
21486
21169
21979
21567
22291
21464
23047
22443
21818
21625
22395
21927
20880
22390
22314
21200
21299
22453
22448
22952
20923
22483
22779
22141
21239
21552
21522
21702
22805
22410
22624
20854
19278
22075
21955
22807
21679
22115
21757
22111
22384
22230
21877
21718
21967
21698
21994
23059
22629
21778
21567
22359
21345
22111
21783
21360
22558
20593
21691
22361
22082
22162
21761
22514
22360
20350
19947
22162
22181
22253
21774
22505
22421
21335
22439
21557
21387
21626
22656
21921
21828
22278
22370
22172
21925
22016
22240
22675
22131
20866
22508
22254
21720
22451
21689
21872
21240
21399
20803
21996
22713
21961
21726
22091
22252
22728
22219
21710
22653
22540
21550
21696
21253
22083
20629
22548
22007
21822
21582
22547
22327
22213
22332
21465
22327
22126
21646
21320
21878
22210
20484
22501
21549
21208
20504
21084
22693
21609
22166
22490
21869
22428
20983
22091
22507
20911
20370
22051
22973
21904
20698
20888
22365
22692
22597
22732
21135
21701
22229
22297
22470
22137
22838
20321
21192
22206
22121
22075
21825
21622
22534
22687
21689
22677
22940
22500
22984
22540
21801
21517
21947
22308
21855
21958
22201
21230
20913
22042
22488
21992
22411
22549
21830
21047
21635
22388
21745
22513
22427
21293
22116
21704
21639
21521
22824
22359
22681
22720
22234
21088
22079
22471
22845
21745
21060
22135
19564
22590
22178
22287
21808
21122
22013
22164
19478
21171
22431
22343
22551
21116
22423
22084
22575
22147
20105
21808
22747
21822
22653
20411
21494
22506
21971
22253
22119
22194
21979
21653
22001
20821
21984
22598
22151
22345
22482
21423
21404
21201
21485
22117
22132
22592
22808
22836
22450
21986
21623
22207
21729
22679
22031
22969
20917
22779
22561
21741
21605
22551
22749
20043
21388
20608
22594
20568
22282
20175
20762
21346
22202
21246
21696
22248
20471
22270
21139
22864
21219
22211
21809
22799
20999
21996
21754
19711
21263
21702
22260
21520
22652
21843
22281
21964
22207
21895
22118
21029
22171
21193
21200
22113
21857
22569
22389
22192
22352
22552
21323
21781
22378
22402
22044
22143
22251
22613
21804
22793
22458
22244
22579
22703
22661
21560
20844
21366
21422
21240
22136
21409
21857
21567
22461
19942
22275
21146
22198
22002
20907
22253
21328
21618
21716
22160
22504
21998
20926
22678
21579
22039
22017
22785
19707
22474
22461
21951
22211
22470
21259
22549
21014
22931
21105
21967
21981
20312
20528
22405
22965
22445
21541
22063
22489
21874
22788
22788
22512
21509
21639
22829
21306
22171
22174
22007
21744
21241
21442
21383
21604
21687
19630
22361
21504
21338
21974
21457
20408
22752
22015
20877
21031
21817
22051
21551
21667
21500
22245
22060
22195
22361
22786
22019
22794
22319
22424
20715
20633
21093
21857
21519
22650
22018
21865
22286
21693
21253
21355
22413
22398
22130
22500
22793
21640
22901
21230
21724
22060
22076
22335
22030
22310
21326
21745
22472
21674
22801
20382
22049
22775
21864
22107
22250
22632
21550
22326
22391
22017
21563
19291
22343
21305
22202
19123
22599
22703
22209
20958
22394
20623
22342
21382
22471
22287
22457
22834
22386
21103
22131
20957
21656
22065
22094
22369
21987
21910
22580
22525
22106
22362
22813
22393
21631
20631
20554
21865
22146
21152
21381
19668
21435
21780
21681
22025
22261
22591
21926
22476
21829
22334
22558
22964
21099
22492
20668
21791
22381
21294
22810
22838
22546
22347
22222
22005
22651
22258
21907
20046
21386
21809
21992
22309
22589
22546
21319
21766
21343
22590
21737
22538
21960
22290
22764
22216
22525
22122
21889
18499
22740
21620
22318
22608
22138
21693
21279
22796
21906
21408
22001
22308
21974
22356
20572
22506
22225
22901
20313
22733
22299
22462
22860
22028
21604
22288
21794
21595
22186
22584
22102
21657
21506
21955
21394
21117
22267
16837
21653
22409
21852
22578
22389
22242
22030
21696
22405
21419
20141
22646
22691
22835
21158
21353
22273
21842
22019
21589
22326
21640
21792
22127
22029
22750
22649
21969
20905
21223
22661
21390
22001
21410
22067
22013
22585
22056
20552
22254
22387
22567
21466
22418
20629
22008
22588
21559
21976
23034
22908
20078
22479
21006
21641
22904
21921
22110
21291
21668
20831
20325
22044
21580
21581
21894
21898
22662
22097
21917
20912
22366
22140
22291
21943
21488
22109
22317
22608
22571
21014
22446
21779
19746
22555
22715
21514
22511
22403
21901
20542
21691
22438
22181
21251
22108
22466
21733
21943
20157
22294
21028
21612
22440
22386
22343
21448
21878
22453
20913
22163
21982
22397
20507
22669
21247
22314
22250
22767
22907
21313
21799
22162
22227
22257
21065
22373
22765
22524
20949
22608
21898
22538
22497
22372
22850
21883
22583
20591
22685
19868
21957
22601
21768
22253
22564
21817
21505
21505
22771
22855
21839
22255
22092
22726
21913
22609
22363
21518
20657
22329
21567
22704
22843
22807
22592
21081
21236
21448
18743
21478
21791
22118
22982
22303
22585
22313
22528
22546
22050
22691
21209
22534
20786
22038
19616
21850
21046
22680
22233
21638
22097
21333
20756
22231
22412
22025
21355
22348
22716
22424
22030
22537
21852
22582
22214
22613
22344
22262
21597
20987
22371
21269
21877
22637
21772
21008
22260
22197
22123
22195
21092
22370
22265
22029
22898
22007
21733
22531
21736
21532
20664
22841
22806
22537
20629
19434
22408
21618
22314
22557
22736
22045
22104
22234
22488
22121
22628
22156
22002
21484
21710
22541
22628
22821
22468
22904
22216
22566
21991
22223
22153
21986
21479
22524
22977
20544
21238
20964
22194
22445
21323
22317
19608
22530
22172
23000
22322
21974
22575
21445
22590
22040
22684
19879
21106
21719
22499
21717
22052
22142
20244
22048
22704
22443
20966
22666
21947
21084
22311
21654
22600
22279
22408
22344
22761
22558
22177
21621
22414
21657
21033
20726
22281
22870
21230
22562
21750
21231
21747
22727
22225
21627
22559
22524
22344
21913
21406
20195
22588
22024
22392
22653
22635
22633
22213
22064
22243
22449
22330
22636
22563
20410
22612
22595
22737
22503
22678
19374
19298
21704
22421
22247
20096
21795
22252
22293
22068
21351
20811
21704
21414
22381
22708
22355
22327
22237
21876
20273
22090
22190
21244
22609
21858
21521
22319
22683
22056
21934
22148
22062
22241
21422
21924
21661
22917
22126
22018
22361
21107
22529
22441
20788
21946
21380
20229
22745
22319
21967
22483
22072
22091
21684
22012
18688
21513
22460
22572
21565
22760
21333
20701
21708
22445
21450
22323
22406
21336
21687
22265
21300
22080
20964
22774
21325
22556
22613
21892
22488
20573
22313
22147
22613
22081
22271
22669
22237
20694
21801
22515
22628
22581
21207
22389
22436
22328
22770
22190
20684
22197
21704
21031
22561
22074
22883
21441
21544
22321
22266
21387
21106
22748
22159
22177
22480
21487
21754
21342
21914
21696
22552
22475
20975
20819
22346
22237
20575
20913
22497
21770
22170
19580
22045
22673
22289
22406
21851
22252
22629
22032
21088
20753
20614
22659
22486
21894
21952
21988
22196
21981
21728
21904
22376
22668
22572
21836
22129
22591
21924
22035
20344
22121
22748
21831
21401
22637
19348
22024
22036
22618
21904
22729
19942
20900
22659
21477
22221
22008
21629
22843
21395
22945
22201
22889
21972
21142
22809
22829
21937
22659
22651
22662
21371
22698
21730
22043
20530
22157
21119
22772
22342
21424
22641
21963
21944
22681
21668
22811
21063
20817
21939
22249
22104
21618
21724
20504
21558
21704
21589
22363
22041
20420
21888
21859
22009
22530
21968
22882
22270
20653
22195
22825
20725
21550
22244
21199
20657
21110
22582
22279
21760
21046
21943
22811
22075
22036
22721
20057
21613
21581
21542
21365
20555
22336
22604
21867
22546
22331
21716
22015
22044
22032
21840
21852
21915
21949
20784
22845
22113
22653
22355
22175
21303
22755
22714
21741
22119
20120
21815
20894
21643
21919
22755
22264
22398
22738
21924
22315
21603
22375
22443
22346
22696
22536
22578
21049
22900
21829
22700
20800
22035
22517
21346
21543
21237
22636
22686
21927
20278
22422
22887
21992
22192
22062
21475
22127
22568
22511
22254
22498
22386
20862
21493
22872
22242
22018
22052
20396
20447
21880
21515
21801
21532
22658
22781
21244
21426
21822
21220
20641
22598
20940
21742
21771
21205
21769
21585
21775
22620
22234
21673
22118
22281
21987
22242
21355
22423
22616
22391
21589
22254
22438
21626
21207
18769
22533
22570
22472
21885
22392
22395
22408
20608
21685
22823
21634
22894
22182
21704
20554
21743
21273
20250
22688
22302
21492
21423
22561
22532
22251
22175
21384
21026
21250
22601
22171
21057
21768
20705
22700
20124
22238
22332
21977
22790
22425
20322
22691
21846
22363
22117
21688
22334
22675
19850
22630
21620
21918
21558
20854
21265
21639
22122
21742
21725
22814
21806
20919
21723
21460
22203
20523
22115
19883
22520
20068
22618
18777
21583
22190
21892
22611
22625
21710
22713
22708
21433
21359
20865
22489
22676
21890
21930
22353
22358
22408
21377
22265
22235
22641
21535
22683
22246
21924
22245
22604
21985
22246
21513
21785
22012
21886
21861
21965
22425
21459
21887
22854
21129
22248
22023
21573
22110
21699
21992
22961
21637
22708
22726
23036
22560
21898
21971
22094
22260
22655
22952
22303
19234
21923
21813
22188
22630
22143
22583
22381
21330
21157
22119
21660
21749
21326
22981
22194
21547
22730
21699
22315
22658
22939
20411
22740
21377
22506
22469
21692
22413
22370
22067
20054
22268
22754
21285
22463
21653
20943
19993
22466
21879
22486
21005
21228
22564
22351
22402
22725
22484
21000
21706
22313
22253
21920
21636
22477
21489
22283
22110
22529
22052
21738
21145
20499
19598
20393
21682
22451
21422
21150
21442
22711
22155
21979
19494
22511
21337
20936
20845
21768
22660
21765
22649
21192
22264
21169
22003
21509
21513
22623
20556
22005
21901
22588
22285
22279
22251
22053
20779
20541
21450
22132
22505
21775
22308
21663
21416
21955
22381
22957
21396
21559
22896
22478
22579
22090
22617
21857
21734
21612
22805
21061
21907
21565
20857
22572
21154
22507
21572
22504
21118
20189
21094
20976
22037
22744
22369
22448
22509
22491
22619
21759
22557
22498
19477
21458
22730
22475
22422
22624
20601
21346
22281
21819
22495
22290
22773
22407
22352
22902
22205
22001
21455
22685
22464
21413
21208
22335
21681
22299
21765
22913
22296
22235
22178
20778
21920
21220
22352
22921
22537
21836
22172
21703
21783
22190
22014
22257
22333
22409
22080
22091
21527
22180
21392
19345
22547
21218
21824
22486
20467
21411
21353
21248
22470
22052
21552
21923
21719
22810
21799
22961
20986
21033
21379
22503
21086
22481
22520
20302
22373
21778
21659
22299
21491
21881
20833
21001
22143
22286
20235
22402
21914
21969
22241
22619
21419
21572
22146
21335
19823
20573
22269
22612
22452
22419
22528
22751
22352
22884
22189
22263
22169
21484
22527
21935
22647
22234
22559
22340
22515
21814
22836
22888
21695
22796
22926
21978
22171
21841
22221
21140
22407
21624
21610
22031
22653
22078
21400
22793
22370
21354
22071
22960
22030
21720
21782
22408
22512
22081
22003
22621
21712
21014
21439
22531
22512
22736
22465
22662
22164
22040
22529
22515
21825
22702
21879
22149
20723
21950
21644
22591
22933
20988
21854
22188
22035
18678
20780
21859
22845
19053
22047
22552
21897
22520
22102
22059
21972
22476
22173
22208
22870
22233
22558
21708
22277
22776
21813
22389
22415
22012
22866
21974
22551
22014
22625
22827
21999
22640
21942
21262
22722
21904
22572
21998
22198
21307
21599
21234
22316
21613
21830
22681
21018
20685
22314
21197
21399
21734
21391
20677
22762
22333
21630
22264
21544
22821
21831
22020
22332
22358
22115
22395
20998
21498
22527
20963
21684
21615
22395
22089
22683
22360
22460
21994
22536
22549
22271
20134
22615
22219
22212
22246
21824
21410
20203
22700
22903
22974
22742
22424
21102
22231
21733
22831
22313
22494
22031
22567
22871
21955
22862
21653
22508
21862
21859
20992
20239
21856
22109
22210
21842
22799
22016
21992
22232
22382
21080
22269
21792
21709
20624
21433
22454
21852
22718
21056
22621
22561
23022
21850
21722
22136
21211
22578
22240
21111
23069
22478
22680
21861
22691
21668
21305
22311
22028
22800
22609
21234
21659
22651
22472
22261
20190
21597
21168
22264
22318
22331
22755
21083
20011
23007
22451
22899
22487
22462
22736
19994
22718
21232
21395
21448
21186
21251
22530
22322
21474
21681
22173
21956
22059
20731
21510
19025
22044
22585
20133
20424
22644
21084
22256
21285
21384
21775
22331
22130
22357
22523
20982
22292
20269
21933
21623
21438
19775
21484
22154
21537
21882
21966
21744
22003
20189
21485
21746
21182
21922
21494
22664
22420
20723
21986
20032
22408
22022
21639
22034
22361
22201
22370
21425
21027
21482
21557
19829
22668
22478
21688
21313
21372
22343
22284
22431
21254
21692
22246
21740
22431
22183
22264
22083
22360
22372
22301
21867
21995
22697
21848
22746
22334
22411
22302
20413
21997
22444
20475
20681
21717
20699
17437
22522
22603
21843
22559
22871
19476
22036
22964
21815
22608
21782
22385
21818
22729
21227
21828
21321
22026
22461
21260
21058
22742
21638
22355
22300
21857
22491
22023
22491
21777
21611
22186
21700
21828
22782
20990
21541
22781
21143
21654
22446
22212
21399
21546
22768
21900
22693
21980
20225
22710
21488
22623
21387
22327
22839
22000
22601
20715
22296
22197
18655
22700
22059
22130
22866
22861
21758
22778
21566
22396
21774
22122
22556
22755
22286
22511
20046
20963
21989
20816
22471
21041
20897
22735
22454
22625
22310
22560
21093
21725
21199
21200
22657
22676
22427
21762
22172
20929
22124
23024
22377
22035
20831
22343
22576
22261
22504
21688
21178
21751
22586
22651
21758
21237
21918
22225
22116
22199
21083
20436
22861
16352
22558
22222
21294
21420
21991
22225
22330
20347
21075
21618
22302
22257
20365
21351
22809
21994
22161
22717
22753
21795
21978
21750
22142
21718
21765
21545
22450
20207
20748
19418
22057
22508
22218
22759
22030
22587
22567
22030
21972
22608
22802
21562
21740
21465
22896
22076
20361
22104
22338
22002
21067
21915
22914
22240
22439
21850
22359
21419
21746
19995
22191
22000
22727
22007
21734
22665
22063
22175
22456
21586
21783
21871
22568
20349
21535
22560
22301
21340
22572
21403
20158
23007
22741
22530
22569
21460
22185
20856
21391
22076
22269
21403
21212
22268
22350
21848
20023
22847
22344
22364
22671
22795
22688
22440
21854
21926
22537
20345
22308
21228
22218
21550
21133
22923
22201
20264
18899
22334
22146
21843
22918
21066
22058
22102
18092
20858
20818
22280
22136
18902
22779
20045
20655
22869
21578
22594
21184
20166
22362
22557
22122
20162
22100
22309
22414
22200
21728
22008
22385
22347
21810
21873
21740
21056
22348
22523
21837
22570
20797
22548
21008
22588
22750
21779
22752
21780
22199
22592
21204
22075
22705
21223
20999
21828
21716
21561
22784
22541
21578
22328
22658
22245
22215
22692
22666
22423
21684
20037
22396
19666
22926
22538
21300
22761
21929
22235
22175
21784
22513
22411
22592
21739
21832
22722
17179
22438
22832
21909
19948
21439
22469
22403
21195
21879
22591
21066
22503
22283
22417
22548
21198
21122
22302
21207
22063
22862
20600
22615
21600
21474
22271
20915
21473
21993
22760
21987
21969
21905
22423
21596
19604
21647
22203
21963
22119
22600
21703
20812
22289
22061
22677
22755
21248
22341
22472
21468
22329
22035
21505
21375
22522
22316
22027
22275
22697
22389
21698
21983
21242
22907
22049
21992
22605
22542
22772
19686
21898
19825
22690
22610
22680
22293
21722
21988
22345
20646
21749
22755
21888
21943
21610
22541
22555
22226
22083
22134
22656
21190
22593
22617
22493
22423
21332
21305
22418
22390
22001
22500
21696
22319
22397
21944
21226
21168
19307
22073
21596
22710
22371
22408
19424
22059
22555
21903
21230
20431
22685
22603
19507
21869
21760
22172
21488
22293
22050
21971
22845
22174
22230
20462
21548
22233
21649
22407
21690
22994
21962
21605
22488
21558
21827
20908
22696
21923
22192
22450
22606
22425
22567
22570
21743
21536
22722
18808
20658
22515
21021
22807
22851
21772
21417
22440
22852
22371
22452
21330
22670
21868
22605
19822
22786
22672
22217
21718
20908
21515
22640
21722
22148
21146
22389
22161
21638
21869
22707
22040
22603
21383
21824
22403
22450
20311
20330
22650
22622
21664
22540
22489
21746
19550
22467
22418
22293
20353
22794
21108
21850
21072
20438
21947
21139
20660
22445
22330
21577
22686
21954
21891
21956
22331
22213
20212
23010
19405
20674
22211
22037
21665
22698
22772
20143
22038
22773
22968
22534
21367
22357
21603
22131
21249
22539
22238
22115
21826
22175
22199
22288
20426
22670
20897
22511
21485
22464
22432
20298
22527
22027
21303
21196
22629
21941
22268
20785
21969
22774
21649
22557
22175
20536
22339
20977
21776
22419
22460
20441
21804
21849
22767
22688
22654
21877
22883
22240
22812
22170
21714
22215
22706
22539
22602
22594
21755
22263
19299
22331
20735
22761
21584
20465
21875
20235
21403
21036
22739
21649
22521
21316
22737
21646
21867
22853
22576
21394
22259
22204
22136
22176
22728
22301
22806
22025
22155
22705
20734
22309
22561
21404
22666
22313
21954
20837
22424
20623
20495
21332
22568
21906
22914
19939
22480
22024
22646
21979
21945
22549
21629
22738
21762
21508
20747
22586
21907
22747
21222
22071
22342
20285
22660
21169
21768
22459
22138
22321
21676
22242
22540
22178
21777
21383
22016
20791
22512
22517
22703
22990
22201
21085
22269
22660
20728
22342
19684
22886
22251
22343
21601
22382
20221
22433
22968
22442
21813
22358
22218
22900
22339
21886
21755
22732
22279
21821
22566
22345
22663
22478
21949
21003
22759
22386
21749
21589
22479
21439
21742
21564
20845
21384
21979
20532
20265
22206
22596
21240
22080
21171
22514
22594
21941
21706
21406
22600
21748
22295
22675
22671
21118
20816
22411
22633
21684
16889
22176
22704
22056
21995
19693
22709
21642
22577
20904
20810
21440
22271
22691
20416
22108
22887
20858
22705
21900
21377
21723
20838
21980
21998
22564
21508
22386
20774
20693
20852
21708
22314
21561
22485
21042
20776
20760
21956
22425
21853
21939
21192
20707
22439
20509
22372
21485
19562
22308
22037
22366
21681
22538
20930
21330
17361
21575
20811
22389
21829
21940
20437
20641
21005
19612
22298
22498
22864
22672
22771
21435
22169
20941
21770
22048
21208
20693
22939
22422
22137
21931
20520
21731
21939
19621
22960
22131
22040
22292
22412
21663
20565
22106
21146
22198
22182
22102
22099
21681
22297
22499
22124
21821
22478
20517
21640
22321
22567
21323
22626
22313
21207
21652
21381
21593
22559
20293
21839
22139
22955
22267
22709
21914
22136
21223
22869
21919
21906
22116
22312
21595
21988
22009
20286
21330
22478
19949
21653
21600
22261
21138
22664
20941
21679
21869
20572
21256
21296
19200
21298
22139
21923
21687
21408
22533
21112
22193
22000
20534
22201
22141
22061
22094
19670
22474
21558
22168
22118
22292
21765
21797
19176
20900
21782
21583
21649
21073
21198
22457
21919
21765
22519
22674
22138
22200
21818
21935
21401
21643
21329
22524
21477
22295
22306
21806
21043
22567
21834
21079
22841
22858
22317
21996
21253
21371
22694
22018
22023
21505
22264
22395
22482
22019
21569
22154
22260
21129
21053
22575
20199
21586
20020
22499
21841
22340
22023
20541
22603
21833
20762
21377
21684
22377
22551
22335
21494
20602
22443
22883
22313
22340
22287
22342
22379
21556
22454
22729
22649
21352
20782
22099
21995
21229
20439
22489
21917
21809
20750
22338
20199
22821
21530
22647
22487
22129
22390
22542
22546
22118
21656
21192
22210
21641
21237
22613
22465
22336
20959
21194
21832
21345
22831
21925
22634
22288
19994
21880
21899
22520
22039
22928
22224
21371
22467
21311
21980
22392
22383
21400
21931
21724
21777
22717
22111
21226
22567
21274
20551
21528
22362
19912
22031
22759
21549
22484
22277
22019
22975
21471
20319
22145
22709
21679
21066
22750
22223
22797
22044
21341
22121
21572
20370
22235
21947
22023
22245
21885
21124
22190
21478
22018
21168
21974
22357
21980
22653
21454
22298
22616
21608
21641
20896
22825
22219
21535
20509
21169
22555
22717
20833
20181
22388
21819
22891
22156
22775
22545
21997
22016
21144
20887
21737
21822
20929
22231
22342
22723
21696
19935
20267
21309
22600
21832
21779
22477
22631
21889
22815
22883
22180
21738
22383
22880
22151
21082
22637
22367
22358
22419
22647
22652
22089
22448
20462
22550
21742
22605
21167
21642
22744
20787
21607
21032
22153
22540
19535
22404
22225
20379
21895
21410
22106
20562
22047
21710
22409
21626
21394
21903
22287
19624
22554
21715
21443
22223
21575
22069
22623
21908
20651
22086
22208
22363
21787
22212
21926
22465
22770
22483
22790
21243
22732
21425
20938
20255
22530
21744
21691
21418
20439
21818
18913
22301
22504
22170
22275
21961
22121
22041
22307
20674
21711
21393
21666
22809
22813
21971
21980
22442
20882
22691
21964
21309
22660
22480
22661
22041
20983
22996
22632
21951
21934
20393
22477
22045
21039
22374
21730
20593
22332
21855
21609
22515
22548
22010
20492
20708
22476
22085
21078
22416
21457
22396
21550
22000
21817
22001
22281
21983
22515
19821
20917
21795
22237
22436
21915
22133
22277
21297
20989
22099
21921
22232
22661
21093
22194
22507
21860
21148
20345
21898
22330
20695
21723
21873
22315
22174
21363
21840
20908
21070
22696
21706
22275
21838
21908
22017
22235
22679
22663
21969
22614
21726
20918
21476
21661
21912
21616
20468
21869
22762
22614
22483
22102
22171
20271
21839
21106
21887
21520
21939
21898
21242
22041
22351
22098
22539
22943
22502
22033
22841
21604
21718
20801
22688
22457
16630
22056
21623
20210
21526
22115
21146
22747
22045
21011
20981
22737
20995
22877
22289
22327
20688
22513
21248
22440
22276
21206
21587
21340
22771
22714
21401
22251
21172
20536
21779
22818
22647
22539
21642
21763
22226
21082
21458
21812
21430
20277
22884
22066
22231
21561
21853
21635
21765
22117
21490
21808
21292
22743
22349
21214
22620
21074
22693
21779
21930
21119
20339
22305
22201
22868
22884
22415
21934
22571
22324
21927
22398
22372
21320
21781
21826
22118
20511
22912
21215
22795
21805
20716
21881
22352
22399
22499
22859
21895
22331
22328
21869
22011
22285
22493
21061
22466
21934
22712
22024
22358
21817
22576
22262
22543
20971
20603
20859
20241
22506
22327
22051
22148
22290
22505
21963
22475
22776
22264
21131
22700
22569
21731
20398
20365
22070
22869
22365
22140
21905
21867
22041
21469
21997
20744
21999
21554
22719
22473
22339
22065
21617
22545
22416
22353
18427
22134
22540
21885
22395
21881
22233
22371
22514
21892
21939
22117
21966
22555
21762
22959
22026
21784
21709
21668
22652
22579
20767
20506
21203
22695
21233
19606
21482
22677
22951
21075
21841
22114
21665
21442
21304
21707
22569
21446
21900
22351
22312
22568
22092
22772
22701
22668
21792
22139
22262
22593
21837
22239
22721
21353
21613
21997
21405
22528
21013
21665
22638
22256
22097
22401
22615
22338
22365
21991
20979
22806
21779
21811
22163
22524
22514
21992
22289
22698
19715
22412
21498
22186
22082
21729
22557
22312
22338
22740
20682
17473
21502
21892
22524
22729
22113
22629
22455
22420
22444
21387
20241
21883
22506
22191
21445
21807
22059
22110
20216
22574
21992
21558
21958
22772
22291
22490
21383
22061
22046
22775
21581
22326
22055
22284
21621
22545
22142
22432
22021
21942
22407
21620
21807
21525
21746
21852
21799
21567
22133
22041
22883
22516
22592
21631
20927
21991
20795
22803
22848
22822
22579
22326
22582
22373
22554
22698
22073
21712
22500
21108
22797
22151
22263
21646
18291
22974
21840
22213
20337
21973
21877
21624
22259
19756
22795
22012
22537
22265
22616
22683
22415
22299
19835
21142
21417
21444
21494
22099
22774
21959
22341
21373
21148
19966
21878
22227
22601
22527
21407
21016
22542
20190
22090
21266
22198
19967
22385
22722
22525
22496
21617
22371
22297
21980
22431
22450
22134
23074
22037
19335
22836
22473
22446
20228
21930
22212
21877
22130
22119
22411
22705
22169
21468
20950
21553
22335
22086
20295
22548
21891
21875
22059
22841
22710
21790
22133
22680
21848
21703
22531
21747
21187
21307
22120
22483
22528
22465
18272
22978
21789
22444
22259
20635
21877
22289
22449
21766
21701
22084
22115
21089
20996
20940
21931
21686
22212
22619
21995
22167
22782
22558
21611
22640
21795
22837
22619
21365
21610
22072
21338
22723
22298
22630
22623
21191
21646
21784
22443
21529
20219
21635
22148
22465
21745
22072
21231
22109
22467
21817
22378
22205
21272
22423
21273
20533
21774
22871
22707
22903
22321
22370
20360
20489
22326
22167
22695
21449
22430
21381
22657
21617
22124
21188
21500
22810
22774
22019
22592
22155
21820
21664
22014
22724
22447
22267
22725
22154
21714
20139
22061
21803
22207
22927
22735
21925
21767
22504
20978
21715
21774
21538
22436
21224
22053
21119
21792
22855
22696
20842
19326
22638
22203
20476
22015
21639
21827
22165
21090
19757
22358
22059
22646
21951
22015
20320
21691
20663
20958
22257
22938
22039
22813
22385
22699
22119
21813
22682
21870
22470
21837
20737
22561
21777
22261
21997
21786
21977
22197
22311
21681
22391
22469
22490
22009
22183
21492
21944
21940
20528
22277
22524
22390
21298
22273
22381
22168
22445
22294
22956
21314
22161
21035
21626
22722
22592
22910
22645
22008
22441
20765
19334
22163
22442
21771
22686
19192
22990
21406
22225
22028
20853
21980
22183
22281
22514
22016
22962
22551
21617
22588
19819
22397
21465
22636
20603
21224
22061
22142
21878
22727
20921
22461
22443
22759
22102
22254
22736
22520
22453
20206
22279
22149
21899
21706
20879
22360
21754
21330
20770
21184
22447
20911
22674
21671
22718
22337
22685
21298
21164
22659
21401
21724
22435
22935
21709
21556
22679
22053
21764
22629
22359
21793
22255
21302
21561
22508
21865
21809
22489
22447
19161
21977
22729
21475
22716
21962
21544
22022
22003
21852
22308
21631
22549
21649
21581
22200
21952
20846
22503
18603
22502
21078
22879
20896
20460
22728
22370
22773
20990
22179
20512
21913
22663
22665
22033
20505
21236
20959
22137
22591
21544
21349
22546
22090
22612
22491
22677
21614
22739
21137
22619
22950
22647
22114
22903
22091
22135
21469
22454
20882
21677
22364
19211
22321
22245
21883
22517
22681
22246
21626
21977
22142
22728
21090
22136
22343
22353
21388
21447
22280
21195
22274
21598
19629
21764
22293
20335
22442
22709
22561
22671
22067
22709
19935
18378
22052
21070
21666
21529
22024
22230
22813
21149
22155
22390
21781
22244
21888
21503
21983
22474
21094
22774
22293
20638
21135
21807
22780
21814
20394
22467
21823
21709
21343
21988
21447
21787
22628
22762
22041
22037
22543
22654
21727
22246
21699
22078
20778
22490
21418
22134
21538
22223
20432
22025
22695
20911
22748
21691
22809
22423
22273
22473
22246
22477
22332
22507
22913
22814
20336
20930
22004
22886
22420
21436
22109
21031
21461
22025
22307
22600
21975
21784
22293
22177
22824
22402
21564
22948
21881
22706
21467
22308
22587
21528
22808
22154
21236
22305
22481
22280
22149
22689
22446
21952
22243
22317
22184
21460
20958
22437
22325
22917
22355
20805
22820
22086
20474
21082
20272
22440
22768
22351
21495
22724
20875
21211
20361
21937
22187
21729
21875
22257
22075
21500
22036
22205
22353
22187
21544
22170
18371
22655
21893
21836
21788
22720
21732
22720
22327
22906
22349
20652
22172
22777
22469
20528
21589
21287
22024
22197
22489
21921
21967
21991
21379
22792
22359
22760
22715
21165
21471
21629
21489
21567
22150
21079
21867
21972
22476
22272
22144
22701
21208
21484
20394
22449
22018
21872
22536
22275
21279
21919
22884
22564
21730
21689
22125
22209
22768
22183
22144
21085
22501
22340
22161
22090
22490
18106
21303
22600
22358
21092
22613
21915
22051
21150
22264
22305
22629
21977
22219
18319
21961
22530
22301
21114
21686
21851
21740
22596
22005
21561
21751
21824
22572
22028
22587
20260
21989
22030
22328
21480
21279
22147
21015
22303
21561
22555
22719
21613
22536
22267
22563
22729
22061
21044
22337
22578
22865
21085
21447
22132
22314
21717
21318
22185
21752
22451
22095
22572
21931
22691
21689
21949
22347
21697
22575
22814
22877
22630
21658
21516
22370
21899
22147
22135
22382
22810
22176
22129
21721
22716
21608
21361
21716
22544
19151
22672
21475
21116
22172
21952
21278
22761
21257
21715
22234
21940
22295
21885
22580
21696
21988
22507
22164
21392
22388
22161
22472
22246
21736
19707
22201
21508
22385
22419
22485
21854
21528
22215
22331
20280
22143
22552
20307
22433
22625
22680
21606
21434
22715
20952
21925
22360
22920
22065
22094
21753
22443
22741
22762
21905
21976
22530
17106
22845
20734
21180
22261
22777
22930
21173
22707
22238
22937
22208
22505
22047
21159
21888
22549
21767
22114
22161
20537
22545
21614
21939
21428
22572
21967
21893
22302
22328
22474
22545
22994
22038
22547
22362
19069
21693
20946
21420
21986
21956
21733
20703
21998
22105
22766
22236
20774
22487
22369
22179
19638
20976
21764
21849
21845
22656
22811
22617
22983
21425
22293
21737
21386
20123
20955
22421
22116
22456
22632
19146
21610
22142
21986
22295
22605
21294
22471
22550
22323
20474
21453
21642
22228
22989
22349
22444
22610
18523
22786
22293
20939
22146
22531
21167
22340
22275
21446
20741
20911
21800
22949
21625
22435
22428
22723
21761
22092
21562
22044
23001
21318
22740
21700
22197
22406
21563
21755
21670
22374
21245
22330
22351
22069
20381
22504
20340
22856
22687
22082
21679
22021
22495
22408
22067
22460
22191
22208
21043
21202
22248
21708
22753
22333
22726
22019
21011
22433
21367
22002
22940
22013
22260
22133
22434
22818
20842
22192
22277
22130
20243
22535
22721
22064
22473
21953
22135
20826
22809
22161
21597
22257
21612
22100
22653
19887
21521
22076
21161
21962
22731
21073
22242
22494
20174
21935
21947
20495
21013
21259
22331
22635
22050
21564
22855
21557
21899
21813
21917
20897
22392
22788
21794
22332
19912
22361
21794
22337
22189
21720
22632
22577
21859
20861
21735
22471
20577
22427
22175
22350
21643
19964
22304
22513
20793
22165
21685
22531
21331
21482
20994
21468
22084
20894
22814
22573
21111
22457
20305
18205
21684
21687
21578
21818
21749
21585
22353
22871
21102
21220
22071
22037
22714
22647
20676
20853
22623
20347
21846
22640
20074
22847
21857
21255
21344
22243
22137
21553
21328
22528
21341
21444
21400
22504
22104
22153
21952
22512
22474
22120
22032
21518
22240
22912
21972
21984
21430
22026
23021
22656
22567
21444
22597
21311
22006
21851
22701
22405
20512
21270
22579
22472
22274
21197
22437
22689
22104
19929
22386
21819
22582
22802
22572
21523
21387
21773
22411
22573
22637
22899
22351
21738
22341
22226
21812
21296
22876
22273
21042
21732
22660
22596
21263
22883
21514
22567
22162
21965
22505
21618
22633
21287
22748
22325
21155
22442
21500
21821
22477
21611
22016
21802
21697
21988
22861
21580
22877
22048
20187
22110
22865
21604
21286
21172
19222
21136
22187
21093
21547
21927
22600
21730
22725
21971
21591
21649
21270
21472
20689
22397
22852
22562
21089
22426
22778
22158
18216
21862
21560
22460
21955
22535
21189
22582
22097
19861
20363
22892
22333
21937
21149
22521
22447
22242
22679
22170
22234
21041
22623
21829
22146
22479
22055
22924
22449
21874
20948
22696
21883
22196
22430
20607
22542
22983
20903
21810
22338
22519
20897
22335
21708
22115
21695
21750
22231
21457
22859
22757
19949
22687
22022
22774
21997
21600
22594
22344
21724
22061
21706
20336
22197
22923
22829
20814
22441
21604
21079
22521
22324
21770
21462
22838
20906
22474
21974
20853
21905
22852
22519
20542
22366
22021
22251
22752
21824
21875
22262
22505
21541
21262
21004
22234
22560
21357
22175
22397
22826
21384
22355
22568
22525
22396
22622
22261
19715
22479
22156
22533
22834
22644
22446
22057
21328
21348
20984
22327
22247
21730
22477
22418
20888
22774
20137
22669
22062
22403
22950
19817
22767
22215
21241
22127
22055
19085
22566
22649
22552
22551
21646
21570
21270
22528
20800
21608
22401
22509
22326
22144
22204
22345
21111
22407
21676
22267
22976
22419
22400
22716
21520
22064
22231
22520
22648
21867
22489
22596
21648
21272
20227
21921
22442
22431
22594
22692
22064
20801
22171
21973
22555
21550
22117
22157
21198
21981
22598
22232
21572
22066
21810
20990
21936
22975
21910
22504
22383
21104
22139
22589
21177
22344
22192
21021
21990
22546
22242
22147
21711
19050
22242
21491
22696
22662
22158
21032
21500
21678
22326
22305
22958
22135
22019
22304
21508
21453
21337
21940
21285
22402
22764
20100
21774
22150
21534
22862
21755
21886
22331
22384
21338
21986
22287
22850
22472
22060
21966
22304
21003
22482
21333
22113
22874
22449
22688
22246
22568
21264
20243
22407
22601
22554
17279
22756
22646
22464
22089
22608
21782
22085
22383
20937
21541
22762
22404
22152
21540
21751
21755
21034
21747
22059
22530
20233
22414
21340
22143
22149
20134
21394
22301
21962
23002
22210
22468
22735
22662
22280
21448
22792
22561
22483
22145
22996
21572
20915
20244
22063
19800
22559
21721
22767
22665
22012
21469
21087
20359
21894
21630
22254
22519
22402
22335
22137
21924
22470
21884
22471
22630
22665
22501
22191
21922
22784
18953
21632
23008
21192
21261
21458
22370
22272
20679
21255
20884
21941
21960
21932
21141
21133
22484
22897
22111
22589
22667
22803
22093
22075
22165
22566
20090
22787
22220
21275
22224
22741
22316
22661
21748
21544
20280
22312
19679
22006
21247
22173
21455
22157
22448
21797
22719
21714
22217
22369
21766
21484
21676
21257
21948
22644
22705
22088
22676
22612
21155
22130
21869
22479
22331
22418
22629
21142
21226
22299
22806
22832
22025
22921
19625
22178
21997
22883
21778
21485
22384
22416
20418
22689
21257
19931
22069
21439
21216
21900
19120
21805
21659
22543
22261
21261
22396
21901
22750
22867
22689
21472
21991
21942
21798
21307
21662
20833
22170
22091
21698
22370
21413
22418
21625
22333
22531
22536
22737
20284
22635
21141
21901
22327
22699
22697
22699
22475
22513
21816
22939
21927
22262
21773
22289
22511
22419
22691
22072
22712
22678
22572
22059
21970
20249
22350
22380
20530
22367
22639
22620
20911
22874
21405
21495
19280
22254
21865
22224
22280
22972
22657
22403
21984
20230
21835
22237
21881
21600
22042
22401
20979
22409
21462
22527
21426
22501
21198
22276
21603
22124
21324
22596
22613
18918
18796
19484
22354
22418
22651
21985
22125
22519
22351
20741
22429
21287
22469
22695
22326
22070
20526
21761
22230
22788
21876
22427
21752
21851
21604
22828
20945
22120
21301
22503
21898
22714
22441
22526
21571
21919
20375
22662
22273
21963
22137
21690
22077
21740
21672
21584
20522
21997
22285
22579
21551
22405
21757
22231
22785
21390
22682
23016
21837
21697
21301
22822
21237
22137
22120
21912
21554
21409
21787
22393
21666
21854
21502
21397
22074
22281
21838
22356
22059
22011
22605
22557
22718
21096
21880
22401
22575
19809
21851
21540
22271
22374
22722
22099
22144
20893
21726
21981
20775
22315
22475
22321
21637
22119
21968
19931
21979
22317
22190
20850
20473
22142
20990
22246
22538
21530
22641
21698
22432
21572
20770
21611
19667
21395
21235
22418
22806
21110
22380
21374
21472
22193
21770
22106
21025
21779
21180
21739
22071
21877
22607
22644
21673
21708
22354
22749
22149
22255
22299
21912
20492
22618
22223
21684
22145
22368
22614
22610
22708
22073
22818
21082
22575
22123
22527
22108
22506
22738
21469
22402
22907
22708
21593
21663
21876
20617
20895
22082
20698
22972
20092
22766
20322
21564
22134
21684
19317
20069
19683
22831
22112
21463
21592
22312
21691
21865
22123
21491
22004
22482
22409
22563
21764
21884
21384
21251
22850
21105
20946
20800
21643
21463
22662
21677
21761
21887
20986
22505
22401
22174
22618
20894
22583
22428
21728
21683
22358
21967
21818
21617
22755
22489
21068
21999
22307
20916
22098
22525
22882
22215
22074
21876
22971
21680
21794
22629
22484
20218
22313
22966
22121
22769
18937
22329
21005
22270
21858
22488
22487
21508
19701
19482
18773
20708
21568
22231
21873
22136
20875
21180
22581
22451
21712
20881
22629
22313
21966
22528
22156
21391
21600
21069
21780
22049
22087
22319
22381
21780
22457
22577
21929
22329
21472
22499
22864
22935
21193
21659
19773
20372
22527
22651
19767
22001
22447
21875
22617
22426
21436
21497
22398
22526
21903
21508
21474
21757
22172
22216
22297
21056
21874
22174
21039
21340
21568
22490
22482
22883
22797
19855
20956
19152
20979
21944
20716
21435
22422
21178
20513
22285
20514
21599
22822
21291
21937
20013
21040
20652
22940
19891
22454
21117
21836
22614
20441
22296
22170
21574
21413
21754
22848
22456
22326
22350
22452
22185
22811
21678
21636
22280
22581
21494
22271
21586
21306
22096
22340
21625
21802
22017
22516
22546
21001
22442
21358
22713
20892
22144
22220
21066
22427
21832
21979
22336
21607
21947
21261
22906
21983
21135
22534
21490
21222
21958
22060
22447
21585
21133
22425
22066
22330
22403
20412
21807
22182
22283
21536
21944
20836
22184
21569
21275
21616
20939
21916
22515
21603
21423
20603
21097
22003
21220
21828
20225
21393
21905
21986
22175
22245
21180
21610
20880
21991
21189
20995
22409
22574
21228
20947
22081
22135
21776
21789
22607
22683
20694
22060
21636
21212
21258
22371
19965
21829
22566
22264
21036
22705
20809
22514
21652
21742
21870
21888
22105
20767
22893
20917
20962
20533
22222
20874
22121
21649
21779
21948
22192
21436
22228
21726
22872
21667
22015
22243
21926
21865
22379
22700
