18736
18947
19972
19007
17093
17616
19322
19915
19597
19683
17955
19850
20383
18670
19703
18367
19692
20005
20509
15418
20362
13532
16346
19350
18587
19219
19554
20189
18703
18886
17518
18699
13571
18191
20202
20499
19244
18641
18239
20773
20029
18366
19765
19561
16890
20325
19925
17860
19366
18644
19148
20366
19534
17969
18555
17528
17074
16997
20194
20710
19494
18448
18534
18344
19484
18686
20403
16977
19590
18719
16688
19719
17353
18772
20941
16059
20629
20558
18686
18460
19451
15897
19819
19638
17939
19916
19852
18723
20421
19959
18580
19872
18685
17355
17196
15381
15560
11336
16058
19624
20475
19250
17325
18987
20394
17118
19520
18435
15616
18906
15744
18215
17228
19234
19009
20348
18912
19094
16543
19152
20536
14923
19413
17578
18840
20303
19078
19066
20809
18891
18155
19990
18801
19729
19506
19378
19493
19246
17694
17619
17705
18532
17812
18956
19327
20825
18738
20048
18537
18278
19433
20686
18074
20255
15893
20116
19125
20393
19590
20369
15365
18386
20154
17459
20265
20327
19660
18547
19527
20346
18911
19042
19983
19097
19654
20147
18644
19915
17446
20198
18833
17860
18945
15365
19737
19763
18681
20300
18595
16129
18348
20317
18730
20303
18737
18359
20119
18370
19556
19489
19880
18523
18698
19316
19919
18543
17277
19449
20411
20788
19829
18975
17888
20055
20017
16684
19025
20475
16959
18912
20591
19826
19018
18199
18725
20514
18648
19573
20284
18403
19230
18918
19558
18254
20429
15824
16626
20346
17707
17113
19094
19801
19889
20253
18074
16895
17864
17455
19163
16359
20831
17442
19131
18748
18812
19683
19657
18178
19827
18670
20803
20194
19349
19778
18549
19828
19639
19156
19837
17504
18559
20431
18812
14930
20049
20031
17771
18914
17540
19822
20392
16532
15954
18900
20481
20249
17776
17135
18568
20510
16717
19198
17275
20412
18930
17902
18733
14082
18322
13764
18639
18399
20035
19238
19529
16872
20538
18820
19537
14702
17360
11027
15794
14603
18779
20135
19616
19601
19069
20295
19447
19797
16576
18887
17874
20266
20433
19327
20325
14403
19044
19833
20234
20028
16864
20248
19628
20637
18278
19756
13666
16216
15372
20051
18894
20389
18841
16376
17974
18884
20076
19505
19692
16773
18488
14563
18868
19447
20158
18795
19795
18564
19697
18655
18729
19951
18858
19826
17167
20653
19862
20085
20191
19661
18521
20246
17593
20621
18875
17405
13280
20537
15172
19329
18601
14175
20256
18704
20413
18320
20284
13864
19718
19889
20396
16500
20021
20522
18232
17590
19801
18680
19690
18869
19167
18149
17770
19702
19483
17895
19368
18088
20252
16770
18942
20291
18250
18654
18940
20431
16482
20062
20538
17662
16750
20286
17666
19015
19042
19484
19664
19539
20214
19033
19696
19250
18012
19245
18003
18164
20185
19253
20648
20190
19789
18868
19760
10513
20110
15461
18952
20647
19265
19560
17518
20118
15515
17972
20240
19999
19624
16346
18449
19258
18424
17432
20261
19691
19351
20141
19323
19514
18978
18574
20380
20698
18969
19297
19501
20404
20742
14164
13886
20557
18105
20800
20490
18597
18114
15804
20213
18028
17606
20421
19555
18083
19546
15508
19880
12902
17921
16915
19449
18351
20360
19725
19983
19724
18854
19316
19701
13637
18097
20879
20875
19976
19447
19081
18777
17302
19755
19752
19891
20061
17067
19549
19111
16443
20325
18608
20386
20638
19826
20159
18238
16520
19853
18173
19132
20473
18962
20466
19815
19386
19924
20414
18956
14812
20393
18361
20646
16182
19066
20132
19905
19135
18399
17602
18893
18278
18950
19109
14815
18586
19549
18692
20930
17950
17412
17843
19509
20647
20292
19358
18800
14976
19925
19358
19724
20668
18106
19281
18345
18323
19614
20986
20079
19653
20056
17684
20197
19847
17924
16232
20557
19998
20072
20209
20035
19137
20161
18205
17466
17252
20273
17433
18874
20287
19767
19194
19177
17604
17895
19684
16857
20125
19798
19556
19884
19808
19532
19742
20615
18085
20903
19981
19384
16724
19357
18838
17303
19114
18654
17571
18412
19667
20261
20284
18459
20230
18965
19241
18284
19388
20472
18502
19722
18428
19791
18716
19765
19665
18545
19996
19322
16815
20057
18022
17755
19453
20112
18898
20910
18026
18412
19762
19284
18860
20747
19101
16787
19037
19181
19169
18668
20048
18659
20114
18382
19104
20110
16476
20215
18652
19575
17659
17340
19250
18142
19399
17226
19022
16872
20490
20080
20285
20450
17134
20314
18981
19008
17517
19624
20399
19143
19881
17223
20089
20143
19144
19284
18936
20516
20299
20428
20158
19227
20013
20323
19905
18994
18377
19692
20306
19233
19730
19064
20237
19334
18632
19437
13718
19691
19939
19647
17302
19537
18616
17961
19242
19238
16863
18416
20192
19969
19721
18449
18643
20198
19325
20767
13812
20410
19925
17587
14414
17634
17179
18683
20506
20354
19297
11547
18831
18892
15245
18482
20083
20524
20551
18892
20007
15687
17446
15592
18512
20651
13152
15895
16278
19891
20136
20232
16483
19303
18634
19448
20484
17293
19647
16686
19168
19062
20446
18634
19165
19285
20033
19908
15261
20736
19351
15166
20471
18846
18724
18667
17728
19633
20198
18247
18638
19021
16874
20020
18841
19839
17811
19086
20180
18978
19105
20641
18947
19508
19611
18855
15573
18776
19299
19512
16376
17338
19164
19666
19778
20660
19915
20040
17837
19929
17100
19789
19826
18850
17822
18891
19640
19767
17125
19279
19727
20490
20083
18374
20320
20410
11067
20590
20325
16810
14616
17740
19428
14938
20304
18107
19353
17918
19437
18653
20175
10833
17546
18824
18619
19418
19352
17076
19531
19277
19730
13496
16244
20711
18840
20278
20227
20217
15376
18819
16675
20090
16872
20219
19459
18321
20127
18060
19382
17842
18790
17185
20815
18602
20553
19344
17358
19581
20702
18820
19524
18654
19185
12244
20142
18308
12579
19235
20259
18589
20535
19563
19322
19843
15833
20116
19524
18766
18011
20019
18186
19896
18944
19855
15588
17039
20297
20593
18032
19118
19700
20117
17124
19557
17775
18416
19088
20720
19567
20122
19252
18410
20157
15050
20549
17607
19650
20237
19998
17734
19574
19236
17655
17627
17504
19235
20485
18449
20533
19849
18050
15972
19633
17357
18784
19576
18916
19867
20302
18252
20260
18886
20339
19728
19594
20045
19519
17293
15625
19795
16003
17298
19218
19873
19426
20947
19060
17475
17624
19090
18684
20718
16940
16784
20522
20076
16561
20845
12477
15043
17282
18979
16119
19393
19182
19982
18033
11618
17976
16254
19192
18973
16182
19311
19916
18582
19584
11682
16480
19436
18853
19219
20055
18626
19152
20144
19766
19827
18417
18308
19637
19546
19254
19052
19855
17822
20541
18890
20777
20066
17688
14558
20140
20242
20418
19422
20318
18512
19628
20596
19816
17564
17993
20607
18820
19802
19937
19727
14425
18438
19413
20210
20929
19870
20703
19333
18176
11822
18432
19056
17284
19788
17628
17387
17266
18833
17686
18902
14511
17757
18447
19029
18800
18349
15417
19701
20119
19896
17269
19454
18037
20260
19020
19832
19489
19573
17561
19013
18522
16712
19525
18074
19763
20343
19585
20299
20291
19751
19355
15297
19430
18090
18995
19231
19003
12561
19734
19539
19623
17807
19309
18835
18545
20298
18682
19965
19774
18805
19995
18050
19481
19520
18996
19258
16880
19536
19808
18851
20045
19159
17924
19503
19425
16977
18959
15748
19997
19010
20689
16488
20157
20139
19401
18215
16431
17776
19979
20091
20106
17148
19517
18946
19163
19135
19790
19849
19797
17170
17302
14441
17730
19612
19616
17393
19905
18156
20428
14051
19917
20583
18580
17921
18606
19614
18672
18690
17813
20265
19530
17476
19280
19645
15391
17541
19331
20257
19125
19440
20713
20774
11931
20672
19934
19688
19948
19307
20468
19260
19477
20682
19258
20196
16918
17374
18552
18878
19034
20360
19524
20681
18897
17748
19784
20543
19032
19879
16715
20088
19519
14640
20227
20776
18001
19569
19450
20208
19686
19515
17889
20331
18057
19809
20037
19842
18892
19957
18019
19996
18909
20500
20430
19579
18103
19302
20338
20236
19084
18274
19721
17984
20174
18000
19274
18464
18034
20542
19894
19281
18073
20120
18929
19808
20130
19777
20329
19106
20640
20401
16984
20170
20489
19414
19581
19130
18622
20718
19243
18807
20054
14625
19606
18143
17836
19874
19009
19330
12288
18101
18954
18712
19311
16770
20263
18604
17078
19416
20733
19881
15460
20236
18539
19758
18944
16552
16658
18144
17435
18530
19675
17528
16220
19635
19885
19030
20277
18191
17945
18683
18915
18726
18924
18893
19563
19009
18909
17207
19717
19972
19726
17739
16340
20810
19638
19973
20186
18563
20353
19552
18562
19939
20923
18867
18411
19057
12793
17498
17502
18295
19467
19634
18092
20892
19259
13806
18175
18488
20088
19131
19152
18949
16967
18752
19888
19977
19761
20472
19827
17852
19463
11363
20314
20402
15874
18644
19701
20233
11980
19509
15203
19436
17825
18445
16097
18772
19205
20605
20167
18539
18138
19025
19173
19608
19489
19661
20306
17801
20116
19115
18732
19831
17112
18412
20354
19822
19575
20412
20810
20385
19186
20185
18916
20521
17813
19176
18883
17887
18388
19957
20408
17964
19269
18697
18914
20000
19264
18338
19522
19846
17083
15939
15511
15885
18517
18723
18742
19439
19719
20305
19250
17411
19601
17567
18471
20511
19091
20422
20172
19670
17479
20644
20128
20374
20280
18830
20589
20145
20612
20958
19382
20329
18429
19074
20245
18774
16401
19653
20670
19777
17138
17656
18484
20542
20198
17505
14095
16029
18950
19183
20354
20257
20615
15991
19602
20202
19414
20267
19385
19467
19857
17255
16936
19525
17631
18979
19693
20066
18809
19668
19058
19030
18683
17261
18709
19916
17803
18820
20530
17288
18359
18934
17445
17297
20187
19308
19736
19768
19580
19879
19764
17340
17256
19631
19590
19426
20199
17758
14019
20579
19890
17287
18502
18947
17847
19902
16591
19970
16263
19200
19046
19181
19102
14388
18695
20134
15750
19603
19306
20670
18233
18520
19453
19901
20186
19730
18685
18189
18508
15561
15386
19770
18318
19688
20175
19918
18466
19774
13235
20236
19831
20459
19338
18781
19831
20091
18734
18541
17873
19682
17195
19912
20440
19556
19762
19144
20525
20266
18608
15812
17842
19871
19167
19791
19322
18546
19009
19969
17019
20599
19437
18990
19413
19319
17658
19010
18895
19305
19244
20520
16032
20603
19912
17350
20844
19883
19323
18724
18846
19089
19819
17720
19263
18508
20162
16904
18181
15361
20589
20040
19469
20666
9813
16694
20103
17795
17950
19602
19787
16007
19986
17635
15014
20004
16745
13050
16114
16217
15818
20218
17165
18478
19885
17338
20262
19185
18495
18395
17682
19121
20216
17900
19778
18901
16614
19867
14656
18983
19291
20050
19388
19055
18384
19385
19663
14790
20214
19533
19134
19298
20386
19576
19420
19534
20174
18585
19507
20613
20016
19736
15113
15762
20203
15776
19199
18431
18835
20513
19403
19481
17813
18797
20501
19902
16689
19023
18408
16503
19930
18625
18921
18405
20040
19359
17401
19532
19125
20142
18898
18176
17946
19713
18951
19770
20168
19124
18749
19351
19044
13446
18733
19693
19672
18130
17048
20139
18070
18402
16959
19244
16703
18701
20309
18642
17852
19965
19284
17030
19778
18402
18548
19433
16594
19978
18048
19889
18369
13841
18640
19777
19323
20700
18065
19227
19947
18535
13222
20055
16218
19132
20499
18223
16029
20189
19487
19593
19293
15460
19520
18346
18562
19404
19458
14603
18752
18877
19800
19081
19591
19987
16854
19591
19377
19884
20199
19944
19829
19263
14500
20030
16405
19921
18711
18934
18563
20398
18894
19834
15323
20175
20188
20597
19884
16704
17962
19626
18392
18556
19836
19232
20142
19089
20665
20283
20344
20699
20392
17342
19260
18995
19883
18930
17400
19460
20536
19497
19351
18778
19808
20033
18769
20150
19516
17926
20092
20926
19340
19522
15904
19963
16549
19521
18765
19873
15261
20394
15325
17954
18093
19397
19793
19280
20033
19448
18504
18618
17916
19962
19108
19997
20203
15365
19602
17722
19928
19383
18227
20462
20605
20599
20320
20158
19770
18700
18551
19184
18875
19614
18664
19956
15315
19104
16547
16126
18899
19925
20031
17560
18648
18830
20263
20045
15159
19848
20280
19488
20450
19640
19209
18138
19211
17979
18217
18437
19261
20335
17176
19644
20616
18901
20366
18979
20177
16383
20335
20080
18059
16140
18031
20112
18048
17797
19421
18374
19841
20233
20213
20371
20379
17281
14728
20225
19971
18666
18118
19639
19775
20384
19199
17620
19252
19883
17808
17671
14815
19351
20595
19587
18896
20279
18604
17522
19864
15113
20498
18596
19364
19978
20156
18474
19244
19430
20779
19230
19050
20043
17869
17428
18681
18634
18106
16637
17655
19318
18987
16871
20716
20586
18700
19452
18999
15891
18873
20711
19099
19270
15710
18151
17279
19447
19579
20180
18465
20384
19531
18450
19505
19840
18776
20208
19335
14430
18285
19847
20075
18564
19550
19328
19038
19737
18843
18274
15247
19285
17880
17676
18766
19232
19422
18233
17711
18956
19296
19631
17619
20100
20260
19277
19556
19800
15983
19731
17420
19455
20498
19708
19412
18746
19255
19183
19824
19377
20559
19285
17040
17195
20256
17032
19399
17965
15591
19651
20031
18179
19747
20348
18592
19186
19511
19880
16990
17535
19123
19534
16634
20591
17069
19224
19738
18084
20247
17622
17253
15253
16791
19461
17776
18726
19645
18985
15113
19344
20609
19538
18324
19483
20539
20441
20087
19725
17151
18448
18801
18868
19189
17850
19466
18706
19437
14763
19930
14833
20054
19838
20271
16784
18764
17130
18714
20017
16595
20188
20541
19864
20936
19645
20131
18702
19516
19774
17346
20700
19759
19894
20183
18490
18888
19702
19436
19696
19680
17380
19917
20656
17343
17083
19015
14707
20570
19929
19406
17183
19021
16770
19709
20425
19957
20527
19100
19070
15482
15710
17854
18904
19584
20503
19462
20122
18861
19521
18774
19217
19244
19386
18850
20269
18548
20075
15329
19762
18458
12789
18564
19786
19435
18897
17856
18842
19990
20314
18950
14192
20703
18344
16514
17490
16275
20170
18417
19548
20058
19912
17675
19235
17505
20229
20261
17981
19083
19669
19807
19645
20284
18999
19614
18983
18541
18955
20109
19788
19910
20196
19156
19330
20330
20460
17931
20155
18406
18436
19081
19517
15587
20095
19180
18683
20647
18492
18988
19168
19518
19657
17646
17727
17229
20034
15756
17714
18747
19777
18625
17957
19010
20493
19755
20276
15161
20192
18650
20462
20407
19255
19180
20202
17306
18816
18398
19281
19340
19352
20185
18975
18816
17683
17130
20211
18816
20038
20164
18706
17509
19429
19163
20327
16735
16517
20856
19373
18974
19034
17875
19103
19782
17956
19124
16552
18408
20619
19186
18935
20891
17611
19470
18007
17714
19685
18782
19302
17850
19669
13873
17066
17903
15682
19774
19568
16667
20680
20190
19061
18791
20169
16933
19324
17021
20435
18244
19216
20628
17564
19530
19118
20298
19346
18356
19482
20434
19311
19919
18833
20126
17987
15610
16876
19355
15224
20443
20485
19122
17974
20060
18920
17705
20297
15949
20442
20338
20475
18691
20460
20331
18235
17117
20076
19906
20142
19530
17702
20815
19106
17413
18699
19237
19736
18448
17526
19512
19160
19281
19656
18205
14625
18352
20468
19597
19720
19831
19970
20596
19150
18521
20548
20219
19551
17862
17705
17411
18647
18759
18887
17767
18693
20786
18704
19916
20582
19711
13948
19501
17967
18056
19942
17010
19908
19538
17430
18413
16118
20102
16831
19647
19976
18207
17704
16033
19353
15050
18381
19864
16719
18790
19118
19603
18327
20159
18641
17373
17377
18705
17969
17274
19756
10719
20143
17129
18860
20804
18280
20145
13687
20787
19916
20070
19669
19092
15937
19799
19407
19728
17014
18926
19865
20375
20122
19979
20091
14190
18959
19063
17847
19485
17673
16945
13719
19725
18309
18941
18374
16357
18843
17179
17062
18694
17732
20543
19023
19909
19229
13128
18451
19422
19075
20456
19430
18484
20460
15917
20752
20495
19917
19204
19310
20599
18770
17243
20141
20494
18554
19552
19958
20345
19190
20606
20571
18513
19717
18692
18178
19239
19454
20354
20134
19519
19923
18259
18172
20617
17573
17442
19755
19091
18601
17865
19719
19381
18910
20381
17691
20150
17340
19021
20345
19341
17715
17897
19893
18469
19848
19525
19460
18098
18253
15547
15289
18871
20379
20155
19579
19772
13637
20380
17476
18563
18926
18861
15849
16708
19451
19581
16215
15080
20588
18680
20298
19043
19554
18631
18729
17664
19603
19671
19633
20422
19096
19447
20566
19493
20215
20072
15531
20307
16904
15554
19922
18864
13811
20363
19895
17724
16749
19128
19663
18712
13783
20164
16875
19610
20830
20488
17842
11724
17758
19960
16910
18619
19912
16717
19837
15777
17577
13504
18241
17280
19346
19288
20470
19038
18394
18193
19935
19880
17689
18817
19332
16349
19694
17018
20138
20216
19860
19086
16993
17977
20008
17975
17287
20245
16636
18220
12337
19162
19263
15681
17251
16451
17944
15107
19008
20451
20012
15996
17818
19663
18813
18383
19498
19674
19511
19332
19616
19522
13341
17313
19178
18218
20759
16839
16725
18911
19325
19545
19122
16268
18337
19936
18590
18197
17417
18149
17529
17238
18930
17627
19791
19583
19824
17302
19424
19095
20227
17175
20312
19167
20389
19921
15077
19532
18101
19997
20831
16455
17127
20463
20242
20359
18776
17670
20949
19480
17316
19529
18475
19572
19869
19571
19887
19711
16536
17802
18413
19352
19230
19729
18754
19832
12912
19795
17677
18950
20521
20322
15854
20513
19345
17520
20210
19970
18411
17990
16835
17744
19738
19890
14752
19164
18660
17995
19941
19571
19028
19923
19721
20079
19169
18990
18936
19048
17141
19715
19944
19965
17093
19731
16103
17436
18548
17364
19480
19184
19639
19998
17650
18806
15114
18991
20236
18175
20615
19978
19602
19477
19657
20380
15600
19660
20591
20157
19673
19951
16677
19336
17653
19243
20172
20436
19746
17424
17992
19651
18788
20375
13965
19700
19697
18144
18059
20365
19266
18823
18420
19164
12021
13553
20037
18883
17532
19941
18452
14803
15760
18626
20190
19260
19839
20086
20621
19157
17920
18273
18250
16485
19607
18579
14048
15625
18815
18629
20005
19209
19210
19172
18160
17768
19427
18862
19269
20331
19768
16436
20053
19029
19151
20890
19686
17452
14783
19867
17482
19887
18289
19229
19070
20281
18801
19531
15516
20296
17625
20350
18802
19940
18814
18088
20534
18108
20361
19110
20761
19985
18206
13936
20567
19909
15185
15447
18755
20238
18649
18884
15572
18740
18527
18999
19623
17937
19544
18635
20759
16025
20569
20134
20035
18078
20274
18717
19130
20160
18916
19839
16539
17897
11472
20663
18686
20521
19539
18114
20388
20349
19915
19231
19462
17943
20371
18415
20454
16514
16772
19078
19453
19524
20334
19616
19869
19133
15571
19416
20234
20563
14399
19988
17666
18966
19221
17789
18214
18756
18866
19394
19383
16069
19771
18496
18579
16986
20039
20538
20230
19731
19040
20618
17933
20654
18054
16460
20095
15334
20000
19400
19265
16819
18938
18742
19846
16828
19580
20395
19443
13280
19542
19786
17768
19748
19904
20499
20497
15526
16035
20449
20432
18050
20428
18670
19845
19806
15132
16617
20287
19199
20498
20109
15714
19409
17115
19004
17183
17693
20828
17428
16198
19788
19995
18328
19642
19490
18718
18165
19079
19749
17190
20093
18136
19950
19515
18068
19851
20114
17797
17653
18540
19239
20316
19756
20530
16551
20323
20579
20288
18444
10467
19626
16852
16616
17634
18681
18565
19379
17722
19694
18612
20104
13282
20673
19104
18308
16073
15840
20092
20347
16174
16697
18763
19105
19447
20140
11044
17398
20277
20331
16865
19571
12921
18458
20449
17958
20974
18910
19239
20205
15381
20571
18911
17999
18727
19308
16582
20235
18791
16653
13129
14054
17522
20250
19694
19634
15185
19482
20163
17136
17499
19977
17755
19149
20319
19982
19037
19372
19681
20165
18840
15553
18914
20393
19059
18803
17728
20163
20064
16761
19506
19555
20401
19097
20092
18430
20305
17878
20373
20148
20654
18438
19439
20138
20285
20107
18125
17723
19813
17944
20360
18232
18936
18930
20735
19056
20238
20769
19585
13942
19893
18053
15990
20900
18840
20089
18377
17590
20704
19976
17996
19557
17820
17440
20317
18610
17099
18310
19580
17455
12060
15469
18679
16635
18936
18812
19554
20178
16633
20319
19728
16609
19839
17216
18230
19655
20573
19319
20462
19757
18379
18751
19914
18319
20520
20158
13121
19739
18243
15599
19985
19885
20684
20222
20281
19128
19706
19892
19574
19349
17329
20522
13837
20517
18018
18487
20022
20672
19838
19884
13261
20169
18539
20668
17843
19599
18963
20232
19542
19757
19488
20332
19639
18871
19182
18814
19223
18581
20539
19819
19853
19497
17028
20158
20752
19422
19058
18024
18314
18717
10346
18508
17677
18817
19676
20668
18569
19605
14015
18447
19827
20308
18488
17771
17799
19764
13607
20587
20503
19784
19050
18743
18884
18223
19766
19419
19182
20347
19915
19570
20239
19300
18343
19545
19191
18854
19636
18001
19804
19869
18965
16354
16675
19140
18286
17502
18802
19823
19574
19287
17795
19080
18495
18669
20441
17787
18893
20228
19472
20552
20315
18591
14698
20034
18156
18255
20232
20331
20187
20480
17791
18254
20142
20353
19894
19736
16321
18722
17913
19899
20042
19871
19039
19770
19127
19696
18965
20913
19338
19026
20763
19701
18787
20753
19338
17757
18193
18392
19772
19606
17681
16990
20115
20570
17570
18447
18849
18566
19379
18063
18490
20217
19419
19338
17170
20023
19806
20427
17983
19493
12294
19132
13404
18997
14316
17447
18665
20165
17855
20668
15291
20429
17720
19939
18725
18877
19169
18939
19621
19670
19604
19672
19029
18216
18933
16050
19587
20126
17050
19012
20356
11191
17397
19298
19512
20213
18826
18652
18022
19941
20351
16325
20306
19540
19811
18024
10335
18815
17657
19282
18598
19819
19838
18043
16868
18364
17728
19210
19643
19631
17321
16391
20160
19506
18480
19014
20414
19479
20256
18057
19466
20497
19733
18476
19719
18114
19778
14521
19941
19430
17942
15845
18435
20114
19011
16486
19519
15544
19613
18891
19421
19182
20147
20144
20075
18903
19918
20164
18758
20128
19275
16733
19998
20198
19996
19282
20429
19519
11037
15850
17405
19521
17891
17788
16772
18632
18454
18048
20350
17093
18990
20094
20366
16501
17960
17641
19795
18487
19647
20281
20436
17157
17220
20202
19969
17145
19295
16604
17045
16223
18406
17407
15394
18863
20307
17521
19696
19197
18285
19149
19142
18383
20291
16294
19197
20238
20083
15957
15064
20116
20504
19619
19388
18739
18548
18441
20712
19884
20118
10917
19333
19552
17052
20316
18836
18748
19664
20570
19075
19005
20335
18687
18457
17394
10428
19561
16976
18967
19775
17672
17772
19977
18490
19127
19285
19248
18788
18994
16934
16181
16858
20310
18949
16648
19735
17485
18625
18247
20390
20393
19186
20493
20213
19250
20397
19790
18233
20920
19144
18542
18301
18790
19564
16928
20377
16533
18432
18176
20258
20025
18616
16784
19819
20188
19571
17225
16308
20078
18091
17605
17191
18490
19779
19710
20278
19580
19131
18337
19626
19173
19861
19610
16482
18541
15311
20462
18743
19684
20172
17913
20007
15212
18027
20313
17668
18526
20497
19756
19519
20256
17987
19108
20746
18874
16647
19160
19266
20540
20189
20222
19439
18956
19063
17899
18401
19434
19252
16099
20180
19914
17904
20282
19890
20403
18845
20437
20078
19700
18847
19711
20298
20428
18937
19854
20378
20444
19804
18567
17196
17891
16390
19431
17665
19295
19060
16490
19933
19540
18444
13831
17853
18801
16244
19152
18959
19021
17234
19307
18739
20896
17991
19893
19422
20963
20361
19428
20701
20162
17890
18508
20366
19814
18539
20574
19410
19541
18157
19851
19574
20385
20181
19813
20394
20213
17913
15390
18640
19438
19188
20264
13380
18039
19712
18402
19375
16419
17651
18902
20641
17962
18611
19982
20232
17731
20552
19657
20479
18372
19376
20490
19306
20285
16805
20387
18270
19009
19047
20051
20125
18667
18507
19059
18326
19154
17923
19352
18369
19677
20329
18336
19957
19537
18399
15925
18407
18828
19906
18928
18132
18670
18166
17481
19469
20061
19497
20434
19751
20375
19190
18500
20138
19529
17763
20225
18130
15151
19921
15016
19732
19277
18518
12947
18903
18836
18832
19918
19644
18314
20744
20084
18669
19928
19704
20283
18596
18907
17951
13458
18614
20809
12708
18150
18803
19337
17012
20068
18278
20223
19705
20172
17580
19275
19013
15336
16126
16132
20774
19697
17288
19555
18352
18693
15494
18135
19023
20162
17015
18315
19128
19148
20259
19254
18344
20497
20110
18015
19382
15478
16891
19631
15074
16529
19648
19011
19696
20052
16809
20847
19968
19593
20010
18065
17981
18944
19904
20513
19150
17046
19556
18910
16576
19624
20046
19511
13989
20428
17626
18568
19636
18135
18858
20424
20675
18986
15815
17729
20272
20366
20676
18809
18512
20174
20191
19907
16919
20434
14617
19176
18931
20118
18524
20601
16354
19511
20110
20074
20406
18102
17622
18643
19919
20269
17449
19751
18028
17354
18908
19127
17937
18800
19503
19314
15580
20318
20368
17666
19968
19528
17844
16809
19141
18851
19237
17590
19124
20842
20168
17130
16909
17656
14219
20446
18301
18560
20546
19647
17095
19680
17107
20594
18918
17341
17797
19047
17397
16675
20065
17469
13748
19839
19260
20394
20162
19053
20588
17757
20306
19029
18995
18212
19436
17039
20072
19168
19725
18436
16711
20326
20070
19979
19452
20770
19773
19478
18974
19808
18965
20081
20835
18107
17664
19419
19454
17816
17314
15583
18221
16033
17891
16946
20157
18837
14695
18573
19640
19019
19325
20096
20712
18349
19571
18411
17243
20114
19864
18627
18910
18751
17308
15663
20668
18395
17230
19582
19714
18295
19007
19336
17295
20744
19364
18664
18824
17778
17257
16320
17245
18378
21033
19805
19632
18376
19562
19630
18758
19732
20441
18484
18342
19645
20358
20234
18364
20485
19855
20080
18436
19628
17498
18412
20467
19297
20476
18563
14984
17019
18570
20483
19039
20129
18409
18163
17339
19473
19145
18787
18440
18356
19734
20624
20515
19430
18184
19938
16791
17803
19599
17540
17849
12833
18034
19994
18901
19095
19381
18930
19633
19002
15431
19296
17929
19879
17662
19431
20710
17581
20018
17084
18730
19321
20495
20056
18020
19656
19956
17305
19588
19052
19526
19491
19248
17540
18753
16492
18356
18021
17837
17006
18027
18527
19534
19326
20447
17859
17643
19186
19938
20589
20156
16271
20455
20163
17899
17593
19020
19460
17568
19957
19596
18770
17538
18208
19642
20052
19871
15565
18722
19531
17021
17715
17656
19657
18222
20580
18821
15294
18594
18956
19655
18990
19352
19373
19101
19717
17295
18629
19844
16845
14286
19181
20759
17245
19112
16891
19161
19753
20557
19993
17089
16538
20588
18328
20023
19751
20869
18810
17470
19350
20004
19466
19217
18435
20582
20426
19712
18898
20680
19313
20766
18191
17470
15227
19963
20059
19489
19908
20036
17898
17417
18691
20013
18137
19581
20067
19624
14368
16190
18840
18018
20090
18983
17803
19316
19135
17919
18631
20096
18156
20771
20201
17973
19061
17192
20083
20196
16550
19412
18290
12263
19011
20392
20342
19303
18360
19500
20037
14402
16811
20415
19972
20653
16600
19796
18527
20279
19902
18696
19461
20399
18926
20372
17859
18723
19538
20146
19340
18944
18484
18977
18521
19695
18575
18737
20520
19400
20129
20599
18376
18941
18419
17668
18412
19691
18859
19760
20264
18213
18069
19054
19488
19175
20681
18833
20672
19341
20459
20231
18279
19082
18469
20436
16325
18624
19350
20075
18747
20102
17769
16971
17578
19853
13462
19458
19849
17476
19538
19102
20683
15435
17337
19525
20445
15947
19886
19111
15090
19143
19242
18366
18292
19652
19406
20304
19335
19646
18034
19694
16602
18108
14801
14783
19958
17437
18797
19599
19921
19378
20364
18052
19165
18563
17893
19722
19778
19752
19636
18158
18564
19916
19246
20272
20332
20120
18201
18522
17123
19009
17307
19782
19287
20201
16843
19336
14853
20078
17007
19528
19757
16085
16907
15398
18997
18331
19964
19757
19875
14671
18558
19180
18859
18712
20140
15987
20606
18546
18694
19391
20491
17294
19771
18335
20477
19061
19106
18961
14558
12889
19867
20599
19411
18759
18790
20529
18585
20816
20683
19209
17985
18762
20561
19274
19025
19238
17719
18173
17981
18760
18389
18560
18418
16245
19779
19398
19066
19108
18086
18073
20441
20276
17686
18200
18972
18047
19621
18940
19032
20141
18648
18255
19111
20561
19851
20538
19660
20329
18153
12522
17523
19046
19501
20391
19154
18050
18494
19819
19730
19562
18954
20428
19613
20151
20169
17801
20823
14001
17808
16505
19049
20102
18408
19038
18913
19003
20108
18940
20592
17303
15939
20608
18169
19794
19685
20232
18516
19518
18317
18965
17092
9891
18518
18235
19632
13913
19459
19946
19646
17262
19985
17660
20228
18123
17143
19658
19682
20657
20428
17395
16987
17262
18366
18188
18584
20152
17855
19550
19255
19560
14574
19725
20519
20524
18777
16934
17510
19628
19571
15393
17136
12566
17697
19522
18706
17897
18595
19627
19577
20535
19966
20184
20775
20432
18607
19542
18395
17736
19907
19229
19971
20042
19412
19532
18217
18788
20539
19649
19868
17753
18934
19008
19643
20332
20116
20223
16735
17753
18218
19682
19119
19470
19501
18690
20327
18387
18863
19309
20386
14086
20388
19202
18877
17826
18949
19527
18973
19972
18755
18055
18480
18725
19217
17015
13063
18365
19573
20375
16369
20213
19993
20629
20765
19518
17819
19764
19480
16249
19955
20043
17795
18921
16084
18850
18328
17344
16266
11520
16835
20104
17060
19431
19248
18194
16769
19002
20409
17155
17827
20433
19537
20239
16906
19369
20063
19271
16939
17889
19348
17819
18601
18671
19585
19705
20171
15574
17252
18867
20303
18086
20096
17733
19140
19566
20530
19764
19029
19266
19538
18859
19844
19621
17902
18986
20528
16621
19153
20253
20384
17291
20481
18650
18872
20952
18891
19909
17476
17247
15819
17419
19628
19357
19930
19416
18008
19410
20053
20288
13247
20004
19726
19089
19102
18635
19646
20063
18169
20527
16885
19782
18683
16922
19600
20107
16614
20195
20124
19246
15854
19601
19024
19264
18225
19566
20692
19359
19738
11017
20252
19165
19215
19275
20147
19088
18154
19649
19777
18024
19158
18835
19787
17313
20363
16729
20424
19380
20455
20756
18015
18988
19923
20175
19811
18510
19118
20774
19090
17983
19739
19278
19012
20321
19585
20412
19293
20040
17675
20100
15314
18351
20720
18207
19790
20589
19135
19471
19620
20098
19678
18366
19016
19530
20774
19008
20654
19441
19647
17268
18754
19946
20062
20429
20449
20150
18224
18701
18494
14835
18961
18609
19091
20611
19789
19519
19987
20120
20264
19535
20381
15627
20136
17480
19312
14593
17711
17267
20014
20321
18922
20638
19094
18381
20079
19895
18525
19598
20282
20475
20531
19670
20236
17588
16736
16577
20036
18514
20287
17008
15941
20417
18647
18948
20130
18836
18512
19357
19600
18523
19714
15252
20216
19802
18856
20202
19063
18948
19716
18564
17135
18516
19810
19662
19845
15957
14698
20481
18651
20598
20124
20622
19611
18868
19985
20071
19551
20475
19724
19831
19179
18920
19864
20252
19722
20378
20942
18873
18431
19970
18357
19180
19007
18493
18751
20921
14762
14281
18260
18657
17469
19841
19824
16967
19589
17969
20862
18668
16802
20160
18874
20697
18659
19638
13959
18684
18979
19402
17145
18976
18629
18104
19123
19441
19340
16855
19826
17811
18699
18217
18855
20289
19341
19094
20220
19580
20496
20023
18128
19475
19324
16865
17522
20182
19816
17315
19394
18899
14841
19158
20405
19758
16016
20444
19655
19901
19261
19366
11817
20137
18455
18810
19749
20172
20276
17736
19936
19730
18276
16419
20367
20190
16228
19572
20482
20689
20415
20142
14144
16552
19344
20400
20097
17384
19726
20267
18781
17842
17989
14414
19415
18604
19679
19237
20180
19313
16799
19603
18345
19472
18776
18875
20424
19971
17737
19540
19987
18910
20099
17571
18698
20250
14986
18517
19034
20800
20041
19780
20119
18676
19732
19501
18225
18464
19055
17972
20732
18945
19828
17995
19994
19948
16958
19319
13289
18366
20197
19938
19630
20074
18550
16357
19651
20042
19070
18574
17585
19483
17742
19223
16695
19702
18321
20196
16722
20090
19506
19951
19735
17306
18996
20194
20579
19001
20224
20337
19476
16756
18773
20172
18724
20384
19308
18649
19312
20202
20721
19972
14998
19759
19696
18815
20203
19083
20307
17857
18743
19328
17009
18958
18194
20092
19610
19967
19726
16967
19009
18331
18168
18962
20093
19813
17675
17491
19978
19965
15284
18144
19413
19450
20133
15137
19622
19988
19906
19783
16946
19788
19776
19729
17311
16267
17282
19335
20106
19525
19868
20061
20026
18846
19232
14907
17125
20394
18328
18743
19417
19538
19554
18941
18083
19335
19651
18812
18840
20184
12053
18769
19665
20168
18207
20443
16635
14536
20423
18558
19620
17668
18154
20794
17824
20543
19372
20742
18546
17974
20544
20447
20479
20504
18740
19839
19049
20187
19399
19511
16346
17851
18177
19478
18996
15586
20032
19899
17193
20419
18171
20093
18515
19041
18373
19907
17691
18056
18553
15203
19618
17439
17977
19399
18996
16907
18439
19005
19491
20388
20136
20919
18966
17839
20167
20626
19024
16733
20320
19114
16278
16569
19824
19970
17055
17733
17519
19183
19630
18641
19848
16859
19318
18358
19660
17701
17581
20150
20131
17631
19643
18876
18049
20034
19380
18970
19781
17133
18294
19554
18421
19623
19707
20307
20331
20474
18182
20643
19664
19468
19695
16364
19193
18690
17711
19687
20250
18218
20475
20559
19192
19295
19212
19875
20249
18681
19928
18617
20177
17072
20757
18295
20329
15365
18907
20113
17984
19616
18823
20559
19525
17439
17050
18984
20343
18230
19373
19009
18669
19916
19790
20271
17727
20299
18295
16101
18181
20517
19647
20191
19357
18487
17820
19661
18917
19812
18264
20154
18694
17044
17536
18794
17830
17981
20503
17935
18090
15854
18252
18481
18378
16764
19882
18904
17454
19419
17200
19285
20545
17017
19947
20172
20342
18455
19848
16971
18305
18494
13354
19601
19116
19707
20116
19052
18853
20026
14675
18687
18744
18868
20196
19309
18784
18314
19156
18069
13642
20424
20195
19341
18707
19364
19129
17074
19957
16141
16802
19130
20287
19404
17608
17083
12390
20288
14985
18224
20218
18867
20361
18746
15415
20556
19197
20242
19594
19961
20437
18090
14307
19200
19005
19178
18192
18349
18380
19988
19511
19102
18683
20557
18628
18511
17365
19501
17955
13140
19651
15742
18390
15038
19827
15369
19057
20113
19935
19942
19526
17249
20317
19331
17141
19218
16643
19802
19386
19528
17422
17586
20403
19405
19506
18362
19603
20614
19885
20351
17291
18770
18161
20340
19988
17950
18148
20135
18268
19917
19295
19046
19862
19306
15714
20449
16683
17333
18239
19572
19505
18405
17180
20418
19463
19489
18440
20279
19882
17506
19785
18437
19555
18742
20368
19927
17753
17824
18207
18691
20105
18904
19944
19326
19349
17589
18596
19018
18864
18854
20934
18730
16938
20074
18651
19853
20923
21016
13971
20090
18443
19787
20855
18266
19243
19754
19570
17518
18929
20552
17822
18559
19374
18698
16202
20212
14906
20243
18790
18065
19501
20061
16243
20457
20260
16316
19639
20306
19624
20031
18692
19744
18874
18044
19599
19408
19425
19692
16766
16272
17328
14043
18463
19535
18754
18862
16720
19939
19793
20192
15077
20490
19016
18547
17107
19076
19931
19459
19582
19120
20399
18889
18833
18543
19020
19091
13424
18298
18367
18685
20199
18229
18673
19278
18724
17075
18867
19703
20341
19636
19725
18826
19067
19620
17991
20684
18258
19555
20511
20431
20054
18649
19923
18203
19530
19307
20242
17742
18760
20142
16618
20197
17246
19178
18960
19216
17880
17542
18060
17846
19678
20439
19772
19208
19424
20455
19471
17549
19684
17061
11628
15625
20214
20192
20034
17717
15196
18847
18520
17313
20017
16457
20095
19746
19592
20646
18855
19753
19058
20403
19464
17049
16764
19649
19501
18724
19361
20534
18940
18896
19852
18286
19428
19340
18731
20579
19351
17720
20138
19162
19023
19527
18921
18678
20064
18020
14487
19337
18390
19153
17255
12500
17713
17515
19423
20574
13504
15118
18712
17009
19906
20250
17152
19857
18690
19310
19129
20745
19203
18060
15724
20142
17848
20221
18873
18000
17645
18849
18330
19851
16296
19460
18056
17364
19472
19927
16613
19726
19566
17203
19801
20604
18860
18147
20159
18296
12464
16747
19825
19937
20518
19091
20416
20368
18349
19474
19042
20106
18273
18128
20199
17829
18797
20290
19793
20211
20403
19114
20525
19632
19277
19939
20819
18460
19686
19723
19999
18194
19464
19801
19054
19313
20116
18599
18567
18996
18343
17447
19958
20405
20087
18913
17633
19470
20341
18819
18097
19499
17734
15899
18677
19262
19423
19770
19769
20270
17743
18519
19949
20129
18358
20737
16663
18777
17820
19366
18951
19549
19555
18550
19385
19965
17029
14559
15938
19205
19873
15364
18816
19389
19745
20469
19670
18795
19440
20077
19680
19678
20500
17484
20541
19374
17882
20560
17353
19211
19098
19196
20718
18963
17189
18666
20344
20725
19703
20435
18245
18733
19068
18982
20087
18766
20320
18123
18493
18059
19319
19157
16493
18759
18538
18103
19667
18689
17483
17023
16246
17827
20599
20386
17855
20642
18011
20413
19284
19977
19257
19809
16730
20433
17479
19001
19728
17904
19668
19302
19886
18959
19977
20779
19697
20539
20470
20019
19765
17732
20234
19747
19581
19964
17899
17289
13611
20363
20432
21001
19621
19852
18481
19530
16630
19954
19833
20683
18856
19482
20828
19418
20440
19429
18920
17015
16326
14573
15616
19686
17449
20135
18671
20553
19178
19198
18141
20574
17561
15593
18253
18758
18425
19589
20015
20029
20252
16346
20567
20163
20858
19963
17240
19564
18990
19626
17752
18091
20824
19454
19682
16666
18167
19098
19790
19616
19955
20506
19565
18858
17840
20302
20318
19864
14834
19793
17530
19967
19858
20381
20337
15368
15137
20588
18858
20766
18951
19114
19529
16784
20247
18628
14956
17595
17615
17170
19282
18849
17360
16914
19777
19143
19180
18302
18792
15656
18187
19862
14278
17167
19898
17952
19986
19825
16711
19723
19875
18253
19427
19810
17955
17707
18138
19837
17904
16314
16365
18630
19685
19050
17386
19186
16765
18016
16985
17728
18128
18540
19829
19521
20438
19544
18007
18616
15861
18899
18909
17659
19331
19986
19938
20065
17257
18822
18231
19396
16719
19587
18979
18988
19317
19176
19446
19777
18948
19028
16741
16741
18988
19621
18315
19572
18183
19362
20123
19730
19111
16185
20458
20123
20603
19220
19064
20246
14188
19272
20499
18435
15988
19552
15950
12016
19255
20362
18918
19271
20569
15429
19891
20445
19232
19367
18069
19030
19264
20655
18695
17779
19310
18371
19172
19387
15254
20309
19444
19504
19085
18591
19893
19681
19687
19132
19548
19724
17584
20296
20168
16982
18398
20419
16755
17223
19963
19981
19295
19630
20648
19612
19611
19488
15348
20519
19268
20299
18945
19236
20522
18351
19812
17454
17341
19409
15370
20638
18646
20049
20127
19653
19379
20931
18277
20594
18629
18882
19785
20579
19735
19566
12499
18732
18279
16103
20253
19484
18449
20190
19536
20539
19975
19363
16808
18767
17497
18918
20151
18768
20271
19319
19413
18044
18231
20776
17510
17570
16392
20067
20129
20031
20205
16839
17092
16521
20389
20009
18114
18643
18772
20254
17176
19332
18137
16005
20499
10988
20102
19433
18570
18166
18110
19134
19434
17997
18727
20037
19530
19634
18119
17540
20092
18567
20183
20372
18913
15746
19046
18123
19363
15517
19392
18597
17268
13727
17890
15153
19420
20287
19941
19030
19678
18896
17869
19711
19827
19381
20711
18501
19750
18645
20829
20389
16954
17040
20375
19592
17865
19467
20749
18322
20423
19340
20270
14488
19139
14688
18484
19081
19968
19212
18376
19743
18985
19949
20202
18219
19140
17944
20239
17447
14129
19915
17983
18953
20080
16101
16317
20535
20174
20295
20382
17915
19423
18822
19775
19993
19059
19672
17023
18005
20200
18213
13254
19499
19330
19907
17619
20205
20490
19037
16374
18522
20344
15261
20420
19586
19225
18008
16000
20449
18709
17948
12600
19873
19607
19108
20448
19059
19260
19610
16830
17568
14391
19214
17575
16257
20372
14661
17286
20744
19235
19720
17934
15896
20290
20126
19740
15782
19392
19463
19038
19290
20035
19983
17741
19195
18752
19339
18509
18547
19590
20398
19894
19833
18604
20311
17931
18610
20448
16118
20323
19989
19505
19969
18406
19744
20852
18316
18434
19000
18416
19030
20391
20143
19357
19412
20328
19378
19373
19911
20433
20489
17458
18370
20017
13723
19777
20414
17829
20135
19817
20415
18779
19692
20149
19209
20410
16074
18515
19811
15902
20656
20287
20143
16212
19248
20389
17511
18110
19631
19386
17152
20583
19246
20425
17653
18221
17976
17642
18954
18150
19740
16247
19790
18697
19505
19315
17330
18473
18779
20156
19311
18766
19079
18689
17911
15560
19004
19596
19848
20118
20510
18809
17027
18109
20264
20783
19563
15297
20250
19275
19323
20428
19868
18400
15139
19992
17379
19427
17888
20386
19955
19750
18169
18357
20557
17953
17241
20632
19937
20665
15234
19728
15510
20130
20329
20173
19264
18207
18814
19694
18025
18880
20419
17797
18111
18582
20718
20434
19046
19314
18812
18727
17787
20161
20472
20316
19802
19253
17933
19746
20102
19036
19913
18997
19997
18551
18172
15103
19121
12945
19009
18979
20607
18656
20166
14927
19389
20544
18066
17744
16440
20842
20185
16290
18710
19781
18326
17797
20175
19990
19247
20210
19121
19327
12994
19007
19246
18867
17469
19085
20786
19838
18108
20529
18520
19210
16419
20604
16068
19782
19965
19559
20083
18177
19051
16182
18310
20787
15625
16006
20324
17294
20697
20605
19653
17384
19825
20405
19802
20082
18707
20444
18644
19572
17289
20132
20518
19615
15430
17416
17429
20061
19372
18418
17397
17516
19631
18363
19777
20029
19817
19788
19337
18000
19252
20371
17924
17723
20389
20082
17711
20176
19943
19290
13341
18637
20330
19428
16299
20649
18975
17440
19144
17701
16335
18192
16258
20105
19224
18842
18777
19051
16873
17516
19467
19543
17544
20787
14644
18342
18688
18272
18984
18746
20349
15528
19231
20140
20733
18840
17939
20030
19083
19150
18283
17788
19235
18683
18461
18280
20034
19767
16839
18986
16439
17930
19453
19554
19947
16064
20545
19252
16764
16950
20269
17872
19966
16522
18882
20416
19055
19338
19870
17001
19591
18673
19417
20025
19836
17170
19483
19717
20345
19586
18761
17640
19643
19094
20736
20363
18011
16738
20304
20272
20306
19835
18570
20036
11369
18968
14407
20286
17917
18510
18947
17031
19354
18227
20419
18621
19788
18006
19803
17526
19157
20102
19949
19784
19740
19274
17774
19565
20289
19503
20625
19214
19124
19922
17888
19652
20179
18106
19451
19069
18620
17009
18218
18181
18343
19782
20581
19067
20881
11928
20081
17132
20331
19044
19675
20015
18802
19998
20111
15769
17852
20215
19430
20009
17901
19991
19094
15160
20280
18554
19904
20028
20206
20328
18048
19605
19582
19837
19262
16346
19329
16323
19559
20225
19978
20613
19439
12620
19197
19828
15812
18984
16019
19903
18525
20477
20038
19246
16219
19787
20904
20411
18748
19749
20130
20308
20233
19796
19444
20052
19761
19461
20314
19406
19723
20320
17662
18717
19917
20024
18457
17271
19745
18440
19479
19367
16009
19145
18684
15024
16069
18993
19186
16080
19786
18032
19554
20153
19329
17752
18284
19826
19134
19596
20163
19915
17963
17564
20253
20474
17357
10607
19730
19162
19012
19470
17407
20268
19366
20012
16641
18149
17212
19583
20568
17992
20337
20330
18488
20695
18833
18896
19736
15168
17612
19701
20251
16386
19613
15387
18568
17796
18998
19539
18521
19180
18774
15461
18988
19360
19544
19331
19446
15381
18557
19974
14393
19894
18765
17776
16359
19408
19987
19514
20292
17842
18639
11558
16142
18109
20199
17173
16466
15214
16973
17532
13920
18780
20007
19823
20531
20129
17694
18748
18501
17803
19098
18325
16204
20529
19972
18916
20174
16986
19833
19049
11587
20627
19188
19112
19574
19119
18061
17789
20427
17162
20363
18037
19433
20211
18556
19299
19929
19128
18990
18896
16606
18782
18951
20141
19293
20084
18704
18130
17810
16897
19070
20484
14875
19318
19525
20928
17756
20675
19139
18955
16183
20475
19818
19483
19679
18936
17666
19786
18752
16523
19317
20552
12918
18558
20068
18491
18588
19947
17217
18437
18990
18083
17332
18266
17219
17964
17460
16885
18192
17278
19750
15313
20053
18297
18576
19075
19792
19437
18593
16642
20108
18582
19695
18886
19406
15630
15704
16171
18142
18921
18380
19299
16979
19122
20502
19297
17848
20111
20208
20034
18947
19118
19307
19461
19878
18399
19995
17517
19282
20259
19816
19116
20269
17640
18308
20253
20843
20240
18889
16718
18159
19289
20059
20121
18788
20255
19556
19622
19589
18355
19103
18817
15882
17638
20343
11339
18942
16765
19283
18052
20127
18478
14941
20387
19916
16050
16260
19277
18847
18872
19707
19842
17582
19002
20794
20440
19573
19779
18801
20250
17755
19171
20546
20074
16115
17966
19627
19159
18570
16118
19578
19530
19651
17887
19731
16181
20617
18541
18256
18641
19932
19628
18360
20147
20148
19317
20108
19657
19400
17843
19688
19268
19710
15807
17485
17236
18484
20433
19115
19499
19305
17561
15460
19912
19130
19907
20706
19567
18298
20272
16777
17998
19428
19365
19211
19183
18829
19537
18946
18970
18017
20688
17810
18657
19485
19701
10990
19662
20179
18777
19881
19711
18795
19867
19357
13864
19085
20111
19142
13598
20161
19845
20300
19270
18316
19591
18228
16165
18923
18801
20044
19494
18674
19528
19331
18552
19684
17597
18544
19270
19881
19262
19323
19949
20260
18600
20139
17248
20077
19283
18905
16744
18833
20017
19873
18309
13779
20457
19841
20623
19409
20384
19348
19688
19095
16677
18274
17615
19193
17606
19814
19374
20313
18660
16121
18640
18584
19917
18959
19411
20248
19846
18771
20184
20978
19872
17783
19490
19526
19004
18912
20187
19367
19822
18481
20329
19762
18302
20242
16707
20175
19530
20294
18086
16487
19939
15886
19662
18404
14883
19896
14696
20359
16953
17740
14280
19213
18625
15258
18889
16265
19249
20229
18818
19047
18894
15972
19230
19217
18324
18145
19420
18390
19956
19815
17544
18573
18971
19139
18710
20122
19454
20380
18606
19382
19813
18428
20588
18632
18969
17884
19977
17471
18294
16041
17898
18825
11789
19934
19300
20117
19879
17045
18792
18612
19984
17780
19258
19067
18386
19604
20340
19770
18838
20336
17818
20136
18212
18845
19777
20047
19623
19743
15644
20310
20455
18964
19827
17535
20132
19074
18212
20376
19377
17504
20079
19029
19450
20220
18100
19535
18313
16029
19997
19364
18299
19515
17919
20105
17977
18201
15579
18988
16701
19369
19926
13807
19045
18592
17856
19265
19688
18146
19705
18757
15577
17985
18711
19904
20241
17565
20079
19956
19006
18627
14127
19611
19590
18609
19688
19472
19663
19651
17791
17830
18638
16119
19973
18912
19812
18398
19576
19062
17367
20163
20038
19099
19855
19869
18951
18719
19096
19645
19044
13093
18353
20782
19352
20121
19760
19207
18241
19934
14718
19791
18943
15400
16739
17298
18643
19998
18946
19758
20249
19468
17949
20504
19279
19797
14493
20686
17099
12257
19955
19363
15164
16673
20134
16183
19966
19697
18362
19364
20572
17616
18742
18644
20060
16756
20450
19196
20084
20423
16525
19253
17597
20520
20297
19110
18318
18491
15137
19506
20422
20495
20049
19725
19375
16252
17774
18854
19401
19912
16103
20944
18637
20037
16652
19167
18377
19450
19791
18348
18631
15433
19110
20151
18048
20399
17082
20117
18775
19569
19782
14794
19991
19117
20460
20516
19556
19097
20154
19782
19306
19227
20444
16129
18612
19750
18941
18022
20580
18988
20123
17135
17648
19786
20534
20099
20068
20330
17994
19716
20358
19361
18514
19387
18609
19119
20085
19104
20616
19513
19664
18534
17373
20365
20538
19267
16865
17924
15781
20193
18586
18226
20003
19131
20536
19982
20260
20127
19013
17568
20850
20342
18181
16760
14470
18632
20408
20081
19056
18996
19345
19209
18136
18244
15385
19702
18369
20672
18447
19855
19757
19365
19972
19546
19487
15921
19779
20460
18629
20570
19834
19907
19949
20403
19369
19979
20193
19167
19495
18739
20788
18470
18274
18119
16958
18993
19815
17950
17182
18809
20348
17640
14503
16789
20473
20568
18256
19396
20404
18506
14440
19333
18959
19835
16869
20065
19423
19608
20529
18081
19569
20756
20637
19046
19029
19040
16897
19451
19454
19564
16335
16713
18694
18775
19046
18540
17122
18303
18699
18437
19929
20690
18863
18784
18364
17147
20488
16193
19564
20012
19765
20038
18273
19840
19864
16780
20237
19444
19158
19867
18954
19811
19352
19141
19444
17555
13985
18077
18991
19439
18797
17929
20047
19652
16377
19643
18959
17730
18203
20015
18861
19449
18856
17012
17510
14929
20760
18733
18350
17273
20494
20321
19852
17282
19135
16823
20549
18401
20159
18710
20295
18176
20219
19323
18549
19055
19388
19595
18355
20128
18193
17077
18820
15946
19102
19632
19954
20937
20662
20644
15360
15642
16811
16932
17975
20429
19630
20564
19896
20295
18688
19264
20146
20404
19672
17926
18464
20453
18925
20454
19020
12871
20933
18139
19418
18609
19959
19062
17364
19505
13054
20240
19795
19072
19737
20776
20363
18750
18420
17640
16616
19320
19708
19414
19848
20421
20347
20299
17641
17921
18448
20060
19135
19859
20413
18235
18371
19359
17328
19269
15433
19764
12505
19554
20326
19344
18619
19086
19545
19757
19251
20226
18762
18691
20649
17795
14099
20809
20395
19854
10492
18900
17364
17462
18164
18846
19320
19724
18086
19288
16238
19510
20286
15543
18570
18593
19151
18864
19903
20490
19788
16743
19220
20326
18892
19673
19241
17810
17231
18635
19453
19824
19010
20117
15803
20526
18984
17228
19824
17521
20022
19436
17865
16632
19314
19973
19293
17980
18801
18961
19807
17658
19584
19497
19393
19622
20818
20604
16523
20453
19455
20157
20143
16935
18453
18833
17479
20297
18962
20351
19276
18258
17003
18664
18783
19729
15388
19314
19379
20140
18782
19820
18267
19615
20560
18402
20070
16831
17518
19957
18904
17474
18478
20519
18896
20655
20383
19932
15552
17036
19529
20386
20510
19067
20214
18748
19260
17983
18533
17948
19963
19473
20094
19896
19770
18069
18288
16869
19806
20331
19714
20026
20658
18944
16816
17825
18517
19232
20056
20849
20086
19524
19651
19903
17472
14640
19488
20184
20156
13485
19333
16247
18179
20578
19974
17480
14156
20019
19253
17933
19690
18636
18334
20334
19209
17832
19330
17580
20364
17786
17961
18958
20046
18410
14330
18775
20596
17939
20473
19930
19784
17558
19878
20165
18390
19568
18988
18114
19564
18919
18849
19273
19235
18733
19013
19690
19176
19807
18801
19917
19404
19561
18507
19829
18562
16865
19994
19731
19961
19239
19998
19901
18235
19607
19986
20935
18577
18103
16973
18792
20079
19366
20929
20566
19378
20130
16205
14263
18535
19294
19357
19051
12882
20307
18752
19246
19177
18336
18647
19095
20284
20382
18477
20816
18229
18820
20353
14235
18325
19004
19192
18827
17051
19788
19764
19654
19160
18673
19842
19855
20433
20108
19490
19789
20599
20089
17801
16870
19626
18184
15565
17991
20139
19577
17394
14827
17336
19465
18192
19431
19296
19466
19991
20422
19470
14786
20305
16924
18263
20391
20536
15975
16941
20756
19858
19595
20204
17931
18927
20120
18884
19728
20121
18563
19722
20501
20506
8315
17944
19981
19126
19755
19926
18829
19515
20074
19009
18112
18241
20618
17957
16997
19695
18991
13036
18000
12335
19100
17200
20117
18347
18066
20593
18518
20468
18646
19616
17724
19823
19824
20013
19778
15406
18579
18366
18737
18456
18170
18521
20054
19744
20348
20114
20675
18755
19964
18794
19291
20814
20146
19312
19397
19599
20314
19407
20411
16953
16880
19658
16338
19959
20279
19444
19937
20248
19199
17512
17970
19747
19502
18051
17523
19657
20299
18845
17303
19044
16039
20411
17087
16135
19180
19610
16431
19996
20532
19286
20735
19027
20289
17612
11397
19185
18405
14621
17215
19627
19154
19885
18689
17817
19019
19122
18470
19155
19789
19376
19872
17637
19899
18481
16338
16535
18634
20212
19414
10869
16676
19154
19559
17676
19461
18584
17541
17537
20655
18577
19540
20397
20066
19854
18900
19968
19182
17282
19770
17869
19300
16768
19933
15769
19637
18864
18531
20302
17569
20055
18462
19481
18629
19700
20397
18713
20292
20797
20056
17930
18062
19399
20561
19521
16107
17677
16745
19509
17522
18956
19742
18911
18317
20216
17967
19462
19673
17554
20421
19442
20500
19504
20082
19894
19067
19756
19720
17915
18131
19599
19738
19213
20303
19915
19973
20111
19352
20058
18158
18131
19898
19792
20324
20185
17808
20916
19731
16088
17426
17206
20125
20613
19479
19205
20518
18503
19059
13604
18129
18957
18597
19635
19937
18060
17715
18220
20148
18146
18958
17988
19069
12887
20115
19099
19353
19305
20354
17225
20835
20345
20790
20009
17284
17882
20226
20486
17484
20050
17931
19737
19894
18804
19120
14516
18949
18980
20419
19970
20261
19850
18966
15495
13510
20035
16632
18792
18498
17969
17984
19749
18173
19938
18933
14679
18398
17273
20478
17565
16844
20123
19837
18209
18042
20047
19912
19494
19283
19283
19952
18771
19080
19983
18379
19578
19295
18209
18703
20338
13151
17540
20364
18752
18193
20454
19795
18974
18673
20316
19943
20420
19464
20415
15424
19821
19531
20457
17981
18501
15833
17755
19128
18813
18716
19167
19441
18997
18665
20312
18068
19088
18508
17287
16008
17381
20011
14989
19401
18170
19839
20574
19062
20225
19496
19994
18911
19714
18340
19300
20113
20371
18037
17753
19889
19726
18808
17730
19326
17728
20163
14372
19389
19491
20203
17075
19232
18222
19007
19994
20851
20608
20460
18596
19029
19046
20077
19910
19686
18749
20186
20185
20054
17993
20334
17901
15279
19558
20147
16415
20103
18053
18691
20168
19100
18405
19350
17111
18349
17014
18960
19995
19032
20248
18544
18819
19502
19547
18694
19610
19030
19626
19148
19868
17147
18605
18472
19535
19197
20365
18777
17107
19022
19557
16244
18986
18182
18670
19959
18937
20660
18881
18691
20715
17484
19548
20168
20440
18170
18598
15164
19003
20058
19788
18967
19182
17940
11734
20649
18080
19362
18502
20343
20324
19341
19974
19852
20758
19586
17949
20331
16510
19664
20788
18652
17609
18537
18136
18997
19572
18102
17966
20132
18486
18848
20022
19356
19464
20030
20466
19207
19200
20081
17272
18476
17717
17716
18690
18284
18657
16505
19570
20099
20509
17893
17203
20096
18873
17740
16298
16391
18312
16613
16835
20266
20393
20296
20788
18712
18464
19041
17057
17928
18262
19617
19892
19210
20457
15944
19547
19107
18686
19671
20185
18973
19920
19782
19245
12110
18655
17755
19563
20537
18439
20012
20571
12824
20433
20522
17125
16624
19333
19364
20158
19459
18835
16786
16398
20370
20205
18194
20144
19644
20803
19017
18213
18098
19172
20917
15511
20159
19598
18259
19812
19541
19308
18441
20148
16072
19926
19996
16806
14878
20171
16529
19874
19762
20263
19865
19573
19478
19993
19045
20046
19891
19589
18668
17977
19335
19509
19041
19235
20124
19715
18925
19285
16678
18653
19889
19664
19875
19523
20561
20709
18679
19905
18846
19812
17817
19227
20209
18562
20546
18417
19080
19139
20549
18413
18955
19997
17842
18020
19992
15746
18360
19904
18253
19277
19930
14153
19717
20406
17723
18654
18952
17241
17908
18268
19605
17350
19602
18799
20035
14851
15523
19616
19533
14981
20458
20745
18445
18591
11109
19410
17838
18994
20119
19234
19938
16402
16394
18932
18912
20171
15835
19258
19268
19712
19396
17568
20132
18960
15742
19756
16089
20506
19543
19322
16325
19085
19510
17835
20402
19355
16500
17895
14848
12729
17212
17812
19386
19751
18290
17660
17852
20893
19446
18830
18757
19395
20520
20142
17322
17253
20208
16679
19593
19422
13341
19848
18757
18870
19161
18344
18162
19251
19236
20020
19490
19138
14974
19655
19833
19455
18925
19603
18974
18831
19981
19565
18627
20428
18729
19469
18749
19647
20559
20297
19871
17588
20082
17800
19653
20178
20001
18494
17985
18892
20011
20501
19876
17426
19710
20592
18227
14742
20251
19007
20479
20384
20702
17547
18295
18278
19455
20180
19877
20826
19676
19346
20352
20424
17240
14985
19477
18905
18467
18116
20575
20128
18103
20756
19785
20266
18182
19801
19568
18216
20562
18160
19717
18281
17680
19800
16379
19375
20625
19013
20139
19329
18522
18841
19916
18723
20536
20048
17568
19811
20112
18311
17723
18011
11001
18570
19238
18048
17685
19401
20188
19893
19673
19315
19065
15600
18835
16985
15736
19968
19712
20091
15671
19224
20453
18896
12527
19562
16067
18859
14851
19181
17984
20562
18965
15942
18412
20836
20241
20039
18318
20391
20212
20185
19194
20455
17952
18221
19975
18491
19397
19905
20196
20692
20120
18960
17670
20180
18051
20049
19854
13276
20091
20599
17577
17911
18356
19112
13902
19614
19597
19200
19841
18866
19826
18225
20320
20257
16563
18279
18123
20808
18093
16434
20281
19377
19547
17817
18143
17352
18457
20585
20727
15381
18935
18462
16546
19722
19884
18671
18924
20909
18224
17418
19751
17288
19133
20127
20468
17371
20096
18925
14987
20359
19130
19324
19599
19345
18804
14565
14782
19575
20093
19160
19199
20096
20016
16744
18197
20200
19565
19954
19960
19896
14323
19452
18706
19438
19784
19838
20526
17289
17751
19158
17890
19433
19896
18723
20119
19467
14627
20695
15495
20553
19331
19668
20418
15410
20919
19498
19019
19987
20061
16258
19209
20363
20017
19733
18319
19716
18072
19968
13939
18804
20270
20037
18017
19272
19736
20083
15737
20136
17987
19942
20799
19505
20232
19780
19113
20081
19473
20367
19764
17252
17155
19596
19068
18794
15558
19499
16055
19387
20196
20417
19758
16821
19879
19813
20339
16756
18610
20156
14734
18617
20246
17607
18960
19780
19613
17660
16381
20733
18836
20440
19648
15622
18003
20443
17081
19901
19590
17806
18890
20178
19738
19735
18101
13046
17309
14393
19270
20682
18797
18536
18643
19798
20256
20079
20648
18942
18465
19669
17082
19730
17733
19259
16517
20092
20697
16687
17320
18336
18866
20779
18323
18080
19742
20549
16013
18962
20314
20327
19904
18836
19824
19506
16903
20361
16014
19303
20836
19992
20454
18485
20203
18956
16774
18729
19850
19564
10722
20826
19213
20556
19716
20028
19398
17324
19460
17590
14852
18756
20352
19985
17325
18577
19540
13536
18230
19613
20189
13931
19675
18873
19197
20057
16337
19595
19031
20057
20843
19133
19249
20566
18957
19873
19612
20527
20120
18595
19839
20674
19002
18062
17356
18859
16332
19787
18126
20411
20502
19428
16809
18955
17046
16333
19831
20050
19818
20131
19836
19803
19800
19596
17137
18863
20306
19835
17197
17544
17741
20113
15853
18793
20909
18490
19130
18820
20170
19622
16666
18505
17859
19411
19315
20020
17283
19298
20315
20606
19837
19936
20025
20159
19502
17874
19431
20177
14985
20509
20151
16284
19954
19809
17594
20531
19862
18789
12143
19150
11937
20291
18402
18610
18997
17498
20213
19675
20116
18555
19788
20166
18865
17447
18975
17442
18144
20585
20047
18935
20185
19721
17518
19892
19787
18945
20165
20385
20517
17538
18632
20427
20488
19733
19811
20797
16948
19412
18706
20012
19354
19306
19884
19720
12463
20344
14251
16923
19551
18233
17181
18799
12626
19108
18228
20493
20279
18880
19355
17585
20104
20515
20678
18610
19644
19849
18617
18311
18452
15280
20134
19804
18364
19319
18361
19903
17706
19457
19818
18576
19801
15496
20188
16848
18840
19439
19662
20422
20612
19363
19783
18871
21066
19301
19439
19302
19006
19943
18153
19784
16879
20278
20223
20060
19271
18634
17956
19885
19428
17805
20264
19838
20591
17885
20770
17782
19510
14656
19619
16324
19317
19405
20336
19703
17543
19001
14772
19697
20412
19835
20082
18166
19546
16358
20388
17744
20803
17618
19164
16439
20016
14692
19671
16568
19875
19273
10440
14746
15071
19737
19269
20214
19735
18624
19587
19589
15997
18906
17306
20363
20752
18883
18104
18044
19310
16752
19995
18616
19563
18823
19438
18235
20789
18706
19504
14194
19768
19504
19446
20145
19712
17110
18737
17111
20241
19012
18432
19820
18111
19547
14688
18922
18444
16131
17425
20104
20168
17246
20194
19916
19287
20671
18428
20169
20954
18894
17452
19129
20645
13456
19362
19967
17192
18490
18976
15550
19606
19182
19096
18545
18926
17376
18538
18036
19607
19770
19456
20022
18920
19635
15489
19548
18979
19827
12645
19546
18974
20173
18832
20419
17696
18687
17633
16626
18854
18021
19234
20199
20297
19000
18313
19524
14033
18457
19456
19281
17507
17615
16578
14980
19885
20469
19768
20421
17594
17499
17879
17308
17800
12628
18772
18384
20264
20715
16667
18527
18980
15345
20093
17792
17144
18277
18090
18664
18905
19680
18950
20562
20445
19718
18990
18316
19493
19212
19129
19556
19628
16299
19591
18990
19598
19637
20506
18146
19319
18841
19013
20584
18265
18883
19326
20361
19844
20254
20619
18828
20109
20450
20931
17552
17377
19426
15535
15963
19890
16900
20809
16624
18977
17619
19521
19682
17444
16920
14782
16048
20332
18095
19190
18556
20401
18643
20041
19637
19159
18313
19906
19869
20479
18777
18183
17558
19381
20136
16410
18163
16706
16532
19068
19175
18083
19330
19956
17723
19178
19111
20017
19273
13801
20308
20055
19653
17930
17354
16208
18591
19448
20489
19695
13989
18769
19894
17644
17112
17655
20643
19922
20194
19081
20382
19171
19014
19805
19971
17664
19574
20096
18896
20667
15732
19231
18685
18824
19146
19355
19795
16319
15491
17372
12030
15156
18729
19600
19491
17810
15629
17882
20301
19373
20002
15678
20196
19074
19177
19504
18952
18452
19278
17035
19954
18064
18106
20206
18870
18637
18697
20159
19338
19859
19299
20571
20453
20818
18451
19668
15420
16115
19150
19219
14509
19548
19491
20228
19552
20670
18591
18366
20363
19807
19470
16881
18581
19864
19174
19153
19733
16533
18732
20258
18696
18756
19327
20543
19527
20633
20198
16916
18758
16589
16451
19188
16838
18244
17162
17629
13691
18717
17547
17617
20141
19565
19495
14772
17775
16730
20287
14648
19584
17889
19597
19893
16606
18601
18278
18762
15579
18825
19946
20546
19120
19962
20221
18599
19815
16012
19597
19738
19602
18826
19529
17738
14146
19497
20070
17942
19269
19334
20080
20810
16949
19783
19128
20547
17269
20041
20079
17364
17396
19330
18610
19098
19320
18453
18890
19813
19861
17826
16437
18854
19344
19273
19336
19768
18134
18009
20263
18804
20126
19007
17507
17505
19751
18412
19511
17461
14483
19355
19751
19893
18152
16752
19745
18571
17339
18727
17659
17386
19178
17367
19834
17738
17830
19141
18703
19691
20177
18460
19245
18412
19047
15568
18475
20089
19128
17031
15403
19733
18872
17868
19170
18670
19370
17713
20000
17871
19557
18383
18543
15923
19561
19271
17666
18996
20350
14898
20062
17938
15848
20014
19352
19375
17361
19834
19402
14530
17672
18459
18926
20029
20073
19758
19386
20164
18315
20058
19232
20280
19602
18531
19309
16473
17170
20565
20241
