999
1000
998
998
999
1000
950
999
999
999
999
1000
999
999
1000
949
999
1000
998
999
998
652
999
1000
997
581
978
1000
999
999
923
999
991
999
999
407
999
696
1000
999
999
999
999
999
999
1000
999
966
999
985
999
999
912
999
996
1000
999
558
999
861
999
998
634
999
999
1000
998
999
888
990
999
999
999
999
997
999
999
999
991
1000
1000
524
1000
1000
996
517
999
991
999
999
999
928
1000
999
1000
544
966
999
999
1000
999
998
974
999
999
999
999
1000
999
999
999
990
590
999
999
999
1000
895
442
999
999
750
999
1000
999
948
999
998
869
669
999
999
999
1000
999
1000
999
999
999
969
999
999
999
999
999
838
999
988
899
999
983
999
999
1000
999
647
999
999
972
1000
981
999
999
1000
528
944
999
1000
999
981
1000
834
1000
938
567
999
999
1000
995
999
998
999
1000
993
1000
1000
999
999
581
999
997
999
664
999
1000
890
999
999
998
1000
982
544
999
458
999
999
999
999
1000
999
999
897
1000
968
922
998
1000
999
999
999
999
984
999
999
989
778
921
999
998
995
999
999
947
851
999
1000
1000
940
789
1000
1000
999
673
999
1000
994
1000
957
999
780
999
999
999
999
628
674
999
999
999
649
999
999
582
942
998
973
990
1000
999
907
999
827
999
374
999
967
993
988
999
983
996
638
999
999
999
1000
997
903
998
999
999
1000
1000
999
999
996
1000
999
965
999
999
999
961
999
999
998
978
904
999
842
998
999
889
998
995
999
986
999
999
1000
1000
999
625
999
835
999
999
999
999
999
999
999
533
999
999
1000
999
999
998
999
891
999
696
998
999
999
999
999
999
998
1000
1000
998
999
999
292
998
999
999
999
999
999
1000
995
1000
999
999
999
647
999
998
999
989
999
1000
1000
996
999
999
985
999
1000
999
769
996
999
1000
999
985
999
1000
999
999
999
969
999
554
999
999
996
999
977
1000
999
999
886
999
853
1000
999
999
997
999
999
742
999
999
999
690
1000
310
999
999
713
1000
1000
972
999
999
999
996
999
997
937
999
999
999
999
999
442
1000
999
1000
999
999
997
999
999
1000
999
977
999
999
999
999
948
975
999
997
999
999
999
999
999
988
999
999
999
999
999
716
999
999
986
844
999
999
999
907
1000
999
1000
999
726
999
968
1000
999
998
999
1000
374
999
999
999
1000
999
999
999
999
999
969
999
989
999
999
999
999
996
999
999
1000
999
999
984
999
1000
1000
921
993
999
1000
999
937
999
999
993
999
999
1000
1000
904
999
999
999
999
999
742
756
999
999
999
999
1000
999
995
1000
997
999
999
997
999
1000
1000
1000
1000
999
999
998
1000
999
998
945
998
1000
900
996
999
710
999
877
999
988
1000
923
1000
1000
999
999
998
999
999
999
999
999
999
999
990
999
792
999
997
999
999
999
999
999
600
944
999
491
999
1000
1000
1000
999
938
999
1000
1000
998
999
999
1000
1000
968
999
999
761
999
1000
999
999
753
999
999
999
999
1000
997
999
966
998
999
999
999
999
999
999
999
999
999
999
999
1000
999
999
999
999
1000
999
999
999
1000
470
540
1000
991
999
999
1000
999
999
970
999
1000
1000
999
1000
998
1000
897
462
991
999
996
1000
949
999
689
840
1000
985
706
1000
670
999
981
998
709
999
999
992
1000
1000
999
999
512
999
999
1000
854
1000
1000
999
1000
999
999
985
1000
989
998
1000
999
999
720
999
969
999
964
999
1000
999
999
999
617
999
963
999
999
999
931
999
822
449
977
999
999
784
952
772
998
999
999
994
1000
989
1000
999
993
999
906
999
999
999
1000
999
1000
999
1000
654
971
1000
979
1000
999
999
990
995
999
895
785
999
998
500
694
952
1000
999
992
999
1000
1000
999
999
999
999
999
994
1000
999
999
602
936
999
982
849
999
519
999
999
999
999
999
1000
951
999
997
1000
999
996
709
999
999
979
998
1000
985
999
999
998
999
842
999
999
999
999
1000
998
998
736
870
1000
999
999
999
645
956
1000
999
999
996
999
997
999
772
1000
1000
999
1000
592
999
566
951
999
999
999
999
999
1000
996
999
999
996
1000
1000
998
999
999
999
999
1000
154
999
999
1000
1000
590
999
999
1000
999
511
795
999
999
999
988
964
999
999
1000
640
976
999
863
999
999
965
1000
803
999
1000
999
999
1000
999
780
999
999
981
999
947
998
952
999
891
999
999
609
889
1000
998
909
987
626
921
999
999
999
1000
999
999
991
998
999
1000
1000
998
992
999
740
508
997
1000
999
999
986
896
999
999
999
999
949
999
999
967
998
999
1000
945
999
999
1000
999
966
804
999
1000
1000
999
999
483
999
735
1000
1000
999
756
999
1000
993
888
1000
999
999
999
999
999
995
999
692
999
775
874
999
999
891
999
1000
1000
945
799
999
1000
740
999
999
999
999
999
1000
999
999
999
1000
999
999
999
884
999
999
995
999
999
999
834
999
999
1000
1000
999
994
999
647
992
999
879
999
999
741
1000
999
991
999
1000
999
1000
1000
983
912
565
999
999
998
999
999
999
999
999
999
999
999
1000
999
999
999
1000
999
999
998
982
595
999
999
999
997
1000
999
999
998
1000
970
999
999
999
1000
999
997
999
996
998
965
999
882
931
999
999
980
999
999
1000
1000
999
999
818
1000
998
999
834
999
999
997
1000
999
999
999
997
992
1000
911
987
999
999
841
999
955
1000
998
821
829
999
999
991
979
999
999
904
493
1000
999
1000
1000
999
1000
999
998
899
999
999
978
999
1000
999
999
999
406
999
973
997
999
994
999
481
999
974
999
971
999
999
1000
999
510
999
999
999
1000
974
999
999
362
970
1000
999
999
968
999
999
999
984
999
755
981
999
1000
999
999
1000
973
968
999
998
1000
918
1000
564
1000
998
1000
1000
989
999
999
999
999
1000
989
783
1000
913
1000
999
998
1000
973
999
999
999
999
999
987
999
1000
1000
999
999
966
999
999
999
653
841
990
1000
995
999
999
905
724
999
1000
990
999
934
1000
1000
999
999
999
999
601
999
465
905
1000
977
999
1000
999
999
998
999
778
1000
999
885
981
998
1000
981
795
999
999
999
999
811
999
1000
999
999
999
999
588
986
999
1000
999
999
999
737
412
1000
999
941
607
999
972
999
998
999
999
1000
999
999
1000
999
999
1000
999
999
999
999
999
999
999
999
999
996
999
1000
999
999
1000
999
999
999
999
999
999
875
999
1000
983
999
554
999
510
999
999
1000
997
999
999
999
998
906
999
733
1000
999
1000
999
999
999
922
999
999
999
999
920
999
999
999
999
999
999
1000
999
999
999
999
999
999
999
999
961
999
999
995
999
1000
843
999
976
997
999
999
999
997
983
999
999
999
737
1000
602
999
999
999
1000
999
999
999
999
999
999
988
999
996
999
999
1000
815
999
1000
1000
1000
962
1000
419
999
999
1000
972
1000
999
999
999
999
804
999
989
915
991
1000
997
999
999
999
999
999
803
999
999
585
999
998
999
999
999
1000
999
994
999
999
999
999
999
999
637
998
999
999
1000
999
999
980
786
912
997
889
999
998
1000
1000
999
999
999
999
999
999
741
787
999
654
850
974
999
987
999
998
678
999
999
999
999
999
982
999
999
998
999
999
804
749
999
808
999
998
999
999
996
999
1000
999
988
1000
999
999
882
992
1000
999
999
999
995
820
1000
869
1000
1000
999
999
1000
999
999
1000
993
999
1000
999
1000
874
999
999
996
1000
999
999
999
999
957
999
1000
1000
1000
910
979
999
999
635
382
416
1000
999
999
881
811
999
999
389
855
999
996
999
1000
999
624
999
999
474
1000
997
999
999
418
869
1000
999
999
999
999
1000
999
999
734
999
505
998
999
978
999
999
999
999
999
998
999
977
1000
994
1000
983
918
999
999
1000
999
999
999
999
999
993
996
999
999
982
999
541
919
998
999
999
999
990
999
999
999
999
680
999
999
999
1000
998
993
992
999
999
999
999
1000
997
997
999
999
999
999
999
999
999
985
999
745
999
430
999
999
999
1000
999
997
978
999
584
999
902
938
999
298
996
1000
999
999
999
999
927
1000
999
1000
999
999
1000
999
999
999
1000
1000
999
999
994
999
999
990
834
956
1000
1000
987
1000
999
997
434
993
1000
999
999
832
999
999
999
862
605
999
964
994
999
999
999
987
680
999
1000
1000
999
999
999
999
999
992
999
780
999
1000
999
997
806
974
999
999
1000
999
999
999
999
998
797
1000
999
999
999
999
507
916
1000
999
999
1000
999
999
1000
999
999
999
999
999
999
998
999
969
997
709
999
996
999
990
999
745
1000
999
1000
1000
999
758
999
999
999
843
999
999
999
992
457
995
704
999
999
999
999
999
987
999
534
893
1000
1000
1000
1000
999
999
999
999
999
999
1000
541
999
985
999
999
999
696
1000
1000
987
995
999
999
999
1000
999
1000
994
999
999
999
1000
1000
983
999
954
999
999
999
1000
999
1000
999
920
999
999
957
1000
999
999
999
999
999
473
1000
999
1000
1000
887
939
477
855
999
1000
995
997
1000
999
998
998
991
1000
996
999
999
999
999
999
999
1000
951
999
999
987
666
862
1000
576
999
1000
1000
961
999
999
998
1000
958
999
999
735
999
999
999
999
999
999
999
998
999
999
977
999
996
965
985
999
1000
999
1000
999
912
1000
999
999
999
544
999
1000
999
999
999
1000
824
989
999
1000
999
999
1000
999
961
1000
999
999
933
999
614
999
999
999
548
999
990
999
998
999
999
1000
930
959
999
999
1000
999
999
999
999
1000
358
999
999
974
1000
872
999
999
804
995
999
999
995
999
901
1000
999
557
817
999
998
999
999
586
998
666
999
1000
999
495
996
991
999
999
999
1000
862
999
999
958
951
999
890
981
999
999
999
1000
999
999
999
999
1000
698
990
1000
999
1000
999
999
999
999
999
1000
1000
998
990
999
681
999
999
999
794
944
999
999
555
999
1000
1000
999
999
999
999
1000
993
999
999
722
999
985
1000
903
999
834
995
999
931
324
999
1000
999
999
562
999
993
999
751
999
999
998
999
999
999
999
999
1000
999
768
999
1000
930
1000
999
1000
1000
999
999
1000
999
999
1000
977
999
671
998
907
999
1000
999
999
1000
999
841
999
999
999
1000
885
496
896
1000
924
1000
999
840
999
1000
890
1000
999
999
999
989
996
999
415
999
999
999
999
999
447
986
951
999
999
1000
585
997
995
469
909
968
1000
999
1000
991
984
1000
1000
1000
999
818
999
992
1000
999
848
999
999
1000
999
1000
999
996
999
834
999
999
999
999
912
999
732
1000
999
999
999
999
999
496
1000
958
1000
1000
999
999
999
999
998
548
999
999
1000
998
999
999
982
877
985
1000
999
998
991
999
1000
461
999
374
889
999
999
967
998
913
1000
553
745
999
950
999
999
996
1000
1000
1000
999
999
776
1000
500
999
1000
999
999
999
999
980
1000
999
999
999
999
999
999
999
1000
999
984
337
991
998
854
999
999
999
999
999
999
928
999
1000
1000
999
999
995
382
621
999
1000
999
998
999
999
1000
645
658
999
991
999
999
999
871
999
999
999
999
999
998
998
999
998
1000
999
999
993
1000
996
999
999
999
969
1000
999
999
999
999
999
1000
999
999
995
999
999
1000
999
997
995
999
1000
1000
703
1000
1000
999
999
999
999
998
705
999
1000
999
1000
999
999
1000
1000
999
1000
999
999
999
607
995
926
1000
964
999
999
999
999
930
999
1000
999
831
998
997
999
999
999
999
999
999
999
999
999
1000
999
999
999
998
999
999
952
999
999
999
755
999
999
999
999
999
999
992
999
977
697
999
999
988
928
999
999
999
999
999
1000
999
766
999
999
999
1000
1000
999
999
999
881
1000
999
791
999
999
1000
999
999
998
536
623
999
999
999
564
759
999
999
998
676
995
999
999
999
999
1000
999
1000
999
996
999
1000
997
999
1000
999
943
1000
999
999
999
999
1000
1000
999
957
928
999
999
961
981
866
999
999
604
999
999
999
1000
989
953
999
758
999
911
999
515
999
1000
999
999
619
999
999
856
999
996
999
880
997
976
915
999
1000
999
999
999
958
377
999
516
969
998
999
943
995
1000
999
999
999
999
1000
999
999
915
999
950
999
1000
877
996
999
999
951
1000
999
1000
999
999
999
999
999
708
999
999
999
979
998
902
1000
999
1000
999
999
999
568
435
999
478
999
999
570
992
958
1000
961
1000
470
999
774
999
999
773
993
938
999
999
1000
523
999
547
1000
1000
999
999
999
997
991
999
999
999
1000
999
999
999
999
1000
997
887
999
999
999
999
999
911
999
999
999
992
992
999
999
986
704
999
1000
1000
1000
998
999
1000
999
999
984
999
329
902
999
999
999
1000
999
999
1000
999
999
993
999
862
999
999
999
999
1000
999
999
999
997
897
755
985
789
999
1000
999
999
999
1000
1000
999
628
999
1000
960
999
999
1000
999
1000
1000
999
954
883
1000
999
999
898
999
999
569
988
999
1000
999
999
999
999
673
1000
1000
999
999
1000
999
706
999
999
999
999
1000
999
890
999
1000
919
999
999
998
999
877
998
999
852
999
1000
999
1000
999
1000
1000
999
840
999
1000
999
1000
999
999
999
974
999
511
997
999
1000
598
996
930
996
1000
999
999
908
999
886
999
999
999
999
737
975
999
997
998
714
1000
999
745
999
999
983
999
999
999
1000
1000
1000
999
999
999
273
999
992
818
536
1000
999
999
999
783
999
999
996
999
999
584
998
999
999
999
999
999
999
999
1000
1000
989
999
999
999
711
1000
999
999
1000
999
983
999
1000
999
996
914
999
1000
999
739
996
1000
958
793
863
999
891
990
994
999
1000
999
1000
543
999
999
1000
999
969
999
999
999
999
1000
999
1000
999
999
999
1000
999
999
999
999
996
999
985
999
999
1000
999
999
1000
945
1000
999
1000
999
999
595
999
1000
999
999
524
1000
999
998
999
983
999
528
999
999
999
999
999
1000
997
990
999
752
1000
997
999
1000
1000
999
1000
1000
999
999
972
1000
564
999
999
999
1000
999
999
999
1000
999
999
1000
871
999
999
480
509
999
999
1000
1000
999
999
554
999
999
999
999
1000
999
743
1000
999
693
999
822
999
583
982
1000
1000
999
999
998
999
999
999
999
999
999
425
922
1000
537
1000
999
883
999
999
1000
995
999
726
949
999
999
999
999
999
999
990
999
986
1000
999
1000
1000
776
999
1000
999
999
1000
937
1000
1000
999
999
999
999
999
998
999
999
999
999
999
999
999
999
706
955
1000
999
996
999
974
823
1000
999
999
999
999
999
999
999
998
999
1000
893
999
999
999
843
749
999
999
998
995
1000
999
490
1000
999
620
994
999
999
999
999
999
999
999
751
998
999
999
788
999
999
507
999
999
999
898
999
1000
890
999
661
999
1000
999
776
999
1000
999
1000
844
807
999
1000
956
1000
999
999
974
999
999
1000
999
999
999
999
999
989
999
643
925
999
999
999
934
1000
500
1000
999
999
1000
999
998
1000
1000
999
1000
999
998
999
999
999
977
1000
999
999
999
999
999
929
1000
999
999
995
1000
1000
999
959
999
1000
999
999
1000
1000
1000
756
999
999
1000
999
999
903
984
999
999
589
518
999
871
999
976
999
999
999
998
1000
999
536
987
999
616
1000
984
978
999
970
999
999
956
994
999
999
1000
1000
1000
999
1000
999
999
988
999
999
999
999
999
628
510
1000
432
999
999
997
1000
999
999
940
999
999
999
999
999
999
1000
999
999
999
991
999
998
775
1000
999
997
721
999
999
1000
998
1000
998
1000
369
999
462
1000
999
1000
999
868
986
961
698
999
999
997
996
999
999
1000
979
999
997
1000
999
999
999
999
999
999
999
859
1000
776
999
999
976
997
999
999
997
999
1000
999
1000
952
1000
999
999
999
999
1000
999
1000
999
995
996
466
999
998
999
999
999
997
960
1000
1000
748
1000
991
999
999
989
999
999
1000
999
978
654
645
999
1000
982
999
1000
1000
999
777
997
1000
998
999
999
670
965
999
999
395
999
999
523
544
998
1000
827
998
1000
999
999
999
978
999
904
956
265
999
999
707
999
999
864
806
814
999
999
880
999
999
997
999
999
999
999
997
997
999
999
999
999
996
999
1000
999
999
999
912
999
1000
910
942
938
996
999
999
999
999
999
999
264
1000
999
1000
985
999
999
999
573
1000
999
1000
984
983
999
1000
999
999
999
1000
888
975
999
1000
1000
999
999
999
996
997
999
999
1000
999
948
999
999
1000
999
960
999
999
965
703
990
1000
520
1000
999
1000
999
987
976
999
999
999
999
999
999
969
999
990
999
996
998
999
1000
999
999
1000
1000
997
991
999
987
523
999
1000
999
999
998
985
999
1000
999
967
999
999
1000
999
528
999
999
1000
995
966
997
998
998
1000
998
894
993
999
1000
1000
999
999
999
999
1000
999
999
963
683
1000
999
690
1000
999
1000
1000
999
996
998
999
1000
999
999
999
999
924
1000
1000
996
999
999
999
999
477
999
999
1000
999
998
999
999
1000
1000
986
997
999
1000
999
999
999
999
639
999
999
999
999
999
999
983
1000
999
1000
1000
999
998
998
1000
999
743
986
1000
999
956
1000
994
999
702
999
966
1000
1000
914
1000
999
999
999
999
998
964
999
896
999
999
999
860
892
998
846
1000
998
999
996
999
999
999
944
968
1000
999
591
999
999
719
999
999
999
537
999
556
999
1000
747
999
900
1000
994
998
999
999
527
998
890
999
1000
999
1000
1000
999
999
892
548
990
999
999
999
999
999
921
980
999
999
999
999
999
1000
999
999
999
1000
999
999
999
999
999
1000
999
1000
999
1000
1000
995
999
999
1000
1000
987
950
804
1000
1000
999
510
506
999
952
1000
1000
999
999
1000
989
999
999
999
1000
1000
989
990
996
999
1000
999
641
994
1000
989
1000
999
999
986
891
1000
1000
999
999
812
1000
1000
484
999
828
999
647
1000
999
999
1000
999
999
979
1000
999
999
1000
999
999
999
965
999
1000
998
991
999
999
988
999
806
982
999
711
999
1000
488
1000
999
994
992
999
999
946
972
999
999
999
828
991
999
999
982
999
767
1000
978
999
999
999
999
999
999
994
999
785
999
970
999
999
999
997
999
999
1000
999
999
998
1000
999
990
999
999
999
999
999
999
999
999
994
1000
1000
1000
999
999
1000
1000
968
999
982
910
999
999
999
999
999
941
999
999
999
999
1000
999
999
999
1000
976
999
621
999
963
999
995
999
1000
1000
999
999
999
984
999
918
999
999
999
954
999
999
999
999
999
972
999
1000
999
998
999
999
999
1000
1000
998
1000
993
999
999
999
999
999
999
999
996
999
997
1000
882
999
999
993
999
999
999
1000
999
999
999
999
990
999
999
993
617
963
999
978
897
999
992
985
999
1000
985
1000
563
1000
999
999
998
999
999
999
937
903
984
1000
999
999
999
999
1000
1000
999
999
988
995
999
1000
999
944
875
999
1000
999
999
999
999
999
999
999
999
999
754
999
999
996
994
1000
999
1000
999
999
994
750
1000
1000
999
999
999
513
1000
999
999
999
999
997
999
702
999
959
1000
1000
998
999
980
998
1000
999
999
1000
999
1000
999
1000
560
999
994
999
613
689
537
994
989
999
998
999
999
1000
999
999
999
999
950
1000
999
828
999
999
999
997
999
999
998
1000
999
999
1000
999
999
1000
999
523
999
999
958
998
999
993
999
999
999
999
999
988
999
989
999
999
1000
999
577
999
999
998
581
1000
999
462
996
998
999
999
999
999
1000
990
999
999
999
1000
700
999
999
999
999
999
961
999
1000
1000
999
999
999
1000
989
999
991
1000
937
999
1000
999
999
929
999
999
495
999
504
999
692
999
994
996
1000
746
999
999
720
999
407
516
999
999
999
999
999
993
991
341
564
999
999
999
836
738
995
999
999
999
1000
999
999
999
999
999
541
977
559
742
1000
993
999
999
1000
991
990
999
1000
999
999
998
1000
1000
999
999
1000
999
1000
999
999
931
999
836
561
998
999
1000
654
796
999
999
997
999
519
999
999
674
999
999
999
999
1000
1000
937
1000
999
1000
999
994
1000
940
999
999
999
999
999
899
999
1000
999
999
999
645
1000
999
930
997
999
999
999
999
999
999
735
999
985
1000
999
943
998
1000
999
1000
591
999
992
999
1000
999
999
999
1000
999
999
1000
999
438
999
999
999
912
999
696
1000
999
577
999
999
997
919
1000
999
999
999
1000
999
988
999
1000
996
999
999
881
995
999
999
999
999
999
999
974
998
999
999
989
997
999
999
981
999
999
999
999
619
999
996
998
999
999
999
1000
964
999
999
995
994
999
999
999
992
995
999
681
1000
999
999
999
999
999
1000
999
613
999
999
1000
1000
999
1000
918
998
974
999
999
999
1000
999
1000
999
997
999
993
1000
999
1000
991
998
1000
1000
1000
1000
999
801
1000
982
999
998
998
1000
1000
1000
999
998
999
386
1000
999
999
1000
998
999
999
1000
974
999
985
999
999
997
999
1000
1000
993
999
918
999
1000
999
999
924
970
1000
1000
999
1000
1000
999
999
1000
999
999
999
999
999
1000
999
999
801
1000
1000
908
999
999
993
999
999
999
999
972
999
994
999
1000
999
999
995
1000
1000
999
999
425
999
992
999
999
999
994
999
999
999
955
1000
999
999
999
978
999
614
999
999
999
932
1000
1000
999
999
999
999
943
1000
999
999
997
999
999
1000
706
999
999
1000
999
999
913
999
1000
999
999
995
1000
998
656
999
1000
989
999
806
615
995
999
999
870
999
999
999
997
988
934
999
999
799
999
999
999
999
999
999
1000
999
998
999
999
999
482
999
999
999
1000
1000
999
1000
1000
1000
945
1000
999
999
962
1000
998
979
900
999
999
999
999
891
999
992
996
999
999
926
999
999
1000
739
560
1000
999
999
999
999
1000
999
963
578
863
992
999
343
999
894
999
999
695
980
999
983
931
999
999
841
999
1000
722
999
906
1000
999
999
999
1000
997
662
999
999
917
1000
621
999
964
999
1000
607
998
995
999
999
994
999
1000
566
1000
999
945
999
821
999
863
999
1000
1000
999
999
994
892
999
830
552
1000
1000
964
999
914
999
1000
999
971
1000
999
999
999
999
966
999
999
999
922
999
568
999
999
999
705
999
999
999
1000
981
999
999
999
999
999
999
647
999
999
999
999
999
986
999
995
999
1000
1000
999
998
999
754
998
999
1000
996
1000
999
992
999
901
1000
999
999
999
999
986
1000
972
923
1000
997
986
999
1000
999
934
999
999
1000
999
999
999
999
999
996
571
999
999
758
997
999
999
999
999
677
1000
931
999
730
581
998
999
1000
999
897
999
920
958
1000
999
732
999
1000
999
989
999
999
999
455
999
999
934
999
999
702
1000
1000
999
999
996
1000
1000
999
968
1000
1000
999
795
828
408
999
999
898
783
999
999
999
974
1000
995
999
996
1000
999
924
999
999
999
999
999
971
999
999
1000
988
988
1000
999
994
943
999
1000
999
999
999
422
999
594
1000
520
999
975
999
996
565
999
999
991
999
995
999
999
1000
999
999
999
999
999
1000
999
1000
881
1000
444
999
999
1000
956
999
849
999
1000
999
999
1000
999
1000
999
999
999
999
999
998
999
649
935
999
999
999
999
1000
1000
372
999
999
999
999
1000
476
999
999
999
1000
999
996
1000
999
999
999
999
997
998
999
999
569
1000
999
999
1000
524
572
999
999
1000
1000
1000
999
1000
999
764
999
999
999
1000
999
995
999
999
815
999
999
991
996
999
999
995
999
999
997
999
999
999
995
253
999
995
999
999
999
941
999
1000
999
999
1000
999
594
999
999
999
970
993
999
986
999
998
999
1000
999
999
961
985
858
999
999
999
1000
795
988
999
402
422
999
1000
999
999
999
1000
1000
1000
998
999
1000
733
998
574
999
999
999
1000
1000
945
857
509
999
999
999
999
999
999
999
998
879
999
999
999
999
1000
999
903
999
962
998
999
779
995
999
999
999
848
999
1000
942
999
999
999
999
981
999
939
1000
999
999
999
999
999
999
999
636
999
866
999
681
999
999
999
999
999
1000
1000
999
999
999
999
995
999
999
999
566
996
988
999
999
913
999
1000
1000
1000
999
998
988
999
999
999
999
999
999
957
999
828
999
999
944
999
999
902
999
999
999
989
993
999
999
999
999
1000
999
999
1000
999
992
990
999
929
1000
1000
993
1000
1000
999
992
999
1000
510
999
974
1000
535
999
981
1000
999
706
999
1000
999
1000
997
999
1000
999
922
791
999
999
679
999
999
999
1000
999
894
999
998
877
919
999
1000
591
1000
999
999
1000
999
999
743
1000
465
796
834
1000
999
1000
978
1000
1000
1000
1000
610
1000
999
999
1000
1000
999
539
999
957
999
518
565
999
1000
999
992
999
999
998
999
1000
999
999
999
999
999
898
998
999
1000
999
999
994
999
1000
999
810
993
999
999
874
999
920
691
999
941
999
999
999
999
999
548
997
529
999
522
999
999
998
997
280
999
1000
999
999
1000
932
794
999
999
999
997
585
429
999
703
999
999
506
999
999
999
999
999
503
999
999
778
1000
935
999
1000
999
977
842
825
1000
999
629
655
999
988
1000
999
999
999
992
999
999
1000
999
999
977
1000
999
1000
999
1000
759
999
999
999
999
994
999
999
999
999
1000
999
709
999
458
809
946
999
999
999
999
981
893
999
1000
999
999
1000
999
998
999
996
852
999
865
999
999
999
999
996
999
999
999
999
999
1000
999
999
1000
999
1000
969
999
997
999
999
997
1000
1000
904
992
999
1000
999
999
1000
959
1000
999
549
999
999
999
999
1000
999
999
881
999
1000
999
1000
783
999
999
999
1000
999
999
1000
999
997
999
1000
992
999
592
999
999
999
1000
999
999
946
999
999
997
999
929
999
999
434
999
999
998
1000
999
999
999
999
999
1000
999
999
1000
999
999
811
1000
889
993
914
864
682
940
1000
1000
517
857
999
999
998
999
950
999
999
999
999
999
602
999
996
452
999
999
999
999
960
684
844
1000
999
999
1000
999
1000
999
999
999
1000
999
999
999
1000
999
998
999
999
999
1000
999
999
1000
998
999
999
943
999
995
999
1000
999
999
999
1000
999
962
859
419
1000
665
999
995
1000
998
999
999
1000
999
999
811
985
999
999
999
999
999
1000
999
999
999
999
1000
999
626
952
1000
1000
999
965
890
946
995
1000
999
993
1000
947
998
999
824
996
999
999
999
999
999
999
975
999
999
999
1000
552
999
999
999
999
999
999
973
999
999
999
1000
999
1000
868
999
1000
999
843
455
999
999
993
970
999
999
810
997
997
999
1000
1000
999
948
999
999
999
929
998
999
641
999
999
1000
1000
999
999
832
520
877
999
999
445
999
997
1000
1000
999
823
956
999
997
984
999
999
1000
999
510
999
986
946
981
1000
999
999
999
1000
994
999
999
995
999
999
999
999
1000
999
999
996
624
1000
999
589
1000
999
999
921
999
999
999
665
999
999
1000
998
999
999
1000
999
811
878
999
999
999
999
1000
999
939
983
999
995
888
999
998
999
999
999
846
999
999
999
932
999
999
994
989
995
999
954
999
999
999
999
998
1000
962
999
923
664
999
999
999
999
1000
844
999
999
1000
968
999
987
999
995
975
999
900
396
999
999
899
1000
629
999
999
1000
999
524
1000
1000
567
999
999
1000
982
999
999
999
999
999
559
999
999
999
999
999
999
1000
576
999
937
999
1000
999
998
948
997
902
999
756
999
999
995
999
840
999
999
967
1000
998
907
999
906
982
985
1000
989
1000
999
999
993
997
999
984
999
999
984
698
1000
933
999
999
958
999
986
943
1000
999
992
999
999
999
999
999
999
1000
999
999
1000
999
1000
999
1000
999
999
999
1000
999
999
1000
1000
999
999
996
999
999
999
999
1000
999
999
999
999
1000
946
506
999
863
1000
999
998
1000
998
999
999
827
991
1000
999
999
1000
999
999
999
554
835
897
999
999
999
999
999
999
999
982
1000
998
999
999
1000
784
999
999
960
984
996
999
779
544
999
990
974
721
999
999
999
999
973
999
729
998
999
999
999
999
999
510
999
999
549
999
999
993
999
975
999
1000
999
999
999
981
595
999
999
999
999
999
999
612
999
999
999
828
949
1000
1000
523
999
999
653
999
1000
1000
972
1000
1000
992
979
999
999
997
999
597
990
1000
999
999
999
774
682
904
1000
998
1000
998
997
999
995
1000
999
999
978
999
524
860
999
999
490
999
999
689
999
997
1000
999
999
999
999
999
1000
991
999
1000
999
999
999
999
999
999
999
1000
999
999
999
999
999
998
998
999
530
987
1000
999
999
997
986
1000
1000
992
999
1000
1000
930
999
1000
982
999
999
892
999
1000
999
999
999
999
957
831
621
1000
999
999
680
500
999
999
999
999
1000
999
999
999
999
999
993
999
999
1000
999
980
999
999
999
918
999
997
945
995
999
1000
1000
1000
999
999
998
993
999
999
999
504
989
999
999
1000
999
999
999
999
987
999
999
994
999
999
999
999
1000
999
999
1000
1000
779
999
1000
999
997
999
977
999
1000
1000
999
1000
999
982
999
530
999
999
995
999
592
999
998
1000
995
999
999
937
999
999
999
1000
999
829
999
999
1000
1000
1000
999
999
1000
1000
999
601
999
999
999
997
1000
1000
986
951
999
999
1000
1000
999
999
999
1000
519
426
999
1000
1000
999
999
999
999
999
999
999
999
999
999
999
964
999
999
999
998
1000
999
999
803
957
999
998
1000
999
999
999
999
999
265
988
999
1000
999
999
842
1000
999
999
988
1000
999
1000
1000
782
667
999
895
999
541
1000
999
945
999
999
999
999
999
992
934
1000
993
999
1000
999
999
999
996
998
977
999
999
1000
999
999
999
999
999
997
999
999
998
1000
1000
995
999
832
999
999
1000
998
1000
1000
999
999
999
999
997
999
999
999
999
915
999
999
999
1000
1000
999
999
999
999
642
986
999
717
448
999
250
999
999
999
999
997
1000
1000
999
999
999
717
999
999
999
999
999
998
1000
873
997
999
1000
836
999
999
999
999
1000
852
617
999
999
999
999
997
934
949
999
999
1000
1000
999
999
1000
1000
700
989
999
571
893
999
920
969
1000
999
999
1000
999
999
999
1000
999
999
999
904
999
1000
999
966
984
997
999
999
992
1000
1000
999
999
999
1000
607
999
1000
999
999
999
999
993
999
998
999
975
1000
999
999
999
999
999
999
982
1000
999
1000
999
999
1000
999
1000
1000
995
876
1000
1000
999
779
1000
999
999
997
998
999
999
999
999
999
999
999
1000
1000
857
999
999
998
999
988
1000
739
995
999
1000
999
1000
997
999
999
999
577
997
996
999
884
910
983
809
999
1000
978
999
974
968
1000
926
997
997
999
928
997
999
1000
999
820
997
999
999
998
1000
1000
999
999
999
999
999
959
1000
615
1000
999
999
706
999
999
999
999
999
999
996
999
999
999
992
999
997
999
999
999
998
999
999
900
967
999
999
999
999
998
999
999
742
978
999
988
999
999
999
1000
1000
1000
1000
987
994
999
899
922
999
982
999
999
999
996
999
989
999
999
999
1000
972
999
999
999
999
1000
983
1000
999
997
996
839
999
999
1000
999
868
776
898
999
999
999
666
999
1000
999
999
880
999
999
935
999
999
999
998
624
1000
834
999
779
999
1000
554
778
999
1000
999
999
999
1000
947
999
979
666
1000
999
999
1000
489
999
999
999
391
769
447
992
999
999
999
468
1000
999
999
999
1000
999
875
1000
999
681
999
999
638
999
995
999
999
999
999
916
1000
1000
999
1000
972
999
999
999
999
999
992
998
999
999
999
999
999
999
955
999
999
999
999
999
998
999
998
1000
999
999
999
999
999
1000
999
999
999
998
999
999
999
999
999
999
999
1000
999
999
1000
997
849
1000
999
999
1000
997
999
996
999
998
996
872
999
999
995
977
999
996
999
1000
982
848
999
999
999
999
999
965
1000
999
999
999
999
998
999
997
687
1000
961
999
1000
979
998
999
959
999
998
999
998
619
668
999
1000
999
1000
1000
1000
998
999
999
999
1000
999
1000
784
963
999
988
999
986
999
999
999
999
992
1000
901
883
999
999
1000
1000
999
988
997
999
726
1000
999
998
880
999
999
999
999
992
999
999
999
999
999
999
987
999
997
999
999
995
1000
998
999
999
987
1000
1000
1000
999
985
999
999
999
960
999
999
999
999
649
999
611
1000
462
999
999
984
999
1000
999
1000
999
995
999
987
999
999
699
753
1000
1000
961
998
999
999
999
999
755
998
999
999
556
529
1000
817
999
999
1000
980
999
999
999
999
1000
999
983
668
1000
627
999
999
999
999
999
999
999
999
999
1000
999
1000
999
999
1000
999
994
999
854
1000
995
999
999
1000
999
998
896
999
868
999
999
999
986
999
999
1000
999
987
999
999
999
999
999
996
999
986
890
999
999
999
1000
999
999
998
1000
521
987
999
525
999
995
929
999
975
999
817
999
999
999
907
987
999
999
808
999
999
978
999
999
999
999
821
999
999
815
999
999
999
862
317
999
999
999
999
999
1000
999
999
999
999
984
884
1000
971
816
453
997
999
996
999
999
999
1000
1000
999
999
976
999
999
999
997
961
999
999
996
800
962
999
999
999
997
999
999
999
999
999
999
996
998
493
999
1000
999
1000
999
425
965
999
999
999
999
1000
999
999
999
999
999
999
983
1000
1000
988
999
987
1000
999
544
942
999
813
996
999
999
855
978
986
999
775
999
999
999
920
1000
954
614
1000
999
998
999
879
999
1000
999
1000
993
999
813
999
810
984
1000
955
999
999
998
1000
999
1000
697
936
999
999
1000
999
999
964
999
1000
999
999
996
999
1000
992
1000
996
999
999
999
1000
999
999
1000
1000
999
999
995
1000
999
603
841
999
998
1000
999
812
1000
999
999
999
968
999
999
999
994
1000
999
999
968
999
532
1000
1000
520
999
560
985
999
999
1000
999
1000
831
1000
1000
998
999
999
877
999
1000
999
986
1000
995
999
623
999
1000
999
999
999
999
1000
889
1000
999
960
1000
999
999
999
999
999
734
1000
994
534
993
205
999
932
999
999
999
713
527
999
999
999
999
998
999
943
999
999
999
999
998
999
882
978
999
999
1000
999
999
999
995
999
999
999
999
999
999
1000
1000
886
999
798
999
941
1000
636
620
999
996
999
997
999
999
999
999
999
1000
999
624
999
999
999
999
1000
996
999
999
1000
999
995
999
999
946
998
999
953
999
999
994
999
999
1000
995
1000
636
999
999
999
999
999
1000
1000
999
877
999
925
999
999
505
982
999
997
1000
1000
999
999
999
1000
999
999
999
1000
999
993
999
999
999
999
1000
976
999
1000
893
999
945
999
999
583
998
999
1000
779
992
999
999
1000
999
701
366
999
999
999
680
999
1000
1000
999
999
1000
999
1000
807
999
999
999
999
1000
999
998
999
1000
999
999
738
999
999
857
996
1000
999
999
999
989
999
999
999
861
999
999
999
995
999
999
673
999
999
999
999
999
999
999
999
999
1000
998
999
999
999
998
999
999
999
990
999
1000
1000
999
998
999
952
999
1000
999
999
999
1000
998
999
999
952
997
999
1000
1000
999
767
996
999
999
913
999
999
999
999
999
1000
1000
988
999
855
996
999
999
959
999
999
999
999
888
999
1000
999
995
1000
999
1000
999
999
999
754
999
999
999
594
999
999
643
999
999
999
978
997
999
1000
928
999
999
1000
998
999
928
1000
999
999
1000
999
999
999
999
856
987
999
992
922
703
999
607
481
989
998
999
999
817
1000
560
1000
996
999
999
995
996
403
919
999
999
999
999
999
999
876
999
999
999
999
999
996
858
1000
999
999
1000
999
999
999
999
962
999
1000
1000
999
999
999
999
1000
999
975
999
998
999
999
999
998
989
999
999
999
977
999
999
998
999
996
999
1000
1000
999
1000
772
999
1000
999
999
999
999
1000
1000
999
1000
999
999
1000
1000
999
999
999
994
677
786
880
989
999
999
999
967
999
985
999
1000
784
999
999
999
1000
999
999
514
983
978
1000
947
999
999
1000
999
849
943
754
999
999
1000
603
999
921
999
999
999
999
1000
999
999
1000
999
999
999
999
988
1000
512
999
956
999
991
1000
1000
999
979
999
999
1000
1000
800
999
887
999
999
910
999
929
999
1000
1000
999
999
999
1000
976
1000
999
999
943
999
1000
999
999
898
1000
999
999
998
366
999
1000
979
1000
991
999
999
999
804
999
1000
999
999
1000
999
999
651
998
999
999
999
996
999
999
999
541
999
993
1000
999
999
999
999
972
999
967
495
1000
979
868
999
989
1000
999
998
999
982
999
978
997
999
999
999
865
887
742
999
999
999
999
999
999
999
999
995
999
995
999
1000
1000
999
999
999
998
999
999
997
999
999
999
999
922
999
999
1000
583
610
999
1000
999
982
984
999
999
999
999
919
1000
999
998
999
996
999
999
1000
550
1000
999
998
1000
999
999
999
999
999
1000
1000
1000
999
1000
1000
999
998
999
959
882
1000
876
999
961
999
1000
999
887
999
999
999
1000
999
999
999
1000
999
1000
999
999
999
1000
999
999
999
999
977
998
999
1000
999
999
999
999
986
998
999
700
1000
1000
998
999
999
1000
999
1000
999
973
999
1000
996
384
1000
241
999
1000
999
994
1000
939
1000
999
999
999
999
999
999
1000
904
985
639
999
999
999
512
999
999
948
999
920
990
999
973
1000
687
999
999
998
995
999
999
999
525
999
999
249
957
999
1000
799
999
999
999
951
999
964
992
999
999
999
999
970
945
999
998
995
999
975
999
999
999
835
1000
967
999
996
999
1000
1000
906
957
999
915
387
1000
999
856
999
1000
999
999
999
528
321
999
989
1000
476
1000
999
999
937
999
999
998
1000
999
999
999
999
667
1000
1000
999
999
599
999
889
1000
1000
999
962
999
999
1000
999
1000
999
1000
999
999
999
992
999
999
999
998
887
999
890
974
995
1000
988
999
999
982
1000
999
993
999
1000
987
751
999
1000
447
999
269
1000
999
719
1000
1000
970
999
999
999
999
999
999
527
999
999
1000
999
999
999
998
817
998
998
999
995
1000
999
999
999
999
999
999
999
941
999
999
999
580
1000
463
985
999
999
999
999
999
1000
999
974
999
970
530
999
999
1000
998
1000
706
999
999
999
999
999
1000
999
1000
999
994
999
999
999
704
1000
999
850
998
999
1000
999
999
999
999
996
999
999
1000
999
822
999
999
991
999
981
1000
999
999
999
999
999
1000
999
999
999
992
999
999
1000
1000
1000
999
999
848
493
999
999
988
997
997
999
999
999
999
893
999
999
810
1000
623
787
999
1000
999
999
999
985
999
999
999
997
296
921
1000
1000
999
999
999
999
527
999
1000
999
999
999
997
1000
999
1000
1000
999
1000
999
999
998
999
999
839
999
540
904
1000
999
999
999
999
866
528
999
999
999
827
1000
999
999
994
994
999
1000
999
999
999
715
1000
608
936
999
999
967
999
1000
999
907
998
999
999
999
1000
968
999
999
687
1000
999
962
1000
991
999
999
999
999
958
999
999
999
999
1000
995
999
767
999
999
994
999
999
999
999
999
1000
999
1000
999
1000
999
999
999
1000
1000
999
975
999
999
810
999
998
999
999
999
999
999
897
872
1000
995
999
999
998
999
1000
1000
998
1000
998
999
999
999
718
1000
1000
917
992
813
998
999
999
999
1000
1000
991
1000
1000
985
999
999
999
972
992
999
999
999
1000
534
993
908
1000
652
999
999
999
797
999
999
598
999
993
1000
997
595
999
904
998
999
999
999
999
992
999
246
978
999
999
999
999
1000
999
999
999
999
999
999
999
999
999
999
999
999
999
999
999
999
812
856
625
999
992
899
999
999
996
683
1000
999
994
999
980
1000
727
1000
999
560
999
999
999
999
997
979
1000
999
989
554
997
978
984
860
995
999
999
994
998
998
1000
999
1000
996
999
896
999
948
999
905
999
687
999
999
999
999
972
987
786
999
964
999
999
999
999
1000
999
999
883
999
999
999
1000
999
891
510
999
999
966
768
999
845
999
997
974
999
1000
942
1000
1000
999
1000
999
999
867
985
994
994
999
992
999
999
999
875
999
999
1000
999
999
999
999
801
1000
978
279
999
999
999
999
999
999
999
1000
999
999
999
1000
999
1000
949
953
999
853
1000
910
999
1000
998
999
999
999
976
996
981
999
999
496
999
1000
999
999
1000
999
979
999
999
999
969
999
1000
998
836
1000
1000
997
997
999
999
997
999
923
999
1000
999
1000
998
974
999
999
726
973
367
594
372
852
1000
999
999
1000
989
988
999
1000
999
1000
949
993
999
999
1000
999
999
995
999
998
1000
997
1000
999
999
999
999
999
771
999
999
999
940
1000
1000
999
726
981
752
526
806
980
994
1000
1000
999
616
1000
999
999
999
999
775
1000
999
994
999
999
1000
1000
999
1000
995
1000
816
999
991
999
998
998
999
999
997
999
999
999
1000
985
999
999
994
996
1000
998
610
999
986
999
999
991
969
1000
999
998
999
999
610
995
999
992
999
894
1000
999
999
992
999
937
999
999
999
732
999
999
988
999
1000
995
999
999
999
999
951
999
999
690
988
999
998
972
999
999
999
1000
999
999
999
991
997
988
1000
999
999
600
999
999
990
997
984
999
999
999
512
999
999
999
999
1000
999
999
1000
999
999
1000
987
432
991
999
988
999
999
999
958
999
999
999
999
958
991
999
946
950
999
999
999
987
999
932
999
999
999
1000
999
1000
999
999
999
1000
886
998
1000
995
911
999
998
999
999
999
999
999
999
999
998
999
999
649
999
990
1000
996
999
999
985
999
999
999
961
992
999
953
999
999
281
1000
1000
999
986
985
999
981
999
999
994
999
999
999
999
990
999
999
909
999
1000
999
999
999
879
999
999
1000
1000
999
1000
999
1000
1000
999
999
910
999
967
995
999
999
976
713
972
999
999
1000
999
999
999
834
999
999
1000
999
999
999
837
725
999
999
999
999
1000
1000
999
999
990
999
999
999
999
543
999
931
999
999
1000
999
999
972
1000
1000
997
999
999
985
1000
906
999
580
984
999
987
987
999
999
654
996
999
999
1000
999
896
999
999
999
999
1000
999
999
999
1000
999
999
999
999
999
923
871
999
963
999
1000
939
699
979
1000
999
1000
505
999
999
999
999
999
999
1000
999
515
945
1000
854
999
1000
999
999
999
999
999
208
999
999
999
1000
904
999
997
999
935
999
999
999
686
1000
235
1000
999
1000
984
998
997
999
966
999
999
998
999
999
999
999
1000
1000
998
997
1000
991
998
999
999
999
999
987
999
999
1000
999
999
997
999
1000
994
951
1000
993
999
1000
998
999
1000
999
982
999
999
999
989
997
999
999
999
1000
839
1000
936
1000
995
999
998
998
1000
999
999
999
999
998
1000
998
999
927
999
924
1000
999
999
1000
999
1000
563
853
999
999
998
832
993
851
999
818
999
529
999
999
728
991
912
999
1000
1000
538
857
999
1000
968
999
956
999
999
977
999
996
999
999
819
922
937
1000
1000
1000
1000
867
1000
1000
993
966
1000
999
999
704
320
847
999
937
1000
999
999
999
1000
999
999
583
999
1000
999
999
1000
999
1000
999
941
999
1000
999
999
999
999
1000
999
999
938
999
999
1000
999
999
998
999
999
1000
999
999
999
999
955
975
999
997
999
530
996
999
820
988
982
991
999
612
998
963
999
999
999
999
999
1000
1000
999
960
999
999
1000
999
999
963
1000
999
999
1000
999
999
997
999
628
999
691
684
999
698
999
999
697
999
999
999
999
999
999
999
999
935
860
907
999
999
908
1000
999
999
999
999
989
1000
965
997
999
999
990
999
999
999
446
999
999
997
360
999
999
999
1000
1000
999
999
1000
1000
999
999
999
982
999
999
999
1000
999
610
999
817
999
999
948
963
999
999
998
999
997
999
999
999
999
948
934
999
991
999
999
979
999
999
999
1000
999
1000
1000
1000
996
999
999
824
999
999
999
999
999
999
1000
1000
999
949
999
999
999
984
996
999
1000
999
1000
1000
1000
999
999
993
935
995
890
999
995
979
993
999
974
999
1000
999
1000
999
999
1000
995
999
999
999
989
1000
999
999
991
1000
1000
998
999
995
999
574
940
824
997
999
999
999
997
999
998
916
999
999
998
611
684
999
999
998
999
1000
952
996
999
999
1000
999
999
999
999
456
1000
999
1000
999
999
999
999
569
797
1000
872
961
999
997
1000
1000
999
562
1000
1000
999
999
998
1000
1000
999
999
988
999
966
999
999
1000
999
999
1000
999
999
999
999
999
970
996
1000
986
324
999
484
999
999
999
999
999
999
999
983
999
958
999
999
999
999
891
999
999
1000
999
999
997
988
999
1000
969
1000
999
1000
999
997
999
999
999
956
906
995
1000
1000
999
999
999
998
888
950
1000
1000
999
999
999
531
999
997
1000
999
964
999
998
805
994
999
999
999
1000
999
999
803
935
669
995
999
999
757
999
999
561
929
999
999
999
999
987
828
991
999
999
999
999
999
1000
999
298
999
999
999
999
999
1000
990
533
999
992
999
999
999
999
999
999
999
472
999
994
999
999
999
999
999
999
1000
999
999
999
1000
999
999
936
999
955
969
998
999
999
950
999
933
983
977
996
999
989
769
853
999
999
999
999
999
990
999
999
999
999
687
999
1000
815
985
999
946
999
760
1000
999
999
1000
999
1000
999
999
999
776
904
999
494
978
1000
1000
999
1000
999
999
999
999
999
1000
999
864
999
998
938
999
877
999
1000
999
999
999
999
746
999
668
961
1000
847
999
1000
999
937
869
653
999
999
891
999
999
998
998
999
999
999
856
999
999
999
992
999
997
999
980
999
999
999
1000
951
311
999
999
999
999
1000
1000
624
999
999
741
999
1000
999
997
999
999
1000
999
999
996
999
999
931
1000
999
1000
999
999
987
999
999
999
999
723
947
999
1000
999
1000
999
825
999
999
1000
985
1000
1000
933
999
999
995
999
1000
999
999
999
1000
743
999
1000
999
998
999
1000
665
999
992
1000
999
999
999
999
613
999
999
646
999
999
953
971
368
1000
1000
998
999
999
999
949
999
1000
999
999
966
597
999
999
999
999
998
1000
999
1000
999
1000
998
999
989
999
995
999
1000
999
998
999
999
999
1000
717
999
1000
999
1000
999
999
1000
507
1000
999
954
999
999
999
999
999
999
1000
999
1000
1000
1000
961
999
1000
999
999
1000
997
999
999
994
871
999
999
999
999
999
999
981
999
999
996
999
981
975
996
752
999
1000
999
1000
999
1000
575
1000
1000
956
973
999
529
991
875
1000
1000
999
999
994
999
1000
1000
980
999
999
999
999
999
999
999
999
994
952
999
560
999
999
999
982
999
999
1000
999
999
998
987
956
802
990
999
933
999
1000
1000
999
897
999
993
1000
632
999
998
980
999
686
999
999
992
999
363
999
999
999
999
999
999
839
1000
999
999
817
606
999
999
608
999
998
999
999
999
997
992
1000
999
999
999
999
963
998
999
1000
999
1000
999
1000
809
1000
999
985
999
1000
1000
595
1000
999
999
934
999
1000
882
999
531
999
999
993
1000
999
999
937
910
999
999
999
999
999
999
642
999
999
1000
999
998
999
953
516
1000
957
999
999
998
1000
1000
999
997
987
999
813
966
1000
999
999
403
999
1000
1000
999
956
998
999
1000
999
999
999
876
999
999
984
995
999
1000
999
663
999
999
999
889
999
999
993
999
999
999
999
999
1000
999
999
999
984
1000
1000
1000
1000
486
999
775
997
999
999
997
999
254
1000
980
933
999
999
999
999
999
999
999
521
999
999
999
1000
999
999
999
999
1000
999
999
995
1000
999
999
999
999
998
999
1000
999
996
1000
954
999
1000
999
942
997
997
985
1000
999
999
999
999
1000
1000
952
1000
531
996
999
999
999
999
999
1000
937
999
996
1000
999
995
1000
999
999
999
998
964
999
998
999
998
979
1000
983
989
999
1000
984
954
999
999
826
999
827
370
999
999
999
