751130467
4249725541
1169938
1001685
6629669
376529041
30631
3656059
55466049
320845305
908875
43106450074
22866091
16110
19194961617
22242
376197391
52875401678
30581
52336212
125084
15186
357886
19099825246
1526254
274
49544
22666380669
2052905716
22462732
17468
226081548
17545
1299557
1095990371
309
251390
1258
10947081520
1001018
139542202
48455
508713
19992300
677158540
6384791537
146561769
5160
44781333
20735
831285
52067977
1633
108424
5512835
21007364118
973314
028
9116900
1590249
498443
40069745
059
7951500
58491041
484364478
62905
3599353
092
21688
702178
156276872
28461707
206427
9927
1177966
1988415
7424906
308405
88065759
101447358196
019
127763245
921597125
108943
035
26066
23750
30693312
19290983
619537597
14025
522915369
5346169
4869900116
9929
69184
484781
79143355
123923304076
3833922
114864
694
98095407
25127335
16601091
11161187
799778605
4344403
864671201
46286904
21315
3759
8906472
5028312592
39065753
638505621
662
010
32644767
21908635
072
10966709
27203495910
3642646
17350
28307518
48894
1484
19948
363265
479732403
1329291169
6132106705
492187
7548420029
291077
30326294
111153055
12251
46244635
3147404
7966521
18670450
487297
37055
197752
68632
2909
62220413
16709
14794
13723704
603351165
2564151
11122
1355578
7304713
2536055
77741926
1111757
1007652
81063
346390845
46475
650
10583538
659932229
67777
176392
1030984868
409
4342662114
2928
3839
1237061
21520524
1031974465
3099211
705589
391486
6824063
10230870816
98624
462952278
381090994
3762712
31166792
728
711529
711172
19231
074
350249
6075549650
3712
74274173
1162333
261374
135262871
6060956
2733
324102072
013
74489392
999712796
246601
7829269
26055675068
22886642
170439961
476
8838405820
17614
3616
458307
108912758
29748581
23097446
13228477
158543616
3886
829402
6236717
5511
1644
380
6656335
425109
18668
154063
26695819
596
35136
60880483
3448866075
315893834587
1181
146571
17972629603
1951065785
8735621
27699
393580539
3890955614
1583
3543005430
2337
115066178
049
3700927
10649
3253137
15226140017
299
1388
16569931
31558063
188985055
986
5139792
2333698
5786
51608
32107
8560
434619
58599558315
134209991
11445
23323400
456880
631708
005
11634878
210818
2656
64038
1801513
1506
94562
595
22016922
22136846
22593917
24300182433
7502
6013
49694
35066304
247334910
398971840
340392802
125453732
15107338
103811
124281725
36240343
409590
46061357
1062098
10254337
86905
534958
4566854
69895
199522
16876
293858
568224
1129846
344068419
266178
42271
285198
1319406
348963
1346352
166963010
1909730202
603064683
210120713
370
1181614
17966
2931454
45336604
11879477346
382662
2114786
11408620
10658533
273
25628157
17716419
553972275326
24759485
6294523
8805
12076963
1731
11404922
92080
45832
38113368
658440
5581629
2433285
389914
39068
399325852
10964634694
333861
16824483
9309012
070
1238093
1428817
1553025
6254634
8446603
19295731
600337862
5862
2868671501
55083871
11835583
94077
1719
265787
33443
5711253
102032
2388828
4201873400
1685623534
42241
1237316
307144
459788
930508
12810934633664
40888974
26097
58232
132840845
282928940348
4770424
198599
2036878
2503784970
39529338
15497193
146694
286165
107907009
872
9079400
28093228
212041
7048039
906
10187330787
17225994
4216064
132
894173281
2905
2517115577
6805314
63088235
465476
2600850
4379846
161
2204105
8582040
1025897
6328
5534140985
004
217465
118834764
090
4958766396
584526834638
17623
62751
1115367
721807
83630
11267579
41871
629
749104
6796201
2105199686
667713848
54775116
077
3033864874
2781704
554319165
3446289
114827
4834
156424
21472962
52734296885
689593
1198
17344451
9971142
1145166
281362
117080
787389
3005302
194998
102689
60923
90377308
2318779
8322760
1559
1254401582
288158453
1299717
681746
6430545
5014
14494733
1862867288
12092
505
10475530
1491899
37010211
57111
213305915
853112
61154562
49776566
3119
12262422
3891
2678219091
4959302
141865
10625488
510157483
017
6117027
2013956
16279376
13622044212
2499145
4046325
44328976
106318189
26149483
2783
389691015
176563
1340688298
14965004
18422372
18081426
98939
15065470
568748
482312343
18473604
22418646
254940
754620
1574026418
601450739
126
60386
2295588
212786189
1608694
139
494305055
2508032
35746
763432147
147260333
162569198
126168588
4981
621703
26178776
8951979
190304
4452057
22876
17753
79096724
924636099
408817
22975560
651602168
920942
4264
10112892683
29542
78581845
500339
101793
59775
723680375
11159736198
23115242541
763011441
969653
373597
12845
796191174
11765808
34733
54436
266313
14613846264
160604
1569072
1565678452
426
11590689
11275
85088056
3544
169966316
9311
214221248
2032439731
51183
1130782
438504
630388303
11751723
109714224
212721262
81508899
403403094
251645
133993
16532743
1129
8447441
617703
729547
1893167
32189
100731870
202968819
336
10921
118362440
1169
1604896815
7471699733
1299838753
4917034169
181127
788
102736
22632166228
1718715397
66086
67121988
262159
3547739012
4382987467
3948
382004
26671695
1087
171006555
756539258449
3297822
288677210
755
300108
1278847258
320418438
85428739
1566852506
169500
284373573
1000
8952
15804174
534531
8531625
16950457
897009
390320
5517774
44930
57028
29328
326378
3073411677
17287841
11566286
547110
50158166
12962643075
57278710
115758
3253761
73531581780
012
570
22411241480
45046
6975100
14970999
61901874
1432052508
4521240
109901
14469
318904420423
201627906531
45644885
10263295546
8469
258470639
1179
033
61118
13300202
10034
68369469905692
82631719
13784
3458
189
1653853195
826
168
2275477898
7718
371549
3502
133066
610
61885583
1347499
1027408
126131294
1649930534
763402
89851187
14413
33517222
193235845
10359646270
13185
75140205542
609033947
74808184
2592375251
254579934
7012545
66637
12163441217
2076
579435
636346373
131908675
5762687
041
65901869
1872
146415
24264
445618
487976281
270084547
87349598
24306078
306
77251
2007
187132
4246441
296196
81155
568273559
172842
028
15336
9567596
4737672
084
3179
1628
68026
18776121
129141622
1814
99569664571
16076
6533909013
558085245
137161488
954638834
165435
55246119
603125650
7794046
1445168411
12986107
1603091783
33007216
90645932
778950
54217
137128529
607
1285298103
2515608509
668442
47582
33796
226050934
494
156
4025449
64691
96613
1398
2481
192679373
489544
47279
17762368
26711089421
3549140011
159531896
79477
452962632
1627724
110438985
5360
42602229
112495
64976008
222
9089
127772
9530
1156
487999
1015
7082220
24301999
166065473
289266
1861338
240874719
12776
17465854
2273212
116538959
35069233948
5734
831
5831712
3753473
115974
27545
130242602146
4315
43952
475766
215809
3327217
128
22519916
32307489
21858589
68039
44621298
3393672
75185
10659
072
194110218
14584864
1758946756
118800
60903
1383
278226708
475849
139680405
58224
2839529
1654838
2245381
516
521009860
7930512190
1027715926
5042834729
53955
10991184955
52687
173756
119428
111964814
447298
4627981
45330379
2413337924
228715
9947113
1647410
10022663
1169208540
1991251686
499123
404801
6379632
3703129093
456294149
656703979
001
37901832
1449200
10809931754
3121215487
16757
5777021
572525
1039495189
982708
070
77324
5491597653
2801327
2588685
43475
2058
10579441
355497
10576734116
022
164120
213964
1169
26017644
7427654
4796
349685943662
19686
60922650
216618714
1039955
255473008
1294992950178
7958062
072
151670527
13805432
27165
677120
12101
100785
4750
287134
558
42412430
5406221152
6610
9957
568368950
19905091
10589
54415
405
27129
11128770
532757
35948375
6743902512
557497970
6203274
49317
2469631
2984569
85716784818
37604568699
1604413
1661
19683061
8325
113
1498263
19336987860
1923384
2485173
4152
183750
862217
9071109
27062172
23608638
374
410584
31373155
537901
134965
175789943
9477777193
547
1808812
40313
902929274
16745790
84496
1158
33903064
7778071613
1425696974
935627
228630063
1450
134731
1854
884125076
992052170
1549870
111
2214185227
508116230
56073
722
1068661589
34404921
4529651
15340234019
40547178
2427483
190412
111178074
3546
116829173
3348771
3252
11000287107
167765
95571
705041
1439891217
1062547907
633
501
82238
5190194860
397397
6602929
112640
322221
127551
4349116
297056747
677746
23363
301090249
1808443875276
312750089
74437
127261745
377261
79698692
11292580
546371
94226297
34540434
711621438
23767
16468414
16175257
1390595054
40041691148
10210834
4841
91312
324
135182
1240837
77645
480963
189619
135
22035483472
276219
18165
2292171
391728441
12284404
94281992206
99289594
98063
7431
131
243687
435597
7275645
1504256
296672
5653378
3559055
119544962
4386033
207816568
46782
74083282332
893958
3879999
225368
2472939976
314792665
1987293
194306
1818
181
60537158
114093
1386501
35343220
537265582
57144380
155000
14629
1325480831
144048
185379955
51401821
5611887
403349237
29852029
133554
24640999
937385
592102
2689
783728
598
1221698
115468953
35725884
5582
619599
455487
942026252
1844820063
14095372
9103000
6955
57529199409
785817
442569
144211
493353
199318860
2840
456044438
160160869
1166171
72766
12859956
2490689
13680785867
250684
33556
1105764
40012389
1029
263867298
2834983
342041978
265829
9610
7636
232153
5602951
883174
81522
1384373
31853829482
1132
047
637158880
482917
12813676517
240919288
16019958
644075879
282965746
10924
46667
2236441
83182
379962
701048
483331790
472140
124802423
400731
008
464712
6997200
920589
1388496
311770
57904614
985
4651253915
17119
76744078
19300
36412
874164
72364411
16521804
061
448797
6043076
43585
83681695
4856
23742168
13768
005
2454
243630881
249950365
21308947
3318
24439916
560311207
10996011
199841
6111651
120
27216
15339157
319501196
2057178
6491800
619913484
676
1272
19741376
4698773
9683512081
85808
96778705
4504
1953024204
943687
106124907
1948525749
15933
991238862
153457
21831131
2142322
4290136995
341422
5773
623712037453
32835
1533069069
56148
10369811
4184478105
1107996
1165789
829418830
2676544093
391944
5106193
284242
15879
65273603774
16485064008
316186
13314898
13209
13790826
464662
6141309
032
981410
2332
152344617
197592
23615214
33732520
52687
6994
1515677
67672178
1940
51832843
228916
368462573
184624757221
666125061
55395952
38799982
11945737
652102
740873
076
9877
1412073520
2785
25520842
1641361572
661304
223613895
28314
140655
150
2410361570
5548596
27258
83709
295354
144142322820
977
233111
2882167
32620679
9804055
115390
664
3405856
6635917059
676896401
9550330
1020137
106913607
459
53042
1515051
122547366
3828036
280885813
1295059
13836
008
1543184582
12593891
31013
127
673909
4314
26241866
33906297
10344328
10336360
659676758
14314830
68704173
2968664716001
29993
1326426698
12697964796
29082966
34390684
78060044
803701
151673420
21071941
66511541
79350432
35763995
20851
377343
2739682053
65147756
10952996
10238718387
7623022
443190
2414160
526205
2506365118
566661
8719
362727
102536936029
15607
9040829
304
321281
460
15363079
444879
3318273381
3113490
5073521
14376148
248778
21741
9739
515900386
564
95783194
2574774
1246171899
1530993
26585758
9443549
107916
1015903487
1587578
980219
948629065
4393
18816991
39331318
373823
53998983
9013264
146153924
3140815324
477810
3183193
3903675
50642760
33171
172050
15965631
1025029
2699910
496015
340713
4490
67258602
13472513218
1255
11799154536
9572
15256
507800
1052668
46578187
642699
444351
79685468
73474690
1353600
47580
222626579
241
4893617
1448742
11221553
1588509288
733689
3020897
3427171
4701525
36493
1080843
7354
29463078
14910
52982432
56544270
3665764068
5774
861405
368135080572
817956564
111338079
1295
3582124158
124
2611627
665955
27421980815
587
1598566737
5262426
40463894
8535654
892609001
28407526
515554
717391
1998
148779
1264814006
52129
468615
23175997
22612455
76930203
612895
2077
28447
93899
350
35069
87365
31410218
7805390
13694340
7246959837
30972418
24343
8011969
647454423
25746479
17664053
1112992811
1830396
2619
124209
79186540
1700913
8757322562
100498318
89809381
11051
57604
860
10532
655
6151707
17645
5105266613
819285311
146215
19062164
17315462
15614807
14515428
6269403
41653
17887
6309843
065
250264
67720
76408875
40555
22151122
22796
41427
10255335
4555388
10074988
17736097
334863
961
2480984
2977445
123013
8552292
1217127912
13751
345
7758434
15940
18517383
12883353
1738509
8751164
2186037
49118081
1810059573
2459926
1914068
1463160515
21659
227261839
1754
124128
1913544082
7900312
8704287
7418055
220294
069
768665868
2120
1724073738
5194602013
6637723
333824290
40136904
6616620
122402766
285156246
2534918
8225797
1691923960
45374
645695817
2985
49735094
918386
601102
668270627
28969638
27166536
110315
7181437
2118802
6662145
5826284308
1637368599
2920139071
232
192951
1495655
179980307
160
089
043
9437532145
1630645
2029393
8828
1360
168688023
993880
026
987
904366
20185
257857
10011994261961
1936104027
10468
279433420
187168114
057
2224263589
155753
2767468
529378119
185
386
231121330
2232495
987596
867244
12418569
326060783
1475069
7486067
6566
917818
346
16304
58308
2390
1029535
5185378
22373451
70516934
25842564
698056
511729426
4539
241336431
1377
820558307
237921
2861
103355769
5683304
2794618117
61868116
899478
306015
6939682
844811900
82199
406650
15934023
2495813
62118
8322585
61156
2544
9358
34687264
652580
28736136
304500
180796
22846691
13645375
700546
083
823563
77865839
1057545788
1171514046161
2377859
4144
1778480
216607972
154728
160723944
24901851
549992831
19462
5666
198258
28737726
351278
524169582
23994
97889997
11070508
2952
1934847
1143
3546153
025
89559634
3431178
1442579678
191926357
3425103
19301988
29173
3624107161
19653
359955
452
45125
2468226
011
31229
137499387
355375119
307591
3607470
856657033
11866
1977266618627
176319160
153365614
543791584
178442
30303386202
417748
70099208
59370680
301429842
2007983466
32719259
3519218
38072
42580295
3593070
60042
322
3448
8008735140
348953175
2432
1191975793
2806616
227505
076
11603
266721159
18658381
188784385
34099
530069
3279234
123531
351468
225924
974053
736
757221
272758942
18915625
2177933279
2701
14749
155052
9230454061
961493255
10790901
12127539
5667505
95031
918803
5277791
2187127
159
78841120
1260387702
94037
8339
4301
1489048
132699791
16582452
489551771
58296798
31165781
53696616
537085
8249774
1303
2088482255
216689
1587421
32383
1262039
1688
11419
265513632
4957243876
1010197
1322821357
2977398578
110174100
4210963576
1072909
10130213
49314556
15989676
8536598
82711980
355347
2028232
6085
247644
116
469161
99579
1843375
2378
137528
053
315797446147
53157041
429930112
137307023
46581919
1186
81321
13345968
1418744
134052
1267554
55794979
115191785
16529
333
7178
467
15426003
342922
16148869
734556707
463134214
13941
344062513
2210
775
978670849
855592364
7284682464
202616834
1877380
946997
38881992
2310857432
38603480
229413
23779902520458
163
372869184
7240
104965
2643390
3115067
1845
4252782492
16613027067
818
15801
170408756
36231220
2091756
30158024376
258118
20037492321
50567
50721932
26260
72373660
558103341
292004290
18122
42907791
795
521099
342905
10805400
290151083
15187106
1538009966
157378
22309
12895842
5520190
33892
16599502297
458421785
218598932
33791249
1180465
509122
009
3775295372
329756
588741773597
575138906
28915
255556
1674
281
5314434
731498980
235514
487477
195925403
379136
126828
20982
4573
4854070264
15768
297184
7931180
20227615
2344047
7949195
352295627
3302059981
31727
1771580
669044773
2982003
446
12287
2879432299
445836
548237
4158278186
46527203210
237
3317293
22886598
699589
40250888030
3738
1148645
30366753
739
1547698
1358889867
866631
1777689
2242100
10023275
7372727
81761
14324662
129485
15333
40955709
41552
893749
2801
3006784
4371399292
2174107
3111372465
355162
975
151767759
5414499
70049
304257892
155
47317553
163147586
23489028
12277190
162492007
1746873747
889
1909
2902512
258075068
449795
80535
464358397
553701
17365
485703138
7182102
13446922
47615
84573205
605
453302
3993022
42827417
167
496193
160459
307328
537971
5781265
5894672
198970548
7729
54128
9931549
1229064
65938181096
58257
2417598
1634641
67817543
223313834
032
470180
3850771
802
78029052415
4059
423411
1898225488
1858
45448
52608437
41425
221004
149102
4329
32183965268961
82306271
034
2333765
13887726
3462339
234452649
10783700
19213
327560
2299
2102584
41802523028
19568068
5005
7908710
8034
4378264
451477
4785090024
76700031
3996706
73292032
44083531
426
20788
24709807
23211
1688
14413653
9882457
1438585
884339267
2573554
1315725
3122982
89195161
6054424112691
31125
10871553
141811007912
1506296
2336942346
322496948
79644745
140365445
69033748
2638939
340528392320
1726258625
1021776
16372
306011448
1857
23448517
214801830
98510527
3555
1486925
92133
151690
062
533282857
1582865051560
104942945
15596561
4455706
117847705
8289032
82909100
4612
314401435
209869178
1811
9253285
5905
2023373331
5303
83888966
12134
111295
767995
20187
008
4482903
142796050
283283276
17303345
682
858735
3901
441127401
106
1136964
2139939
3066664
240539
154735431
1379087
120712
11822046
70705352
449873
698
56115562426
75669646
11643
2943199186
68533767
1406863507
7926640815
17701929
9161176
268283449
11974092
2510183
513011603
3944
10613011
1456
135374
603
353576
92684983
646137
85686740
58744927281
8654416
541
7666788
12039704
132601
11324278164101
9090
061
8067
137652579761
12205
454466682
51435
1121
86358130
196124611575
1825
1228422963
491639
49311
1946819
7151
163516
13408352
1339
137979634
259381814
1118115
234038
686476216
036
15101
1633
2641044
132775491
3615056278
295901
42102
11858
088
385
3943
1199209237
10865147
56987100
3388
1806
11988553663
410407941179
16976852804
1300666
2472
1181096
83281
13670586906
619587230
133
237556
68559
63573437988
744239
134420576
7585081
730033
1254548
14614
1585758
538075
8817841
20654876
2293
2939948
120825
2284623521
4448348
36716942
420187
94067736
3285196
2617
862457475
58547
1526166242
245644756
36273122
71732688
7222730
232590
232699
019
33146264
3120094
710993281
26932
5753802
273830146
599854
2823
458862
13713128444
16129937
27710
108988
55828405
1944119232
587
5038786989
633
1387
42855363
10885206
7249
62501
533385
6368918979
18144
1507
820818
45407
18002587
117727286
78411
2135009934
6032950855
815547848239
934206
619382
836
2273430279
1080
964123
1856797779
1899754
417885
1075885205
46103986
5861
2081165528
405664610
1837866146
16066317
9844285
402294
6286388
176161840
1082909763
32523824
90885
705
336381
3481945
1582
636869
154830
1273769
632742
1004716
57108859
384
205207
7931934185
6030509580334
60660138
138051762
17589
010
348
443277310
3963001026
16702089
104728
56945
485959820
25509931380
039
229
3594846
48809
171327
242482
74326324
3741
270270063
172546
97675143
35285
219669
1213397
14353
15645872
24949
8146686158
6498675
26431244
28895
4100327382
9590
60877
6244448
3346118
5776
17575458515
18926
50719127
21665414
397068621
79951128
274568509032
8174886
1659082
19836
58858
23436981
641703157
71563
22466
61635143
9590526
1923086464
808939172
3979
549633132
1670494196
126640416
4780653
6686250
3858836
7891547
11723
21280150
108098094279515
37285619
10394560656
8250065
75509467
555338261
993146458
768371235
3264853697
96958664
42053488
362278
066
52290
2960
20896189142
2702
622539
121130966
1479746
411936
1540
8293428
1627333939
28039481
1637
460852
103427
40411832
309965
784129
2006935
10702658
909983
578333405
477650
21720402
69420731560
829258
48311
4554984
1131949
39118095
4303218
26892
3313825
31403329
1815592
6208
32287776
228004
6170739
8363027
135744367
611713
2427
285984
13703
1195315
1153866
5808771
13827753
583382
867564
23083749
225984976
123236259
11884875
9603464055
2702530
1388
7697683
62196920
2888052
11868515787
2597909171
2365241
1215386
12230095
3269
12327635025
1399816
849
2689387
19225673
16018486161
103712410
167582280
407680
085
082
5318069
990884
235419659
6801
031
550692978
324456480
120242
1602
949924
32154415
6597610
104981
443679944
63563010766
7723899
42270357687
60268606
3353165
2278688
617707529
15854
137386138
3857481454
10005015
2020
8895552691
63157
5609217
224683144
5385762
1647006425
398233614
145455
4894
620
123755173
158657056
29561
3285
72135
710170
4192872
084
65070264
2810508
37144932
721172564
1791
10124
279848
652033
988414
628
17585491
707
51477
66889642
35174286
16893
15193
21731839
15541980
6736
15123050
44371
1589657
1798
1964507
2195
6304
12828231
10244305149
311108604
152710
5120525
156318
022
97889250
174
12658408
150656
13619503
114649
2839
609711560
670384
113829566
2350938
361692
64034568
2372006
116705
236946
18443678
3810
287454
326716938
870250
3401
5366904
11498911
3332
845127784
1846700
99910039
2791215
276212
13576294
495462
291859
1906
414620634
210000115
4015495
5989202
311737
5353
1660715758
11410292101
183608180
8505036
23805379
1385696
2102
034
331164
332
1410967000
51583518
4237
283276
10535
6634297159
4398
275018314
1779
11374269
22483
143300
72298
426
9256091
6190
12560450
26624426
360994872
344
14632455
083
275298569
2337941009
182931783
89573
2218161
199599
54221084
9973710
4331413
280386405
338456301908
330724
1771007
122223
2384425665
89526125591
3370134
28957
75937
198237179
2455578
109854
18280786
206668
115133
71148942
1869554
139532
46526
169963075
393633091
3188
13970
9511246
167505904
923029091
538607632
34308
14020
6745896567
16745886
48969627
3241
3797460
004
35681
45394925
5063824
42991595
163994942
773953182
103636279
209400558
123579916
57798684
23301
9529714
403
1088818
576128144
1928442
33702
1352580381
370050
1113877
623749154
868885
3723
9062
3050
29486
29104608
374721445
83085926
3247143
247995302
603245300
944523476
4285889
058
93072769
17160531683
7161
5087106
875579
2744640336
5631300
17149766524
228683271
192022
22175
1139
5097531148
1760098
420702770
10301
636369
15873779
3279
512164
11053249
2322753234
10371176
17773043
6953051
1858830
6421
8898216897
10479663513
18817386
4204103
236663145
1224739
614
5234781
311678
7573949
35978
2235065547
22560458
656776
143691923
697966589
29633
120133083
5038942
317870
2327350
125
21616
32518924
2287
9833082
4686160774
255288
355596158
2095255
146630274
390628670
94345888
048
68408
3872991392678
499283
7620243005
17972979
838530
674008
316
50440609
597
106682
60780818
26342303608
4138
20215
1943
27808
2948126527
572943
130232467
56263
69189559
090
37110091
216549
33747836
373786325
853
60213
27717516
16657
477114
941
96505160
79607840
410
489120
196567
1160
7160661
294233
86772
53073542430
1042793642
161196120
23058886
529399323
24935121
006
1180304255
51063
2392852
13956
106699297
40347
96768738
10760441
533
23651456
419448
3815
16828623
8360985
4024
1002572
18251590
59271225
296082
999720
1115802781
3900739
110247674
53860304422
729101737
5328
61645
597777
1790508
82875
482221278
6496773
282902606
2145349795
48428386
2686
2903276
22839537156
1218882
7291
63168
45258155
365482227
105141
023
270085
19926470588
72371
248
13676
7532314
4322
54716
445256
146984
8189966870
112147
387065726
107
47068
96941836
727638850
15664863
6505
2185684
2434534
109674262
48664874
1521933806
26830429
19328949173
20061783
450025
2421994
86285851
435442104
3851138
868401
620244
49086332
197271
42274
29904743
91409864
430620308
1137080
223043953
1780706090
11750
5074182082
73919
9461377096
357959
1718119
297
4252200
506781522
152400708
63126030
11208
404856852
23529653
491981
18416821
2066
22199213
5539
4160481
25877634
18187059
12650853
344269949
460208097
97787
60804
137475786
1943
5402252663
90153
576171002
1953217919
62593911700
7511877
272743751861
44919488
18151191
1224465
22138
1431569128
038
1606906152
343437022
37756731
1582473223
66137
35897740
124766
944165039
58356
330864
48457657994
31365
598076
1931346138
012
976
2087112393
70780508
32130738506
8877382735
330523410
892854197
275
20352811
5483608
110256295
738970631
1259030175
10726421951
128
774644351
2157459
1348
81777
1751
1956703
809
20250
5050400495
7330326347125
260027
20773442
33939
1272208
1683368
82230482
5923000
1629595
24679050
008
42526
173096595
058
7995532770
187510
3286
575976
76596
373615116570
22956
295736135
029
1482
126729820
103887823
2969318
594261
14247685
69496272
1953052
20369783
9419
1840293520
2936160
77364137
194113180
4475
4858397
401885561
22857195
448788
389537930
482
569793041
17824604165
668200
504120
1481631
1920023
27244111
394268
303882653
241808713
59883
798001899
28713728
185776747
1617814
1457544
27831
4050
37523606704
9619747
603988
7586390
4366
932
123771225
584056760
295050
1663726
4065852
587233
149603
195037646
528366
811849
521251397
8243
570809
18775333
40035
4830
34985
67560878
74751
81340
166085
1223944243
737282
7755
256167344
4811311
340
124750
492930
6416731
888575
33401837
83184
11622235
1112228
379222
23189
6770151
83310152
099
13535984
2632316
429
5711177
31233979
212722479
5178
8854607
1435533835
119
336568
858726
1660987
693134921
50027271
329350
32075641
6457466427
410150
3859122539
1153
64115
7876667
593572364
1494
2086244748
35136803
103725466
606
3238737
78745087
127315158
645070
13945645
416649
120236239
62817710
48608
1095013
2035
225
800898
81376084
1770933
62832
506739959
013
57624544
40951257
73820389
3137827421
2913177
6349
76536503
422892495035
8695500
254683382
306081
236521
3948998
244749
537642
1988
498083886978
9510104
3979036
9959510
36747979
91365415
27147
985930602922
839776990
4004539
265809
4041318379
1007741990
75648577
12393
192069910
102335341
589226
1747480258
1575973057
472466931
13163209348
1083
10330644
103623
34615871406
130778845
56956
422
2554
979247
4247393
500
720
256865
140
116583
24338
605660628
187811
11237639
7071812
461222168
4831428
5959
3432
8456909735
54357
255930873039
9929
2302
22418603
3670
2553806
24846864
5495
745197
20951191
12539099
36832663328
2186781946882
1272397239
33282787
1558263180
6365083
455953
1294
172331011
1143712
5664689
40688022
119759
2502
064
41432792
012
2216611
7431898
6365727
324395096216
503153
1578622
678742
60686292
1232334
23445118
5920967
40714727
238881268
1860086549427
62539518
62382498
4254248
36468
7602498
523521
286209
417198802
6126818
114964
197548
4538620
451096880
7195694755
44114
1428437941
167590
2790756312
067
12143996
072
241071436
40647919
24058569623
119389102
1358
30779
173250
3274
156855609
146925348
9872
20202
953882
43625
286122199
24144
19592194
12990
626729329
222977
42596298
9645726
5191355
931081504
7047676
1077229
21871
326132311
1424
107374236
4860478
33376
111620
80069094
10620807
648450
383621
542280412
44058
885417753
1502
6659729541
31272249
10910814
160339370
84087928
2852151379
469371
2907172668350
334252
37178
38530
122
420015
17850
255571457
3066205
11824053
249703
29752
4868182029
124444446
319
131785954
1800
9689575
767900
89160292
106169854
10080485
511031054
729775123
115080
126
10361
142330
531006249
8383
55576
482819495
793648527
5298129
17553
12716
11538475019
286657
365588
196733131
261
761151
5529031
786643
009
207876826
8833201
6134
3082
970956
390882074
4263
862540
2615070675
10286620
344640495
141457710
5260
14880469
1766
89154
005
190096
697886717
10885
5130722
6041929
089
177
112
84168320
1860506
222
224564039
370259751
6281791
5042524
13453849
540685
588889
164988
35216
4044990
110554
21478369
87245864
16472
2812948
490464891
33832717
5647105
20813857
142
851395
37949199098
87507
656
26633365
735419
2647697
391002126
53712186
191742
281120568
18710020
003
1002355294
1294748
2449486970
460908
4569189
54358598
480356851
443659
1767781587896
17186611
700208038
54078
8852
347899831
10402890933
128029
2130802
6576070
3023403351
62658
762522
193361
4841642904
15542507998
2772136
503776579
13716455
586918
410836
1006917740
132382020
12405401972
134944366
52932
793778721
22017510
686495857
24138556
543
84727
169510476
3815
551
251404
129447912
354
510728982
54817026
1212563164
13980987
53282
142604
42154434
296240
18435202
67839924
494529495
26207753
8149
4135492
110455
102961
5364
108380393
5027758
3323892048
16278910
28229284
2652682635
5601415932
1959
4670
9956167
1581
43694
166693
11518794756
66526512
297168
20460
15619
1021194
1376227745
6561987
5275
11708051
95643902
3674990972
1315917
1050
52516703
471680
1380897555
41064
3798
12083
305989
18688
1383792556
42324
4540
136554
4252415
2323629714998
1786305394
49169635
8048077
514878
334463
1373018559
55610962
3399801
2199
291
355287690
13428545
731
534225576
7090086
58152738362
14834951869
2388038
28736
64485
54697024
485995044
4483079
16111212
43847138
31470785
5640
2666907733
9619174693
17984
2074417
30674584
98125722
4462791
109
2222960
143324590
32778024380
2672290
186332
32766
61965073
341884005222
706466136
6824
53863
88985303
11062968555
3689608
59428
6842473
74875704
060
656158
13541613
995811
134667189
378839
16924612
11094
4642992963
862159780
956069255
1144804282
32069
26156
172680
2260363903
1108135
1634
108236
458567828
1047544148
19043
2459984080
2090
672535051
026
3973053
15058
753157557
28274537696
6029
711355455
4620586
113196
11822903
65396375
58491
1917
1706575
8962
3951017
2240326
2097715
25982
9427
72532
28750
21567657
3879996
131383
9551
1220269
4670114
2864929
13209
123777
6246948157
719944
2407
35274526
1744319
3314
5891916435
3947205
2118860
360
84188229
7566
3366893
181008627
173
208336
232
168573199
2105
751274
1377333
25099744
1780
48809
1832565
224900095
13100141920
32138596
134340094
188706624
730576
3609218
9034
245
21008
7317745
269902
2434202
3916477
1860840
2122
2658285
544668
2458301
1451873799
88364
648040040
2995752452
8205994182
874274
841580890
2550062673
6471204
25561959
186534452
1680775760
204683
1229372257
17395107
231268966900
6772463
39450011308
11883284551
55199
15826
3320039671
431452310
93847272741
1702643
1650
041
225386979574
21044741048
164948288
26807
094
873336
2802
2610431106
18768523209
87657
133254487
1935775394
38925
623254
79258012
2050264382
17943309804
279768864
15048
6249
74665
73292591
723587900
307300
141
21201
214355309
18578
4865369390
43925
71184
3265
53371
83766811
428767250
1630907334
8166369
90658
3476665114
14414307426
011
1515175
578300
2375016418
69613
2107795201
46978347
263601
6416116940
502030
11188662
370798
2127526146
25614669
974033869
300065636073
713023
3713198
5312597832
536
735748
9246330429
1371777
45922
556004913
55374402
509980
40350677
137
4505087
61640199
684
1471551172
15620932377644
017
305891235
2933015
16091
6668
6965734
10363227
185711
935
3752353
2038049
71871146
1401
947220
328248
1526724
5306
43042875
125
473917316
67426
665484
208936570
195540126
19501894
3527208
6371703
41945
22345688
1514
634407
6756
66605357
7371419
481172050
9129
13374738
20873371
30034892027
814907
2228389
13470
97680322945
2373081
15653
3527040
6762994
163998
659310
1668146
74229703
956099
1531681
12293
1237930094
187270242
270171105
12321316
762598240
9570458440
1464534212
8879
519103
18023
2545
53174990
83094
8216811
58231121
2191763
13780
712516
176640
998006
777560
888867921
30498
976512
2125373
2185035846
2586
77380223
905
2016354
6224
694328
45468
2713472
1145810901018
240459751
13131292
2531304
570067
1266249
569135
1594
277155
3483915
38861752
234417
496972
6328283
384281
21423544
978039
3451532
167867
3613312220
8442834
36597
1770617
3394102
238301
295565270
5523890509
37332
353849233
7976
62146522
16330160
2132235
519896068
1138608933
815543492
2079321
129649
30533847
92017
2082551348
358386
1566945
4436710
29350
6798937
26910073
128861
705500655
4476470
2986593
2945134
7305445
69770
70507923
190330
2278912
2875
1742
69488187
22671
1458
285211
16828
20377
1440262026
160680726
905898
4287993641
128
62390661321939
50410
9744249
19114
4160774
1094424
10590
161191
10193
4081
17483212793
159979820
18906168072
70986011
12892670
19705254313
2441087087
507711
5354910
9255
3154
71169708
15086714865
83321753
33625
2060
1354444310
16078972481
46039047
6844516
57968265
11863292
598463
900507668
22094243
69081825
516447781
047
15739437
104830714
214356
4224
4560324926
1144838
1595364815422
46083765
17413
2919
7599
22248502559
9695266022
8531170
11511507
39926
021
632269206
86378
849643603
124623781
62506961
85567
812841
39159
729929
416
5732182922
2289701371
10051
84651
5575883
3287
4805394555
794653
3859462
951372405
58892925
2391991757
5321630
2574100582
148
760717
137323
7514822
489204
254
274
12383
6548209
21413249
216068
112250060
6677819
1424131516
9285037
45946673
2179392
549078
27514
3392878054
120250687
6104
179237602
2978237
8040282
108893
149053040
374726
5239856
4133716438
31478770
210435877375
12341939281
44516398
46637749
3414450813
289206
025
1966953356
3544091
333
14185
8405597
113465
111060
28166142
104252662
2273253
11054598
21180
37053650
2852
2529357
6221201
2096164517
468587237
1842
21558362
132489628
81752
325
4380154381
7875466
121
32422
340795
1911246092
5646680
6454679
1192614
50109017
47097
174454208
1520514
1868789101
1759564171
23846
428594
16108631
5032545
99728026
230099
26369
359035
785658498
3193708520801
1721695
9595814
3980095
519873261
19611
20090617
395785
38039131993
2281
430652341
138438003027
247042
7962571
8936540
10309
3507531
7582
1816798
3016
3206862
367
346972
122588
7615
52550972
4048
342771
4004905
131017
639245
037
072
6716255
9884040
11572222
717759
26650896
60094
1103
059
15993
3343761
9150506
3356601
932
34953
217872
170391855
3251850
201388535
215304301
167257523
196045
543034955
2368686
190786517
135
49921
493
203
906816012
2083
9419013
5702445296
1832300921
19612
286425
30061209
135406339993
10137597
108775
266303
1043754758
15164840848
25522740
423213
7249835483
509656
97442545
585822886
1342483
86715
57783803
126
27412
8187
6303071
132967542680
122
1608757
112512854
2986026001
8635
623031
1238
7186076
5929997
1218
624938
15122819
41207862
4810320
669227025929
388316895
7480
80659659889
586051
282875088
2008109857
392833
4976797857
39413
583093
44579869
177010266
23852920
7138944
946
2750513
851533663
54816504
8909887
47598614
411
3789211309
6348109
9803
13546
1123223
56789
3638104154
640519
114197732
443877
134204
86605887
1195
24749938767
728306
4087
8702
48811175423
14651110
1398374858
156
20846674
53277
5103277
405272511
1322698
783464
1865008
13611442500867
10494709
8779326
633000439
603815
386
176485034
6252720
580509460
697
194305801
095
2200602938
493442
2135
78389
1624679
37923
506
9835329845
2839369
1460430913
928718
241369115
11472031
28300
97508732
7291827703
133362
427953486
468673
970
52002
619713692
94430
3911970218
28059
1761141
52725567
148192
1571174
4754759
2177948
2455
893160
8637208
57223346
162770
54798
69790632
10358267
26921213
089
1049530074
32270
162828
28918351
23297612
42397
797769057
609
573090
48441227
1680681
1876
67709620
823316
6446793
54144
25882323
377573
1772
8343236317
13310175
1670797
779216
1002098
111028676
115874862286
162322564
1650
8677019
7680180
192850339
1709052336
36548
2201723907
18467
63771783
266126
8227711
26136019
5391271
6326495191
8918950
30910262809
543079
21778
118452778
2776
1932462637
296051
12089496742
861
23600
165608659894
420162282
531399366
131125978002
18650411
43185
372160090
11175
6683897
936318
25790
8961132856
5568465936326
650168277
110907
2231796
433190
025
1316465892
1091016
21963906
1597883902
16260
73963300
50826039
3396808469
619
4695207
5080
3944443
1964312
57598
25233620
106294020419
2524880212505
59028
17064578
10324
336318
32731668004
8377392676
208184733
1455
164845
326616001
177985288
775823
1702061452
257427602
4495966
517142
21979906817
7842
92566967
37648073
1769785
156770
16668762434
188539
21777150
182
15693207862
1571206862
212
11571516
263042
28233
29549353
28454433
38379
124224
9364
24865
755619
543976
1456397445
157176057
1241627
819861
2731130785
521848064729
202795
2508110612
006
7703977
3702
371304300
5985456
460285348
4637
934153535
28304225
4937453
28486
280145210208
1906440
301453
100243
4595
30125381
12674
23119925
11464463
104088346
1320
510326821
48498823
23324423
5031278
195849
9547635
75113
3975424490
348391217
7571703
762506
43408937
520120
31896752364
13392
84240
158896605
376056063
87161869
5929570963
11335
972581
7211275407
128949145
61175094
34214
3856547157
2700925
4185281
18106412
445272055
2448
941566
25515
691511
6234
780965703
118141179
2062
23599
84208303
17631099
161280
4280
2182
688692
7707086
25853
390449
9163378
201882732
8755780
592493
87442447
189711333
64784444
10468200
2224586
5020566
5263305
463
688986
149748339
299175383
1403957729
3489799769
9873696
1640967158
841865057
3051530634
2267
295642401572
11860441
2701131
235871
277074775171
29552
8202
3415
8132972
3109848
18036820
22441406
12939
687185
56303
531692
292487
1016290
4195706812
123300916
128988
78755151
721
833
566347280691
265135094
5870179
7104469
335350802
199963529
1245282
5007
83698
53989
8130
115975290
004
865654
3803
5072384
19869625
763
1808
254708
5043
17504
908987544
234271521475
2289
214837477
890491883
113
16039771
2599
139956421
199480117
7681587
24050733
5617743241
109026
113
1106918945
2289975
56688
354080804
060
100313894
15490
2573235
424175484
3111
607964
716833
78897983
4041705
572351
256969
320827436724
1074
39761939
569683285
475
50233131
6931
3182051
2455
304077
210010930
2655851831
44848518
7035091
18987
1974
498742
659
4464
99308723
100650631
7515
623779
29676
6663080
342800899
279948216
34942
5910364237
3774162
1057708
39671
53179
155626
15998218
84716085
4566036
1134
1651464
1913
1112645
32611
371679839
087
2300813
3976631
4905222093
525613241
7908
1493821
1034570021
1815362
2412107
1046274
19954775
26145
23865526
2304331
15922174
322587998
13609765
1760
2784719
2494
8932143
2913845394644
3561984531
673368077
13665
4442712475
1233
11188022
52502682
1031834723
3383
178790927247
4385694
33568
1306625
146
2540435859
53598793
31605470
30100741
5306138
11217
16640680978
41130
817
11295371995436
6895
4401134
3582245
14692689895
2035111
825694
727956
1696929
2244506770
507713221
16948743
23794893
12721023
71003885
1134638
1287
927038
240605642
5448
334266
43232445
17482
478148
357569885
4220
21913182488
5474
4288531
3922
111
6989
2296426
180005369
38262905
226624
1270888599
1024
2137
883676289062
53252026
1663
6263833
936336596088
266992
23172505
232051582
62076981
1976380
550
1882464
184602
17513
189654
2794581
82802
102390204
14820499951
442101114
2432424
5533
678428058
5857181616
49288696
1317
2883048357
399362413
105086
1536
220
061
87457459
7333814
372
315
109931864
6734367
1514373
984817
76582910307
15894
2533773
9044
529583938459
7120748
41891
278229362
3111658
469916
9002199
55446
1003
36329899
35228604
1514942414
583401
79658
28621582710
5602336
867573
1512
13173386
4844617391
592788
45555475
1521387
024
68595625
205
18049064835
4114
131251
7210
49710
88907
1187252
630491715
6411495
113022
1187956
16658
138531032
344199039
119824834
3210941
478489
53646864
4136304
4205936
214301348
3009575
4571951725
56986
163479017
011
11105106
11111887
5836570456942
357058
108578818
2931
6650541
99767409
6954649
626681
594593308
1588470
585599455
2261298
49704274
28726765
7284838
148801
855744
90829037
049
197
12521938
1295359
18377626
1504510
177911975
30935978598
019
166304153
83023036
2282479
10897129
299221037
028
1999173
2777214
536750
1454934249
3004778
59968
4281641868152
2772858
89895
127692108
20120874
1360792
153260
1924095427
6849492
137
203222162
89242980
46199849
911129519
2519
83183
1552911
8763817
749729194
385313215676
79337266
16045462
211792866251
881646
4741
145142174
108756654
738474663
6628655912
2822472
25958
725517135
227021392
163099
2641658
48010654
2301
1433889
86251
5633926
1576794
302335
518609
643797
2469697
25824727
3448972
67922
003
59276086
10928
2703114437
1070809
25515293
114892
853271
102316409
8241289
689306301
1057785448302
80176
533
303959171
738181747
212484
11214
98544
3793765
38657
366110
19375
1634386
833270401
2078169
22824303
53666
493388
399
1095289
8339349
690469
11743339288
1099
33123702
8157939
012
042
2505338
349442716
2599159
2746165
279021
3669247683
147242920
135073378
77249
1345576248
5380255301297
519
373149
77966
228879636
13723181
14252849
533550436
385622890
425735
1387
5172
2969202
4058977803
700839
7888763
2139490
1037036
4810164
12834
10374
949526936
3750446
557845
1157728
178570493
1830470542
495
3997544
694
75473
5550205
17828
83677067
1688969
16051921
21074754
2132
1867995
4717566921
423
912844643
141038
25130690
36744755
44929
12791557
781
1305817526
39512529
611059
37725706
7276950
155235
18741
1083682
1919
249352
7524
19270279
2269
15112237
159040932
405431
414585049
5512630
473154114
42099618660
132420152
36503
705256
3376246
23043
623235
34572203
805670157
1327
29316
3348
83242329
320628
42828
999015150
16182286822
169184823356
1117244519
7231166
8397
38153
147274097
247570428
18927787
5722118
953439
2073944
12367
883745733
80848
3269120
35619673
20060
9019592
1260286738
873
17389699
2143520
5606153
14376
14340
5119397
3446360696
70525
396019567
2782788613
549046374
450220
2184519122
14155021
3356
39190
98159791
6690
41654484287
1569544496
1016828
266068647935
111575752
448902
13900
40341212
16118829129
023
2323844
11464
16821229617910
027
20825730
2104
653338228
20246
597
1309916081
456042698
54695563
139447483
24506
788076
576198477
1849593
72828
5846
396956
71863195
25488
57469
10148392
67196925
6285996350
1010318
972
3648487
96013
108
62172
462617
13542150970
502
7117426116
3623790
19167
6547120078
22639946
218990
12796
1335848170397
007
2001
791
1028296313
18515864
537331170
916118
11035192446
1863556724
104159008256
72248013
326
738069118
87013
39986373
1610314900
505683678
3110023
933
514096
1083
152352462
2331
099
13377086
707199544
181232
180767
238814
21877692
272146
6224768
122716664838
2150274
530291
812107
128693119
663329
21547
1781311
145459221
354647881
1633557
2070563
93514
1403055588
1243192477
675233
7742
5442963
24403164
95132474
22830
223295945
111394
5680
91530
211
17274129
269976388
684333543
1723014
41420623
542
933920
204
2523618
183390
3889428
77879
1434309
11095
006
22579098
23852638451
2404079
52904979
7538837403
9295
418
39499945
39459207
23187183
6396
079
111
3773597
025
11781101
610853
277
1346642
176186706
28978314
26083828
8838072
3471
149926101
44494072
3335
1203278387
3814
1319428
19167741991
64232857
7863
2719
042
11538783133
94068454
162183
074
73506369
43357
75677151
760271622
16978899
87140758
26716
20984545
1505299
148334654
3874630
515904322
12885
766186279
34293544
42683450383835
55738498
181903640
260
49178545
56314694
79311
19387479
49211
13388649
1314372
306234
1268783864
566251364
12296829
027
290643490
067
2126
51636
1096994
951155
314734
12673265
5070009
2115
39069553
2036075326
10112240
2597927
1247674996
49590545
34606
2208437
1504716
996
373932
4568
1401691
213734757
14868553
92496724
67077
4543613
42394232
367284
6909048
520059
17280417085
346940
269694
1391107052
56642282
1360272040
7819
4168786
283732
889338
10887573
6834
28254429183
571324214
8426
54605
1916163
1267289177
2267808821
9245716
7387751167
780
5731078768
2071179
082
857003
1803827
59439
16517425
148427427049
60592
6132921
10796
1219397
487012057
24396788
79318655
576
357505100
8675315
10566736
12670336290
22286055
882939
739665829
249287144
834802
538057
59718984313
2939
94095012
2346
78962
2333304
826851
289768370
29195457
2716934
707
16734455
78397855
53611
985680
2850
2033237
11338032
11935
2197546
7133547
24059
40999243
1528844
47166983
318644919
2043631
2992923
777793413
1055089
11767020
111450007572
4566885
9145236
325
1771843166
64994
64068
291
335
5088
502894
10723271724
504162038
2181
842
134394683
673286
12453
12684220
1605
320100
32567712
108253129
14649881
12507760
80077
371123751
7940
784
5063592
1730729
7138474
12217878
92963
622092
4965
693775088
2344711
15276849
196775537
50029752
487022275
2135238
934978
29694216
1559303780
82473
56667460
63989
50478240
132207658
1517790
13296194
18352790
1778917
12663619714
16066317
234903843
1481938436075
4374
32406481
893785
28181
5632363
33803
3625857
120401701
1827856
8957223
6786765
6960406027
92960
9424961
221571
005
423603063
176
12061080
1772
292520485
20272651
20184104
69129
1733332364
44157923
77439577
38379
23717
716019
15130869
451433
1739093
38863
42682815349
2805961
182822256
1495342
770712
3988000995
2889810
229222
1223
8360600033
20708990586
2205614
6222
2672
600
25689
161211494
9968556
5984
671937039268775
827
18136
3390841
1256
17003
12362134
1629513
13001498
1901244
107068
62914
15736
587697
4538066
989651
1349300226
12846
159605
893977
98251575
146278306
29285529
1397017
554
19520986
1006684
1246495197
39718885
1386560
543698244
5772
195237515
33699453305
1068943
44079
040
28177480
30593542
11188
47350
10707885
544807
3199
74892
19030
118901421
2295223868
18198294807
2363962
7746
16592829
2089953
107608
4737
65521
10027156
040
71026
1126148
84549141195
485657746
340774
3470587
255
3917
1885
2724111
1758781
018
1320044
7392
965267479
24313349092
24084381
9504
1411
25431384
7771
644
2050607
9257698
1106893610
366863699
023
134822678
19128
4924
5990
491306616
32078945
714018404
9693032
2969413361
937354
3876896
250072441
1626
10538
4446308
51621313
708818
3821480724
132163
169309
5924
1174
3175735704
87350265
22726
12276108249
59771996
40329979
795
7187131
80408
1688708
117
44239612
437492537
593361822
874374
28226268
9043330
4135774788
2492305
4017
148910
5689112
2369550496
99143689
4453844025
40682264589
315968676
85130
2348
1211831
130977
2749
71353881
84899
49252
67571961
348131
306
510064
722510
16799311
27281
1335094705
401489
24754
14982
5048
191520
5127
80303709
591668
1796854
295705
197215
930808056
3269
208524
3056
351
662990432
19650127
6660189
15578514
1010239987
637692
23362981
70762420
275936136797
2853
6254610
790
702482142
133919
53393
1780452
22549
027
8803
5319910
2652
433166578
400
435211275
45227
474601901513
117017843
72352
19228306997
7062590148
3927
613828221
763444
510282048
22095
552455
127864
775706
72042567
8042775
185
150600
16150656
281159713
44637812
134962385
64853926
9341059042
152
257793
15847
284408289
30889352
67511
37969
1181
13006186
12029
13187012
8125
2237061545
34946386
1626259
40493541
13357632
130348
4183305024
252
2456430077
1461850
2485
83726717
41679
158646
130562
174881643
1395584
10979618905
165842
15006563
11745
821571
1953924
16300
1000851
89065449
23962
1331193
22721569428
34026
390222
248708685
24486
43469586
9803
6933
4930491940
82844921
8000
349740105
3629883643
126166904
1017285
49354077
37288
391174439
2653149
266660119
36704674983
1749461
61801574079
18339178
5541025365536
983622
914599
2134801
1796275051
1578404
1634439
1166268526
246231588
724405
1304967
141557
15249716
2238159
3823468
645749
694433066
222957
1053295
1767273196
4416982
663331950
3036
584
66056155
893
16901024970
1031834723
58764
567959100312
139046
102085998
97747454
2588
4020480
175254627
177370
375388
1488167123888
41991771
18771358
23425317
077
221
526061
1055892
734307
12135035
2262432
1168767
12707564
201215
6260
67269994892
14220
44510370
701929
54838967000
45392
22429
60634690
5508
1409683
7079
23861702
234
013
83548
59502
14556
036
838764
141236370
3824807
6165269
446
31481291
025
80203
1102314
23833819
263901
10327886
3545479629
4507
289119
5944339
3523
33981723
1599457
4525
496779
28382017
4332570
3712074776
99084329
3964181
15803722
1481
679
2933739
7746081
5780091
21088820351
82923
11487073
22758
1241728
11505339
242155
1378456
88387
5238370300
9895807748
1482
90403169
399947
1632
1630708
6648028196
830900896
357061
348580652
434337229
114507
64192
125400862
167110521
108712
1030902
1184
1379
568970932
233292
4702879
8716872
067
102
5048
1204954956
25367
164626124
16293
2358866
1103406
1255036
502687162
11612375
147731
193667
5490018
47982
432
896677
137679
009
659704
30915522
050
383038158
3464261
3535073969
333493996
41671267
397632
164934445
141726425
1505425447
151385
1723382
557750040
201320558
504457340
3203316
14126108
890302
2523404
160163313
1113823161
96012198
367504
5065920
28614934
1223776
69349
53706
570847
1256
14363
662655410
2405700
82971
7947
2979
94618330755
19494375010
9219
597681
8979302962
1215503955
208796
3840029
151358706
5291
24698
37982958
588
14805700
164599750
3580899
5270206
58741476
358155529
6399
38752
202
155309882799
811317228
72692408
597318
1474
9578205
10744568
4763419
1244136573
2215034257
10958199
58842
1133011
36174460
3958050
71016
174244
1775147
4505407753
11505339
186656
127587
203768
981937354
10931
120142020
76993
2972
23693
764463
2698051052
575855687
134595288
1987251
39401523
40355
9362
6429
13616
867840
256
12550
298298
31805
48891027307
542736
11022028
3074022
63698357
93436
19759759
1536941
11630
4147934
2049487
890652
16917802
3893049015
2330791
60320472
3894816661
1596997261
16281
1760647
5908741130
1634791
13852
1953177
101927
3356214
63679043
9869041859
883624
951160121
1131437
369714
12220465
110
130231
16340
60513
12252837
1643
2593355
116091
154605922
124495
17889050
9750812
512
2221813
123505219
96927563345
76024513
881528
693
6075830
2098421
137650269
83185635126
263159621
219403026
2380529
219795071
1909205751
68313992
9886
3074543264
3781956
10691396
58332
4869983714
14107497477
60866
4553
44742060
4513752
6698520967
671450712
66675902
49160820
862031523
3488673713489
4861
006
65625
1634136331
260269393
132739
585150
8343876
138848732
1059955
8998491
13366807
28936779
3915073
1815256
937794
3282
130108823
105296
978526
20859
2881976256
837297
1960897
26040
2762
303420
11521787
12100662395
163241900
51116629
539248
634911
2157976
003
19746
32669732988
735870670
136355216
67561780
1885
203584828430
1594039
34905
8443
1622393847
22103347
10175970113
319252048
2747
6235
4162707
2539
886230
025
209847083368
32583680
2871
72677297
3792090
3195176
37122409
164500572
24839
207536
3510682800
38128
7188392
3387032948
151608
375929127
381986098
297923
13369
4471192
347005
92605641
14523564639
5581432
2994802
47675846
5903882
271625
36042
208696
21890340
457066
16429034108
1146661797
2677
120138583
727
53210195
305015
4627724147
15148137
41780124343
16198097555
121150
263329
10503200
3888241
119212
59768
11093653
11366115
41071564
200
2810462
106854079
16351230
5575003811
235954608
29675022
1023497
510628655
13025575
8777
8001
70324995
087
011
19019092
002
1610344
33456225
8634384
14699619
6280
218265215
908777437898
4584554
7327787
17307735
67686
23452006
4197261
24847622
749493
291680
933065
88840136
757
861576
1049469
10499610880
15517
1404047
169592
688122
41031396
944382967
307
37435
34443134
197381860
259707552
685470
7977
1649
23279
11195877
4082952
531155964333
111865725467
131117274
117687773
2017742774
1142901817
1556
1495
1575845
87964
28971
36804516
2282
1256612
24052008523
113196496
905581908
1199996329
447311
817480
504549717
164249129
152405359
1126162
14211750
22889
26910791
6996903960
5901715
78045
50146
754952
1277075
134631
40996
127582556
71187086
8833092
612431
49220867
1737314132
118
6079174
45911895
1922433671
44352995
228987
25964600
4561
140024
7556
2968180
1068
1893376497
1341030
1204096
23953952
20593902
13496154
19529700
1017
83138683835
540487
1729584034
17882910
6983933
3678293924
79295
1363108201
10041756165
24230
61354
966245599
80552377
40995099
8030
242903244781
9838091
194666738
9831
121177
6185020
83966
88860
7647838
8308612
181285381
1269996
416882216
11574867323
29117
121827
6088045
205926
28543743
44410
1353008703
3901632
53805
41633133
993530692965
5398402
8006154005
6166
89694
10840638
596743
23322
1358885
2101
195762
1359615
234241
554195
33321
12216130
394212381
44172
1182381
22776
62249
106195169
34065
17032255
3318
2571510
220
50506
2789381
47719605
299911833
6072
293754
156645727
1421886894
9227
10370915285
79592961
154828427
20262
97869275
197845092
80967507
154198
50627095891
2051
1495486132
479105
6852549
53785
405941
299520815
5238310352
761933
165120156
217810
10920
5627134
1287316
29146
1232611
121085460
76704
2799113
272516
1006041
90092
12817
52831
171
8028
341954
1939608
2547542
2560178
521392
158631941
7328822
13102
1845
1504648
2533
106687494
18611464
19704059
637865351
2817707944
6309070592
13261617544
237589
391455
32838298
5936
1042
23203154
1780
1041912900
830806
533957
33699
140815
885
7875285
137800
228640
1981318161
2097
822337
3482370
493365965
8408908
75263417100
5721
1470008263
22463760
3817
160296
574
1040238960
56138707
1331440407
25314221
1392
053
44389
1502299
147885
6858846
541665
20607262
7571592256
618914
881141600194
774
34891905
974676888
197
162611994
596269
384658364
175201
35481
11846826365
9606
85693931
32964
19431904
508458457
828713
110
59622607
46068808236
894672
264462350
498139
3241479851
3070
143933
31052
166
658295408
37653
1045337
624829153
338
24159514
92949
433429389
044
082
4756
82095
5537257
46036501
2714008
129
1924902979
7143684
96412618
55817012
16258579842
1673210
187
246999533096176
49094852
99725
3197431
17563327549
053
475376
8496257
7543061
3743813
6893036
20076252
218787
111826899423
9271478195
265639
71011036851
566
1666035
819239
3074858
20573173
174475838
2691
10625144
26477211
4351166
112721640
2166646916
9818764
1896197
2249382
150376020
201516
21059043
495518
13468
102963
2713376
193751
880196240
31612826
86964424
23557001
74017916
51687619
109268731416
896846
411496
828747
48332
275117
258014037
522359126
514455929
111370
36996236
1636014
3900511261
1846242
71747192
374427809
23747
054
58008281601
247074
147904948
2994290039
3006
69622843
460490
1634958
1265935
11648
255
16637894
17055044
3167
84142
17054230
9272
3172292
753118772
9431957
4613
22272712
3571489
42796061
77667672
2261697
335144
14248413765
19478066
9384099
83601609
126639932
110678
1340890
13170874
129
6862540123
13936
3622878
395903261
2810
582024
101262776
2978
153755162
2096529
10099191
81201
2088
308
9699927190
496442114760
383088572
1647138369
5178210510
414582676
24191
5667526
864067
96044617
250653977346
3268175
7348247314
5734
2653
151235772
19735
52563302
1256
2198959
188965951
12466246
1741230
622
278988632550
5744
4490
493470
2768054
348675740
20297909185
253872
112199
68735
262658
177
1095628785
41261186
274005
2519
74781934
5716975
793561
126101466
183104
7930152
2245547308
92565908
21309
952910
42955
711980
72574236
5022
52734920
2088880639
13553
139256643
9997
130276
50757063
998
93235877
5617743241
11886322125
91968088
4902
24568680
6600310
72626995
93587
18415767
27873967
7480836
1215411
2459
3888916
808
10768054820
1169
244118827
406698874
2708
1368430
25512558958
25100749
779722899
258923
24310
1227720254
135777
21052055
2363376
545
11552
20274422664
2625454998174
13275
373534
333605967
127745214
81336
10039232
12620
1495155
2095028
33886061
621
1359
618191952
449784
249431
102262
39434062609
129296
219817
4915629
2071939
2445212
84713144976
14161097
3811
2231
427569201
061
3043350
35860512
11703006
304889
20382219
176024805
4914640
255804
4141629
2798426552
7561132
5393017896
1315042
91121421
59630113
2369029
217530
833856
2665
15719330648
7044
132351976
90940327
492493470
698849776
40361
310885
320452053
3678681
978279
1456588
533913
1301641
87936012
57503111
50758302316
697147
55054
198913630
375572
84380336
19588980
3012459
19154
192092991
451285
979
282814127
28995343
64822143
82801794
38293569
4977592
7094
2781987259
13629
34403
12786557
259
1448954
52629
11867
781249
3490
6531068194
30746
14198285
461120
7705506
224554
22650
13370785
85886198
1847
15701866
348541
10847
131590539
707848
6757328
31809
375299
26303403
782070
084
1882378
1949864155
1230984
8746
004
16477148
1308201
135048
5013580
1489298
1085761818
261809
1093485
13384027
5936419
31566
11566
4940432748
16815
320
051
105088
24760430
53734
417829507
1932677
175792626
60366280
4890946985
349001
4697469
1589
1050795
1842318
26831299
21113
899
31941999
59884968
798088
6701
56348
37786918
23085686
206719
70618
3616119
2768246360
31074905
3481017912
869575
2014046
18214
39769
011
8006607
263189739
590060
47436111
3257350
008
1019
168706042
148621
171385003
286346
39332143
29802136
143678494
4466606
48828
729087
118037
109102
72292233794
215805067
28525
173761
46906
132931838
3680404
924
1226
1036578
2103
44004
1044680
15876474
1913
46961
898
13605093
7146
21362216
525207
10164141
1166
245870692
176042
16817
2804459167
363155765
44408
454670432
467
116949566
142823779433
6719753
1168403755
2033
2302424
70794
10305591
98279
325884
5955890463
943
8377819
251065
1293040
5971382842
1636736
3725594236
90794
37222
10785901
190174335
80003909
327532
130967058
797
760432
197596945
205469
1265798665
3761525
14096448
52099747218
1828653
10541288250
9305
36085425
5545427
5562297
334442479
556862
3196358
99665959608462
67540109457
194229
107287026
29695
3890324846
337032758
3760
87799
11064027
3192447
55871015
494552
454
1212126127
301719
522277
26912639
1534
26221053
65333291
6818066
251280
100252648332
1935221643
197953046
1564713
1729556
2789
573892980
2444516313
19369
672943
028
8924
9693624
825809
66423178
13628546
72913057
93400
226078875117
6051424708
1161192
5875763
133229
4187397
1628830704
13859777468
390458
14179
13541582731
7808
423546
486
2900390
1815273309
42095941
189203
169773
257035099
318083230
5568
526153881
77000373
13206
3986578832
4684446
2412648
594293
353827
26240115
030
155271436
366444
8531
46814
002
2140799
200785
7271698
949075
3887785
32597
11719
9291220
681435
1166831
35079817
30100
512818
337
235742731
47623314
2661915
23648524
291259
14627404
7129
1050
1615887
227365
3559471658
594974
21137958
464145880
7142
868449
6842362
442283
29734
10792609
139417963
8793559904
14449679402
654
9358967
110
6221907
35262
185159803
18753
099
16829778
1367444
164230333
946391
4888421
63641766
3510749761
4539442
75248
3374066263
21425669
53861
12305228
8157098
18128010
11476430
48345878
3554
131729158
170251189
195901115
1525158
20615
4550247
421715848
47295
114024
22667556
79465
4559074
559494241
8216529
1372978
5985404
6686981040
100653
246999250
3353
744013950
1248481
486016
11514933
18258728
97672162
2128276996
17227176
2414
66635472
12786
282685
65920
2141
7731
19272
23191
78576899
14803435994
49872549
7025799
205750
1991312456
1065153
1736942
6258596
2326380049
17627703
61464
24012368
184467
117332075
1234386
122260855635
484
68450
512032090
341
2105078
805
25411650
622511898
197080
170238
650429990
978664876324
596
242952
1107671
32970
8958586509
182748
037
011
288303
290304974
6030404
66227
288632063
17663642116
31961610928
15586688
15510056
7302990501
42652313
146341096
196
78689985
10826856
17289951
136742239
64682459
405898
46824
13916018
504889542
787099
1101172230
25957
24812481
10964848
2641192
1080557
8735868483
55741794
3005612
219730101
1142
115912263
361985
1909923
184
520598611
16958412
107953
912375
211663
12058572
2553
87626
1917638
43431878
2476195
7045760
36376424
63781758
72178869
10858352
365291132175
104839
7799147
144701567
31682787
79874
6793901
15769
59117900
23866
546771296
1548066543
1536376277326
9390205
9418779
25290091
328
5698321
4413270791
280874
9907067
12956913
339267572
1372241
27743962
5066751
9189
2288765
2491682
1804213738
66441145784
1038597
15738
32821
4761661
66806
59613
9738545
45644363
4777253
15837307
4657256
722804408
948829926
17495
176887
5847
14983
338800
26630825
8797757
402628
172156
28473641714
2328012
393
1027962942
3910752695188
53633461
1720109
159142586
63307980
518358158644
529842
10504642
2448140
310
84255216
968424
1120463
93956
548185
4872559
754
293999
885856950
80789795
6329
6243
1422475527
173385325960
16382
1413461
11490316
126863802
1487253
283245
2012
5005194658
229112874
672850
312907611
56444
63233
11908088
262741338
18195
27960
10051494
10362219
1557
11038
50151470
11909
068
607199
581916
224627440
41339960
141
5357125303
1704
741834581
14044
2624791
565561640
1307
1755436
006
226715
172695
783420
273489
158382822
972019
2571593
572
62388090
328693960
15115321
3982958
2156164
712448
6644
171102736970
17138
1609912593
1115807037
612807
52121
1749318
23751
21367
8995402
13460697883
8999329201
28220078
3155316066
4943054
84828136
2337093901
13719517
1944
34112772
207655
1261097
1675332
44143017
1598510
107251
186926584
415137365
47154120
1931275
198334
41825
924248
6243240
1005144
1544567
6209113576
1896242448
461904
43726857244
24250
11469712
37006949888
15597037
785911
14377491
1380924
132023403214
231264643
6780069
2647991488
26696532
1402673
13990211788
4575877548
1225341
18306816
2889373612
39993
7801
123
131
4963139
330144
105536
1097218
96296
26555198
12689302
389695
185678904412
170
37310
9987264
95975
302989051
348588
98946086
066
1358
70750
1673964397
1521
47115
1498589
571425566
15340942
211
13255
59867
17076364
259105
750549029
061
44978644
699
4793034
138985984
377030659
606564
20977934501
687164
283465963
434280900
1323414
120675
43792644
290537
24874
6302900376
2040
103491
2456
9208634
9357
336105134
73174113832
1674547
91689076
18096262
1693719
284450062
806008300
712
208242318
2599
147890843
150824988
6378
214006436
324
2572638
113944868680
678974345
260529
127506
5985165
2473019220223
486
61800300
95901
32874771
942
6602362
3157784529
1054095
27307633
1845
119888158
25039925
112863198
548488
007
54244979
27309706936
12450
1320439192
62410
1166149
48354270
36064439
606
75016651
564678855
828346
936324451
683110041658
1592285
689043
7623
99351
4716286
541526
926186
130271
4154403
1349877
206704541
623
2366915
8360
79252238016
1992338
2030956
63786624
13363442
6909
34730229
4957590
038
1514433943
14950
14425
21758384
31896
9894297883
249840738
35656
887351
2397
34711951
4680
272970
25933567
35920548
4637896
22276
28010
097
15812104
6888600
649983
1626758
2515590
186006857
4075122
73993637
35751
10114709
105675
1549842
1611550089
41981921
143183055
28407255
35678693
78804
7125211
139208311
38270
207605
3590209117
46313
800253
3901
61896443
11824887
2913485275
7696
381
98732868
1864705166
15207541
2534
2492
129387188
9451027
1222446419
127739853
10048
321266000
172187103
71008
402717
1025618
113282675
174715
1242931672
503664
1695176761
10740367
44638
385114983
35532410
13616256
57098403
135145792
19851972
61602447432
130154244
114791728
493668125
1853514117
622078667
114775746
119833
544811
25351
20657
71908963730
2250
30896540
2641
6931057
36490724578
6663207
9093
110212983
121546160
42970854
5440117920
1281597
405847
293772
273777400
247917740
2500377519
1131427
110197
4920347
199503632645
978123
3552174020
649393
409805
623
922089
8812528
9151567467
27573354
12221001
4282600
588002
2275
620437
18724371
2182
302057745
31201290
84441
1816344
1525157
2407736967254
22866527
159844701
56741980
7481
2151782
398683382255
27458
7289
968114330
004
7468938
138379713
18793211
1248
226326612
84991
21663794192
66326709
1676927
7556835
77380961
997140
167371133
6697703327
1456
16527
361
6009954
21566217
49306091
156
2057300
208214
1052775
77264303
147
1127215
625185593
26626
15373684414
085
357580
15830904
98166
7800
191219680
69429894
1414334
41110
16839540
146327
005
76155
12613724
248727091951
2051
1023953
95939523
2075519
884851
21922
19722
2609
20620512
88459861
43349613
6557307
2801
6517
23465608
2763164
601853
404945666
25847938
592807
24585884
913125
378821
4669725604
8232
269534417
6080
40432880
215570985
939429907
2502
1881
1312318
767
128
7490549220
1958022
77621
214291947
478153857
13488125
2486082649
753119
108
004
1793716
52316
318695976
021
483671162
113315522
3350106
2292
21495
4481309
145334
111819050
5237203
5256367
39325842
4139426
278
5291290494
5424762102
75542887
21896228
29088
16841146
1523
11916445126
625252373
3627583
238773
1700637
23623683
192814663
2103490
6671260613
1105237
3221841714
12129644
442632675
4655453
36248293
28209
587169744
13887673
222107
5087
785643
17756
1532
12236
148915220
8588
8272566
341296
78618
1054864421
646604
3750170
1284744
3141126852
12538
8185
190961631
3101554567
1022
75814257
003
204945792
13912064
074
1992725860
87764262
7725033
10652985
1136918416
28953232
661550407
3465064
407410
114
494451
14913799
8622177766
2871272
53057165
105549785
60715
615990
15285
113418
2241200
29172
42932825216
66826773
5828009
771603
476854193
2537792
658111
13727474
15376
382559922
434810522
22933704
088
47996078523
314
5919
9388503
3886414
70509268
4023038
16542553
340087014288
2898291
49544
39253600
514
7771468
257068438
6279863
19904894457
2325462
96944943121
495
217057529
28094460
65733
253532287
546493
259159775
83554
575586653
2635458
7177
2788203
6166062
63522797
612
47280186149
1848728
17828
38101
333607
254860749
5717640
1620262
1901527
148186193
5776
3812912
25228904
666536841
7866563
3260
89053
148131
114943
54254602
715
1410673689
55603326
17935652
41151232
1430984
2971210
255669358661
33323440
22283
80066803
2964
9327531
1421650967
1981121659
36088095995
17202609942
3705750452
76094728
21014
115
452885
16485762
105628
56226
235957
246349
2355184
4547987
18083840
679
73921554
1353055
1152
1341299599
4131
4138
21440
60690436644
11326295
69017
443309
1532
13768643
19070783
582505
61064
029
3119
1609556435
19036832549
2353013
19388662
34674
33115110
892
474340
4613271003
52432
2666265
1311974
18952
1240875603
52806
160285860
369017489
2047381
1240617651
54937397
144798474
93650
2432682
567859
26026
7636884
3309
219
33686780360997
127621984
327473
58538921
4336063
2830
014
16430795
1166766
465020482
143
21670530465
533786587
5869507
92965
9029
26798
4505339006
1021398058
1744561
1550895
82822
297752200
549
13169
10505704
618837
8023
1807977
8670200299
101216
38418
594397
52639050
124021
600103
3239767715
21410
79578692
72923209
078
608049673
8850673
8161
2191793660
2110
86842097
9904611
1249466
1407876
554748
785627030
466936
27019003
212991
523521130
648241
248476824
1420
17718278
47434753
337959
23262978
36855868
53377104
93825
34900
285005628
8453
1251875171
21161476
848657251
258073
232720877
125326737
51102475138
1270668032
31318
613
3211731
5251863
352
146480
40670
1277935
760567500
3682932
73307271
6638787
618687
1994327
3904843532
26027
116797
2082043
38052
58687833
3173114004
1051604004
83134
43432358869
3227593
2522636
96689405
30198558
529
14427207464
3286395890
15232
13861421
1592
108078
744002
29564461
326126713
46877562
436187736
6333
9215870474
36521570644
1112243
9705519
17874078
40200878
1465
9222
3767813958
116536292
116443862
137297543731
024
19530
973
3923096170
15037
80632156
49258904
69370725
2359
723459
4374057
217
94853631
6822
130752357278
82370
1118
150832180
12432
1109218
1909632
991860
14876610
2715326
99136
6765059
002
19281
196445908
70203708
2646846
276514
1272889996
66380116
661213
252393
3611921
94614035
747082666
59452382
3494206
2697606
1890341804
40631951
28431160
3667401
900210
73340416
1896713
1418
92319
3475
157298719
343555
382
48794159
1374187
12407
3886
142005672
177955077
7659
26858539
149690
86840904482
179
304237581
872953464
3518
40820868
1730422
1299089
594737
13888
7579
52513779074
11180402252
35587
3762
996877
7101
23561
9948
55127
51208554
5855910
97066
112693
87892
44100923115
204529512
13715378021
5401
1326128
26123
14281340
11861
16212
5059
32639351
021
1822740
36785
1982133
3262900
108560
18585
2805
752601
387
82302661
313744281
1240879
187245240
2605720247
145429
23540247
2975
81018177
371002
6785043
920316574
24142930
16943
52240
11301069
21311711
2002
145568
1056357
143
80746352
121454
324257
1235500
870026271
24310
16484057871
938056585
81792
3294278316
67751734
57486443
516
41032
8212
22437
37708224
5307
16576127
91151319
1134729
3810
9603119
34721354
1057878663
24211272
269385
594655
866320352
1220
728541519
58277
003
1165085
97994985
1340245
47024068
13105020
5148711
8874897
340624662
538372
24255274
1714325
863242501
248220
21358826518
2773
12357
15295334
25339
290272307
43433
362592
3043932933
183359
255197
22302214
368445707
1132
36951
6235
34122598
42993563
020
60572732
90546918
118999
4127265
230406970
14024815
1120922
6409544
551439
77593786
705146842
1013918
534388226829769
964559
2145
505653779
47651372795
24353
155774
17310773
4550905894
44850
2598256052
208
12202973
9272857645
4001725
1374289277
521207
3647
186497809
2194597
258
79839
009
022
022
956
5506659496
17202911
1603107
3140785371
167185
886291
14065642
3775906052600
126120228
3903644605
160
3065
22236929
6120079
662335717
258533749
7110895
311077
767909
1119754
550031646
97563
2782326877
1502014
25100
247473
35573911
33448122
2714
10824956
107974
1900907
724
741270236
198998633
18204342
042
26219
080
332
183
6838
90021
1087670817
2420741799
3804242
201
1012168705
188033679
263543
7220527
507373432
039
5008279176
72736928
3385584
3540963
17020921
57655855288
2641464015
884999030
3117615851
4961
254828182
8289
3095961
17484
9464196
46001
256562
116645035
27997797
378633
398072
426724
2864082
1390311281
4424
1834319
138224340
442394
12855
847967971
41335308
1569
25206394
541511
413636435
459387230
108310
1724
129898501670
24377159
66190347
444992
662335
043
2561585
931609
70966
6579576
13621
3342054357
435849
3439237
87348
88384979
816
294646
7562257
267726264
5162
1771287
1283835
31325
1297877
81334621858
21362
121370
4484113
17468619
964972948
412261
34173140
86615303
538
148176
2784121177
36034
45038
968337786
46079459
150753086
47307428294
1299709
3088907
15706928
150085
11429028
45669
10580063271
524773
477158
046
4012991
1047953
8781
136319
146404
82784897
1197375
1036940676
135
2247142
597674
38202452
2968621
496203745
359464
18608376
189787263628
1599282
222138
2452712790
32430
124791
1664
765587
34953
906896
8968933
137501485
1066
5099580
783672
74253067
2144207
750528
3860
879806
5140
596
44283342
9786418
14687231
13012
90529131
4372
1522043
625120
1153006
57206300957
1742510
186519083035
212657
10380834
1735048
11526552903
697
335494
1538364377257
702745
347
32192953
86000
233530
35417721
27494789
477948699
116599
16907318
598589625
312266
15873839
11294842
293
69727
517863
13051110375
14038
95382296
181310278
44449
1468715
2601611
11412995
25622
116599
275798
45225
1463314015
731836702
004
96198437
561302776
129273716
158602
707324
2731621
2797
279312460
576064413
4463915
2142210
45816892
144491
106063188
9753
36799743
90184792
591340
23666121
14964998434
6297687
3082330
5809569
992
3062131
5101603
323971045
90626881236
1561792
128203129
4985740
208640683
304570268
48829538
9710056
226579
1695691
3007
20783
253858
37295719
857
528
2108
778503
37038740
1730282888221
109687860
323660377
20565954
992
4835858
1857774
2001139591
46081
1585854
405840
771
3653
42581189
4287568370
182338893
1060194
8125426105
106221910
7726021
2842195
162409
131904
922977
17151146
4827642
110
6166145
1891
257920
82106983
11835059682
141337427
58161967
10565
89525101052
19097311740
3340
3384217448
1002122
104752
3821625049200
205215
397303
022
47453
5857077
1415
104693
31425079
109273
61787
19415
15562537
5275280
2375641638
5004332
481
389545
1040183
5071571
2157161
56118152
809527241
23698735
115454639
553233346
61047
24997550
11078725
403032
1403275
12479
3690
1576045201
23270
37014799
615021237
3512
290
3882
11538475019
41520367
5135473788
023
1089643
858174
345708
922636574
3058223
823274
3500793229
82381817
120
18522
292757705
264
1330081
7142871088
42886354
961252
304392
228522378
25811825
002
2395396
902792
16063284
2864117313
1719
34567324
83802
639251
11686
1366877
17554492
455405556
6730
867001398
002
32923452923
93804537
2462674092
4500
706370
929417
78570
5466
1613402
46040364
1553282
208728649
1450417
98058742
357933
49045528
402578339
107885
29808
1732568830
123137
97619
38859750
3584548
36427734
14544083
230775
589660
3776477
337970677
700628
240106
3570
245976700
9004102297
17179
447379
8056336871
24409
111697122
3820584295
585393
24723337
246270947938
8367886
2480
21113814089
18630821
31144448
166982
1111748
110219920
1731114
11784292
270894537
30966
14240371734
6085
33036731314893
5951
3608461
91496
8483715
54828403718
1018097
349882889
3357133
104036740
83056
464198114
546782
3848271
3491
4146542
6139
576354558
866495
473350
7338218944
42851
22290213419
394
3178
138197979
508256777
278373
3925
450874
110
116702
15835
2804406
2578
55733395
88699097
1009
1872048
1174
158804
382451800014
1347733822
319
3508
32315994
74055450940
141596
1224642
200058
591011
237959
11330
107581
19978
929949
4452032
205
1075
1807
7814235346
33368076235
1121499635
31632295907
36147
973335207942
23381027383
2303
444
6481182453
1664640
7040004
585
004
126438
635731
23047
466222973
116545850
1386248
206075869
45695914586
2113893
458274914
82984
302621149
561765466
35886308
19040943
2403695381
3562050
349860867
180186396
29956
870428
293999400
128459895
20435276
9002577
9043002
718715939
2409263
327973151
3005
97631745
183323334
213548127
35780234
20411903
7521
32791731
423279
35347265
5595254740
3709577
2357687
2403519
61405
1233280
4700252
15881
349322765
2502
780453
15310220
6661
1630780
3626
404839
314536390
8199
47025
110927
96397
1280777
909920
297617634
6195363
589580079981
696211528
181715341
580
108664798
58569
16391692885
90547263
87310455
2663
69924141
1206016
2045049
216337035545
22098499
55690147
5272
1580130
343
228232
542866
059
987751113
572
10594728
3476149
305
3228916422
4208969
50303986
459580
40291229
13327043
3558179
3626480
22818
082
9041
164013711
4017793
7138
363661763
1514642
27431250
134935101
81517139
248903
494938087
3453
12551
5947985
154537
231024
14304862572
33556497
8532708
1983
579385
3500464
746282
009
90426795
25790458019
32689878
2129710435
136703122
1544031
10497632
2438039309
75741989
963453859
44535336
5705656
1089
32732554
951110
43066115
206109990252
31118500
5667
7275048
9093
4382813
10468400
7977
439483
3634245
249827872
4590758
144070364
113047
353693362
11715401
260610164
129962241
5775
328
3014984203
20457
379718228
1024716
6403948
8967462
330051560
7214635
214313202
30178
43112715
8060640568
1407475451
2532669
113589
106962
44426
43469172
423508542
17071740
9291238
60782788
1458175
216558318398
528354256
372937
6351
88489561
551878
2520578
7775
10871
57669295
5973171263
91034041
46796964070
118362666
3320609642
145387659
120361749
1944
8884
577578
076
286528
25130
3341
4959
11378587
208675
23525166
1170511637
4332838
29134700864
7769408
23519064
5062629762
75816
117869510
720698163
2006563
86641
1815920885
20360810
346909
1969
183614694482625
8408079736
10809
73304
11361
5567
1548
114874
65768
25590
57123457
204743404
363613
155217
6824089
33899
63983
69717458
2652896
148387
208
1346
4086490
3845204
53041684
2538673
9722283794
6053
609919
134657943
2336428
12099762302
645257528
711790
187625
409145
009
10248546090
851942
1474172212
706279
570392
5532501
684313
579
032
1023131443
2198
63041
677897
863633
71449458641
83645950
8005744
086
436835483
1846309080
3372195
182824
31180
2794202384
25118556461
22412361
130567490
1395169
4324343
13563
4859185
43803
67004027732
1467640
11441373
16839052052
597016125
320115
4835272
9643427
4025641
3471
237088
192220170
7981
004
2380377
1244
1887863
3838246
8213678
15494238
34081100
2530979
21595
3774
6001288
95508
311480289
71451121
235497
4779650
7511
55233770802
44253
351064753
4453654
581291
43404
794808
32132221
10076771534
18766346
4335106343
70452941
95816998
11435788
3188996
13369433
27821489
88914894
1083
140880
566401
363485485490
36190885
9134898
15396403
1588903216
712119745
6070
875
269367902
1753821204
264208
7336367
3311083
021
2500916485
1270753
1015297174
5646761
2594
35997227
210659
1849
10931
286508841
78443775
115445170
7409822422
10956005
1287522
621
11172
073
8987
44202837
3353824
5059
660612288
273355
531
9534
18527063
813704
5871277
58463491
253325
6091
78817
11502662
383711
405008
247362274
3404697
1232289883502
9048506
009
2762255
3782031
880157
9998967
344793
26464215429096
52412
073
15081340
3464
1300419
98291311
73896320
19492
20249348
387898
645510
012
62790
19452
21766602
74049
2195914
4154930
8602674
57457613
3519136739
76429864
33895370
1787308
10801254930
2455498
136626
146080
16687919
5723
34621
421782
806973
40072878
19145
3823746
697
2731
244223
17567
116378361
20088318
772
2736
420788
17653
26862279
133387
2588057302
102010
18832503
6398240
12149163
3547824
545
286901477
75373344
6564
555803
21587123
1216
27976498
182248
304824120600
19243246
24098764
2009930010
7248849
10450939683
2701180
69245536
31375728
050
14713
147501523
225
30616
3301065018
8401202617
1806814
413172793
4337204
41062321
84899681
159631
1693672
99044612031
2298615
88941
384006
868178
99795
981906
144883
4645244
5389388031
23410443
774821
351763
8078004
9392
118707223
249
340071
8800858918
1782
264820
157883047
15314016
1776
30414
14957
2494174
4882113
2458
538720
307045705
231151
2387457
85010
602471
244167
166
4345588
885261
4916637
1607
100315042
18669
32202779
11674
3500659687
142096437
315948186
6387714932
7791
007
4612551
217410547
19460575
46722510
801947690
304176657
043
7428575
1996384
2001
357429
537825389
637366
24708
14820788
24914489
12879044120822
15153425
83971890
5387
58762879
41193795
52008
21086366847
188953697
6252765437
49788815
6565981
18619
2694007
3320012
34495
120367029
826
2154
14724846
68333409
399067735
16971348964
14004927
311
592056
125740722
1193711746
17186
2616787059
6668029393
262
1529455
7199163
413277
101755327
165491827948
16007008
3503723
2099886
749563333
1153
139712
386087134682
1782002
21137
543833
4711685869
970
1338810
29123
3444224999
225917745
96620
5240740
31134114
2516
16308994
28255679
457
37119152
3676387
14552
3702773
008
299411033532
311229679
15723
73600364
24695908
703635383
15021
5849636
6719660892
10868422
16835557
371865
106
57538658
135438162
569365
1181724
37973
216151019366
2307290024
5255603774
1255072
1088953656
118659
2208895633
79115
37775460
7837
556229783
4169372968
65999
243298
66000868
2242400
1818637
4226009813
138
8954165
21017503861
2516175
135227221204
264711147
19209765
789538738
4171
1883255808
247831
274567
1100483541
22261372
25420376
240563426
1467887
195596079
697277334
5898738
2134643467
6403707617
402348048
10324
81070270
103783846
96471665
39194423
1480551802
23192
324340
1705010
89691
424
2452521
4878850
390766531
942663
74524210
1428149
13047
13054949
43256695
736622
41400324
30300
1717
36415
286
8986433
6773616936
1631651
41473890662
300896
184401351
2718
5113647755
39759118243
1330653
1646
62371433
5685
21762
1033
512125854
276763253
42252
1072909695
10419
162746348
3091301816
16682152722
89001
159586372
9072908
49441
26832067
8141656
6676240
149566
550739196
3100
154
178410485
39043
3517829
1563786286
145673842
230347
2144712
11635921
14943036094
49300261
4039931141
341153
8592
51282
147
613062
87765
2066
21622356
4330850125
3143374364
3533258
573
524914
49040
2533443756
2039
212101
12947698
747839
1251126
078
43408109
21293752
3964
6008802
005
9284878
72287021
38008396
381446601
287184
15437276
3229
1970107281
2148731
94566
765
2473
104948349
149322227
56491
20511454925
52560
8612385
13484858
11764821
91139
6990
3625386187
59207385
80480044
132963
22204040
13513
667276
15045283
3159188199
83999122
2556378907
23988
1323745127
087
1607721630
7403564097
1082876
83507742
254202438
4941186656
914
3102388800
4206947
17506043
7373
5747150
4209566279
13714
10677314
051
3506652
138247279
102780
46140829413
76717149
130132897
43528
223237
341021204
799322
9929238
1796921
645471711
3395498
2741
2201521
17811526
1795479682862
154833742
1943417
28776065
1090378
009
806925075
1320
80180
52357878
132348
467463344
31112553611
78165528
180121
7397
193236
085
7821
20469870800
330743501
14568432
060
493615
419289668
282961968
2495603453
4705
41925
122882
690448447
88819
2862799
8176585
14500
12425369
43564956
31604
26796
1439919
21039724189
260802
8246
1195454
7707424
308211
1239
6860187
3706879
10957091
463658
2586560
12481069
613923
149518589
3329628190
939029
131651
7627713
9258
835807660
2039106715
1341325182
22275465522
307
137866515
651
22213
11263368
11777394
44455
34194004
004
118623253
4055
34687
447276
539446572
201590
1518861
12304360
3812414
70990344
10955
940934
105748877
277498
7879099050
24024599
22738356
58582817
9007575
21928819798
563880
21797845
3190
318160290
733076
811947
55510076
115714
7910
9585551
13112866244
7359260
25225
255200279
79571
10871428
312926710
30937524
638181
77260
8824663
13796
762589512
50210333
21896228
27448940
501081
323591860
478341767
1967
2038460419190
9912
37521
166856361
5119363
19764471
1132725781
3918397
678934200
5397
1475272
126043
133241272
2906254
15707
227023990
328369369
4484973
131355
214784
653
68884068
8777
732725
359206
125551
2737415112
1600
1224640
9404651
2235666718
45991
7845
10751927
3208829
58531
106669
28263
2337
2362371
53305174
6402861
