4575
913615
096
112
20032
1358703
004
18868
260
3788
372
58373249
503
274
250308979
004
4296
55286822
080
208789
085
000
591
1960378
050
000
008
68286767
634866
9065
003
404009
019
6705
310361
000
360
000
62549038
1597
229082
440
429
13886
244341
2123895
269109
005
402564
012
2134
150578
002
266
045
31098767
808
000
1859
002
3855
112
000
2263
291041
3782018
068
16421
001
017
926
808643
8608
254
041
17233
512
460
019
968339
170773764
000
679532
6802827
038
000
184
018
209846
9038
301883
003
2985220
73284
8031985
000
006
287
5509
259130833
3560
110
006
73987
205257
61370
60269
10135779
34192
272304
132249
017
000
36880
97524
3033
1507085
002
000
4431
15974
000
1175
56162521
3286
004
24173
072
002
001
178
268322
406382
3424312
1359
17656448
644
77545
2695
005
31102
3132
123267
410
12252
001
643
014
002
292609
011
157
42106
9731727
156
000
8654
15653
007
515033
010
1890
611
1144143
000
003
15253
1781113
318
010
3962560
001
33406726
003
000
3059
61126
2625340
036
134
069
14913
27806010
023
2473774
2547962
5818
210714
000
173
060
163
000
855
11817817
002
91266
4705
072
1276979
011
000
411630
000
43184
377382
1425
774
95858744
76048
33338
002
65097216
006
002
079
1098250
24391
81711
20115
3292
009
4305
38304
014
001
002
122674
080
032
291
4054
003
002
475184
19058412
536055300
003
001
7364464
6783846
32378
001
392984
9100267
022
2264929
005
233061
000
1597
116
17735
330002
000
001
119688
59004
34106
000
12254
7736
000
004
097
007
019
1141263118
353891
002
40997
001
1626
000
20897
006
020
014
869
009
040
000
20413
84148
362
5836651
056
002
090
184072
681780
2628431
2552812
1826
24885
045
1278487
163758
006
145858
4776
90422
005
1764
6189
079
008
002
132
001
067
304851
002
093
031
565
013
13262
452072
5591478
1104909
723111
000
645
001
4790
284362
266539
3007
5601
152860
945
000
17374
255365
7599891
335515
26602
063
186
002
78775
001
103
140555
201
3771
7208
802
087
3137673
1777275
073
133811
10145
000
116
513
461
1005
4762
3213
1466749
032
3077108
94725
11552
562
000
2247
062
75762
016
11200
11598863
7377112
039
1794
1012
013
6236
63152203
20497
001
037
2322
1940449326
6679
012
2439
2115849
330537
528
887
007
663851
000
1926
259663
045
38714
007
40227994
8726
9063
001
96995
001
6016350
3677
619947
054
5068
65372
000
860
869
2834
001
11517586
000
1086
173
000
32380488
1147205487
007
618
278
4484
039
2438
053
003
224
36915
299615
660942
118633
000
1806982
6213
1891017
2129
783
041
1524
25492
190270382
265
007
730
6137
455
207
004
008
717
052
471
873
117613
267
74246
012
724591
261684
1595
170
1485
001
174967
384542
011
001
2126
468
15182
002
1919870
533
910973
427170
001
11351
005
6477040
12917
096
46965
2846903
000
17057
6230
63620
6594955
17923
4550
47267
93881
27698
005
14824
016
28449
46121
45906
5227
040
114833
10080
2593927
43598
5978
012
366
1903726
3832303
002
024
334
1082834
5441
002
511517
2902
023
18198
173635
1533646
820416
002
1162
154541
86319
148
82545
001
001
29005
20677
268
351052
13362058
5417
032
8104200
062
89363
165
048
161
4609249
1958257
20051274
4252631
1648
2124
061
9278318
21183
097
004
070
22080693
002
043
440382
000
16133
001
99787
013
3404845
003
1842663
1539326
408
3681
089
400073
1366
249364
183382
27565
711749
1392
018
27011
001
50758
068
1152
1085
265
538365
489825
000
004
15284
000
3285
18982480
3084351
55592333
1185
003
154
281066503
2771256
065
5006
1543
36511901
39345724
006
3450
98805
001
52104
993760585
9864
255630
001
368
89713
12618
319674
39491131
057
500263
004
084
32070
1518
46019
9840
1419
306
6316
210
160
254
2554
4475445
1575
109035
440
282191
6495975
388280
158
784
99106066
000
000
34071146
019
3918
139718
662043
208157
36964
007
192
18370199
3424487
41493
970695
083
4139698
002
000
019
4796
035
447759339557
004
122
001
001
1741647
010
000
3423955
000
509
008
095
001
176
11223
023
1117897
23003778
1886
10759
000
18482
93810
198513318
002
1954612914
2693114
258301
4828026
155003
2109
012
168985131
013
078
5542528
543219
2888
000
96137
006
271
006
549
1237033
194241
270111
97443
000
1214
005
1947
3010
2776
003
651881
001
000
008
346
1402
001
004
001
101
9393
394342
024
11572360
015
12631113
383069
026
44417
002
13024
450381
13383
2988947
79116
994891
264469
867012
001
006
1299541
007
992405
455472
4475
017
030
375371
001
001
64171
098
000
000
004
2185621
4139
021
3516
2782076
23425859
4991
529
1505
12908
12096
024
612718
495
44824
000
003
1730
009
001
1264
000
158
70130
369800
402
3232
892949
004
136
050
2873954
133177
039
000
25588
49597
009
074
4473944
010
446
911
095
3320
001
8639
398170
116841
153
1257720
074
118
001
001
1925987
32894
48593
269
000
004
847895
5551
113447
034
19793
055
3150
001
1710994
65677680
237119
142380943
000
354226
000
004
835
142819
319
9056
151238
9011626
045
119128
304
046
1719055
1158467
066
1426
20842
26703
21822
13272547
000
88951
1210
6460898
91356009
000
381
264
13398082
522
000
001
357981
152
605
014
005
13608
1027
27190059
000
008
690
001
344332
8226
005
2166343115
001
201934
3988555
17674
98226
9908814239
17153
000
173108
31218
010
7834
004
098
004
3980
001
103275
290543
000
002
883797
079
002
014
000
003
17586
515
23692
50816157
360161
2846
017
099
38279
497509575
52112519
086
019
150583
001
000
052
30288901
5499
737
013
002
2277
33812
95691
504649
003
1024
284356
006
096
862892
7928635
003
9740
121
16074063
38946
005
001
5221
3703267
1629449
2990
392122
000
283
000
3812646
3755897
4086
000
176331
3541982
025
002
19430934
180490
8755
104513
161093
2389
033
103774
000
119964
001
001
3951
260
002
1588
2320885
2718410
003
001
1043
9827338
001
5495
155
2832
389
9824
1085967
9888
183
9704
30728688660
1619
514
19148
002
54126
163852
032
2272
990
24835
001
26908
29977
2230071
408052414
8352
026
1144
000
022
5570
002
9289
2776
001
12923272
184
017
17696
3213231
61319
105556007
749056
011
003
000
2722
3388
082
320
261
7610
4341
246335
12378
9650
674
689386051
652
39177
1135
1203768
87438
919
106
009
000
112796
149
5191
049
1329322
69451
485
106
3758365
006
428608
37682
1867
1769195
624755
066
25036
045
078
006
1398
001
003
7272
65203
009
3690
1753
1003975
3064978
23801
12996
001
10765272
079
1205
001
3363
212632
046
1305998
248056
4211
661
055
021
23271650
003
012
1922
206978
001
106122
005
6879817
112
001
001
166
13052
021
008
532
188670
002
000
7464436
2183
71200815
1229795
21836
1229475
281056
078
002
7234
231
009
1406
1861749
1142
121561
1502
000
844
007
051
1236
029
133669
000
388993
006
2076
007
274
1432
1133921
163390
000
4394
47757
513
816982
007
3810
166
000
006
2787615
25744
59154
005
212824
756103
125190
012
25175
000
010
854
3775147
183
1951
1490569
006
005
106825
073
1757512
003
1567115
000
3920797
083
862392
26294234
015
287690
657
1903
23462
62969918
017
001
1528520348
003
7987894
194
113
1208091
007
1596
682670
1366
268
15859
014
216
23345910
137860938
4318
18400
005
87039
2640
194
000
001
015
1360902
032
160577
87561
002
001
444
1020030
015
516017
003
3383507
7900402
70456
143677
55348
69137
000
2494
000
002
5032361
008
5281
3375252
590
93573
066
290
000
2168880
45917
002
009
084
1147190
008
001
3002
166328
18271
656
001
10417
21258820
172598
1050
1720
19514
000
013
467
816295
4956
105883
4337
000
000
2396133
1436
004
000
1629
006
7788
076
1118
16250
2553179
8804
173767
14157667335
169
404998
17735649
61868
23946
587733
125
124414
4633
19674
15306
57405
042
556
1261433
11065
36649
10912984
32017
143
7347
745
203883
4743
002
1926
1054405895
011
2906
000
841
000
159564
2185
5989606
053
84924
120873
779
067
002
248126
000
1257299
9406
1230445
1046
304557
88336
003
41714
6314
16200
10021
003
1187
134445
1845
557
1479
22637
4676116
3321
25210
17611
87028
115
196
69617
11161
005
653
1768
027
31786
93617646
001
386150
008
046
866
266
1492
059
011
60185
45636
1671
001
3075639
000
276
3308
350
1933414
6606
3702
2538
1432
256
8545
014
247128
039
311454
178868
5261685
001
5500
319818995
6750056
1288803
004
5290103
000
14336
1109
114977814
006
25761781
6856
67885
1669
58472
001
1201
016
002
019
1692747
054
232
62554
1300
482988
294
001
142
539
000
127
079
7372
1518
1569
32073636
1223
023
736
210262
302087
214337
465062
1503
000
099
12639
8565
45778785
345604
10464
009
001
002
055
002
31856
087
20330297
2856974
210
261581
256
6405
1378
10220
001
001
3229
000
001
007
297855
013
16938
088
001
73178
296
34955
119352
431
008
1260
39979
083
22579
516177
001
001
220
001
16289
125
10127
13003
047
6586
20375406
13658
015
9368589
147
521764
002
021
7383234
364
1553
90245
031
001
1519432
002
10377831
13051666
6724
13819
840752
26810
11508
2509273
024
2882
3282944
503
1433855
002
73962
1213
044
1457745
69701
53467
266
23697
005
47087
4125994
1533391
15230827
002
008
1579
259392
000
000
000
13270740
341
20317
002
001
297124
818
000
001
407
045
2489
24058213528
874470
000
169591
57493
000
5729932
049
16216
179817
000
001
1611181
24629
13151
1135
2471
2723365
10394
14192
001
351
000
062
176
008
3509
275
2145
123778
22447
117
599525
008
2052234
021
4580650
011
002
288832
19600
4138642
48308
2133
143
6738
267608
026
039
64666
4772
010
50125
000
002
062
106325
944
64982
016
356
166804
22992
413
000
13174
10664
162542
893394539
098
019
022
5496
799
151230
319411
2054226
054
044
1280
332074
2436
243967
129
248133
19771
011
986
001
21850
000
435367
1762
712465
1080913
21938
066
009
73195
000
243
002
003
8423
000
044
1775682
624
1218
13722
275666
003
8752837922
10521
1668545
198308
2117
24239709
1296
21763
266468
1491625
8712323
7402
21536
026
5457
1952
016
001
004
52976756
3339257
012
3928794
1203
058
000
025
1173836
34545
563819
001
1306
25826
381
002
000
8022
005
030
27995
9116
467855
011
001
272
166880802
2658428
56756
2951
10326
200
751
022
1100
001
233262
9851978
202
048
001
008
173525
183
5699079
124612
92837
24390
4156
101
001
20128535
211
776
291
4190
000
003
896677
860265
2852
1007736
353853
770
11510355
11711
6445
15951
9777
1416
101443
080
2180
006
063
000
215
040
136
015
279
000
2027299232
144233
1040978
3047015
169305
001
224
395
1945
001
5671
28087
159623
020
000
028
000
3574
143
14016
397465
9699
014
26973
000
002
7357826
6252496
1923438
3042974
3185
2289
2905
175866
168125
1762
1461184314
000
194062
010
274
2593
26187
000
9370708
177523028
011
031
137010
20406
16011
599857920
298
12616557
029
70104
354
468867
1594489
977337
011
21003
003
6944
1117
5148
2567571
353492
22778689
324
003
2554
19319
005
8844595
378935
60564
2489
579
1032
000
48372453
3720
68614770
5488543
002
004
000
001
534
7760430
036
061
3146436
1506
097
098
018
20409299
041
774
46467
182526
3996
6688
570417
5035649
004
1184
73281
014
000
002
10329234
000
199
46526195
405097595
004
17026
117778
088
50674808
005
1835
115374
001
5915
63917
219
8522
6376
102087
54176
080
7272
1338
008
133290
036
006
011
1243
11222171
431
2810242
1021
002
3223252
1524
301
8845
000
49098
2158487
47430
41603
227548
7286435
001
012
1805
2523391
1169
409
2194800
2089
005
8724391
61291
18921
003
24029
000
1878
315
205135
000
300
018
1803
092
409
219
1818645
003
005
15725
210
188685302
700
1827
5274
280395
1563108
000
3840
3260
006
86409252
002
3172
166736
001
028
956
174
035
391
002
8216132311
162339
000
001
158524
109
607353
12980
000
116
000
4392
42694685
57855
000
038
018
24895
3575
361753
1128610
002
250838
81425
004
004
32310
002
008
49105
26132
3441
6928905
12415
2206
20276
3888
462152534
001
017
1208418354
4303
5619796
142943
81150
244482
6810
2676
2736090
24632637
109
016
209361
000
60876
537475
458272
001
004
227
253
000
99753
1403147268
1782426
32492
61729
18347
4200
1553640
020
36803
32761
001
17264
011
7977796
002
3173
001
033
4485
003
000
23910
2214972
65582
26605
000
3472
021
396572
000
2012
1197
109
408
759518
3110
190
4216
620153
4514
001
84085
895617
003
2148671
63732
13058121
22699586
139921
72034
8065087
22478
9590
5229919
007
9582
000
084
002
290
1336495
4225
6855
437692614
85575
001
56587
6063
537
92726112
002
000
002
505239414
003
1258969
576
001
36398
15153314
002
1329143
277
570
1480
014
039
7730
000
76022
108006
7121
2189
576895
000
012
004
616
225258
18363483
000
053
030
000
002
006
4037167
12146
884833
017
010
36886061
8525732053
35783749
5884
001
4831
021
244655056
461195
001
836
166
147704141
288
1249580
12259
046
3566
001
19016
3332
126921
21456
002
7354
001
41210782
24765
4044
2574
297843
5228
000
2004846
005
2317123
4898405
3872
299563
12511
2142
074
000
56639
256
7986331
113
1224
101471
010
002
012
7460086
25415
108
020
251580
13417710
000
20027
000
002
25687
737
005
107
003
47823969
000
001
369
004
316332
18779
041
4076416
18915760
200895431
6706
5514
001
16859516
000
2526
34884597
253
178
693650
2494
008
5736495
180643
226297
21074
4011
924
8461
284160
9423259
240219
012
000
021
074
001
3857
277
9179
2917
3793
759
002
490
4629230
15197877854
779759
15823
033
000
000
390816
20112547
31038
083
591
4386
10472277
000
000
12569
019
969
134
667015
001
225575
624
3314
235
328
072
105
125993
078
39754634
55810
121396
022
4126129
036
502
13380
17499
006
7711136
238
68263
9775
751586
403611
82331759
26467
22158
030
271
345
1430351
340
047
035
1176
3574787
3263883
001
1825731
10874852
77682
1564
178
602
089
001
45811
515258392391
181364
42517778
15346
100629
1737944
2391292
55025
76708692
55472
4225
1260
000
030
002
13612386
005
135
114513
1415
171
003
4666
11237874
133314
001
110
058
41696
120
1813
3998
615
688
387808
1273
133752
22038167
4598
230
48208
095
24945
7704
004
8719
49787
5811
001
1304
590
33561
31870
361402
422
017
718
008
001
893
903
015
003
1342
76406
301232
429891
2679
27703039
20169
001
8365
20326
6172
9327422
3927992
4541
1756
7448
002
137650169
673
001
6928
534
31638466
373217
134402
084
000
000
6135
4852
334693
000
000
55221
209474
074
000
031
49901
2358
1318
487210
1513079258
52262
39553600
5827
039
11050
1062531
051
55551
7576255
10186
003
1139307
147
53512
558159
5354
11882039
1475155
160
004
002
212516
13183
005
009
002
212
3639
000
328
1651
31376
2314100
014
004
561
001
2633
002
7948
000
248
747112
3924
119
000
67561
119749
002
45828
043
4827
002
062
007
003
21821
3218849
331920
556
3839
005
000
688
000
007
078
22623
004
029
4217085
1421
21209
880
137
988072
20423
395
002
32774
003
1854
1972424
002
036
2674
11175
003
3116791
23345
1102689
1255
1669
36122
3065
1079
000
7700
432038
4192
009
077
002
12634438
33317
3330781
102459
503
255
000
000
1337
000
65238
123770
000
022
005
26855349
005
3027591
000
20720
001
1107
122
001
023
003
51588
956
5462507
000
20251
000
979979
1190251
145839
161
41578
050
020
73116
6222
687909
23570443
3500
12581
905
767194
70507553
056
002
121
442554
6616
479
41491
003
454
234613
1528
022
023
186652
298986
011
001
37323
2226388
2762735
1273681
103
219
6996360
15040
27129
009
22437
000
002
654631
42356
27092
894801
63777
434773
1425779
479661
21846
023
58328
001
416
39750
1966
185
3345112
4072
225
165939
046
002
001
010
001
243003
970040
87616
4740
298971
7333024
4141374
956
000
523101
5072533
005
164
416
1153069
1281
5954779
2538183
984
004
001
55505819
2599
6344
002
5968
21427
000
015
118018
45973228
31066
42030
7543
15497
001
34647965
2333906
861
29751
951646
15830
000
52489
2238
1013
135
14403643
37927
002
9252
6532452
003
661587
213
093
287
001
094
1050
001
9561
33337340
3583
3002831
882
1887718
1255479
18532
001
890
1351149025
2168
1335990
4708
283
3737
006
7663
000
059
9748
56807961
000
039
003
037
6844408
346
689437
002
49734
001
11070
843
721354
125542
001
008
270888
058
086
000
2550578
44798
000
5397
821
008
33399
1640
152
53157277
25351358
2103164
224728
20795
6420
000
230420
019
001
000
2048732
744
380498
7132
001
136815
422
035
1955
13026
000
078
4792
197520
1768
1018
106221
1477
95693
62428725
6795774
015
305
2013
5723
001
5999534
36494
158409
9963842
217361
009
2377
74837160
439
036
003
116524
913899
1190
000
043
180958737
004
001
002
29310
002
018
027
1462
203425634
171
880002
000
249
246
6812851
12177
006
267
222
220124
515572
1115401
477603
7052954
2516
723
2488
1392900
654298
7085
2092
334
047
237
012
66840
54504
4558931
14529
407104
13128583
003
13760917
758
11657133
1480
8299
000
6416
957487
171039
658207
000
1596856
457519
083
64958
009
144043
000
27436
199616
87736
191030
518527
1094480
062
018
656115
001
32782776
055
305727
2391188
91371568
7465
1453340715
810506
32634
4042
007
2802055
000
764283
258144
285152
2526737
125
100081
1111
6655468
357
1076
88205157
002
896
298642
000
000
10467
435
66017481
6434323
350460
219083
000
127
1934
68814
107802
10903821
773530
000
3036548
164
000
153
001
11386
000
009
44107463
689154894
1031
184090
067
151
193
286176
11115
254
21583
000
002
1591684
000
2752932
1772
002
5604
169
364614312
031
402807
000
003
56965
545215
17992
146
14255
8280
017
71630
011
2528460
9019
1123237
2403796
001
347
1159520
3045
775
1068330
002
6408202
13013299
560
9172
1459
3680
16929
085
81753
132342
602
24663
3408
628056
12417
6900
001
004
180667939
35034
038
12641
006
001
1707472
725410
2401
4161
13537
2047
2081
405409
090
3508
4739675
002
355
27171
285
001
001
5276
250
095
035
7745121
914
000
5846083
30855
000
030
6174
42358
1008
59709
183
36751
6753
001
065
25551
123479
001
20434
205
000
2901
115383
176547
002
18501
4895587
001
818
001
1160
2203881
15997
001
26023
37006844
135
687961
001
001
3279
10751921
004
20731621
290716
28518
006
4422
303774
2750850
1470
1720
304
245078
64889
016
7910
000
002
6185
11047
1599
003
3820247
000
1006050
98377
67520
12898520
8599
074
697131
520973203
307
1816078
423
091
9351
788
3910
008
1440324935
86862
10792
65484
9420
206134
003
1258399386
73084
7451
030
48254189
11975433
197863
005
160921
831268
1722
47254
7996873
10386992
106615423
000
8944
660
115893067
57182
287
002
010
2143
9911
000
000
2324
001
140
008
1044
1341
4175
113
2569528
10860
000
012
373598
000
371118856
011
007
59007
006
6339
20993
004
025
4943
575
85353811
3050583330
4684049
202614
8214502
23905
525
013
371994
346
2464
17896
449
000
000
558436
000
632
87932
056
8190021
4388
5760
004
29101
19056
59501
1603
437938
232591
410303343
21385
2870
503
018
22205
090
001
4873484
91505
046
001
7804
806527
1644064
093
10453917
105
5905502
000
320
000
2846854
95599
18523731
85349
001
013
005
001
8721
31631
053
042
1387
215
2376519
009
71394
055
1616649
1628
83188
3488
37155
436446
5023
14097
002
8057375
001
458994
19820
008
063
8308
218958
061
3861
12552411
251
5370931
004
32610906
15994
14536
128
43246
3988427
374
13868667285
955
029
036
000
1245
098
427941
1672
153239
055
005
6083086
1299850
000
2833671
015
4592
8519
017
9015
37023
7503156
144428
009
000
000
505
961659
009
793
1653135
1010954
3930
001
059
83547320
083
1772
175395
000
006
6321
2829
000
357049
35311
000
000
070
5018358
001
117
29638098
443
356219
35868
008
8004
002
005
000
365
1241
001
54366
49705
001
001
001
51494
681
001
188536
39188
063
10608
48500
370
665
051
060
22752
353
13295
30016
034
3971
3110827
39501
13565
18219
002
7562
9245775
003
003
004
043
5783
220274
31557
672
2150
27685
000
2280289
360
11648540
013
4038
309208
845057
000
2517234944
11322
1584646
012
011
366131
5598053
1543
15591
6110
24007574
002
008
237
61343577
33534099
2094
6667
175230
043
048
344693
202052
9074105
188410
004
10834
23674
8546227
9698
004
618
206481
005
000
017
858159
000
10256839
257212
12797548
154
014
008
163661
2962
615
94151
630144
150
006
59824
018
129
039
075
78738
38132605
80629
262011
3899629
8270692
038
018
142233
011
000
853
15808774
193819
796
073
012
10660
7923903
4591
005
252855
232606
2734896
1248
000
145
318
14893735
031
005
047
090
094
1921490
109
002
026
11943
28156692948
19009486
202
40313
1112
3643
32681377
6420
8399
004
000
2354241
22173
001
1177876
1066
18133750
24305993
1382
036
093
326606
5776100
62568
105535
3808
406469
002
15985449
110478455
039
38911
57765
309710
7083
000
16336
244472
118279445
28811
070
314
70994
1113021315
4297961
013
047
144945
8842419
689
206
19070
29780
000
1378
16847
460
16117
975
130725
010
3283166
619682
6188886
1054036
343
115
107
5292761
16257
001
011
9536545
26784
004
5303862
023
6628
000
17725
006
1932586
54499976
003
5072629
58647
670
792
8108
094
005
270
002
5803
34365
12707
002
002
073
001
661599
085
190
038
568
11138
23167
004
006
1822030
234
000
108773
16586
000
600005
10128
6578
000
34897
000
6884
1532552
000
2426
001
2062964
023
075
8888
34724
000
091
002
58757
4317295
62221
1201638
3449517
9077
9194
002
000
017
698
300
3696
862
8542
002
010
1117
5557
301020
263
591635
13196721
853955
2492
283338
9419484
4161
576
269050
144353
1238
1377001
6072
313233186
43930
216214685
83956972
031
165
48392
1135439
14305546
015
004
000
4395552
3335959
38966
000
000
142
004
11265382
72517004
863
251955
4380505
016
842
134846
257633
29548953
3055975
016
016
034
1763
1383530
561
000
025
2584826
016
59761124
833
781
012
002
1119255
6878031
27931
12252
001
72394878
6414023
000
11302
001
379655
000
8715315
5517
263
3615927
844
30036
009
8399670
31446
7284
362957708
6031
2201
631989
005
152
14578445
122
017
172471
507702
015
788740
001
011
165509
000
95896
338729032852
000
1030261
16815
026
021
7649
35778
004
006
58941
537
102394
001
020
147
286
010
66656
000
997947
009
777
70321
363217
250
10870
15447
026
66425
001
1508
005
268916
27161
514153
057
31011
117752
25343265
3516
8004
085
1410238350
155
018
60934
385
1350
281
5793
14189
1967
597
026
1355963
511821
1517514
2010
4365
32566018
2301610
006
133
010
002
30827
1791
1000
36103
339
004
1162
2366
3239
1973
1061527
277
959
14132
1757839
007
16773
000
2545
005
3361
032
5932
7097592
1429159
274434
12293
725
012
2765
002
158
51161
10266
004
950
20074
653
119899
1216
007
231
54122194
4000
072
801
216
1742
2043927
61358369
090
2509212
024
503057
109401
8156
304430
279613
513982
3076
041
10861
051
39054434
002
5448
22395
023
41180
167445
218
1436364
2993
6217
792
7223
016
177905
279
025
000
005
35329
009
002
3246
020
012
89655
724125
012
1973958
000
54958392548
798
21310
086
17785
563
128
003
002
010
100351838
9848
57070
87319
107113
2337067
2223198
4818
2561
013
030
127789
54599473
141021
004
002
63907
106910652
620674
1723
95583
38792
150
21783
285087
457819
561975
000
700
163469
045
026
23404902
1308
4283377393
115794
117
026
001
2734711
125329523
10055
11804
259
000
1182337
186
496652
74757
72488
061
512
001
2374
004
8812868
7822504
075
136
010
057
76006068
385
445
2555401
443546
4825066
32633
8288048
000
1594
027
4667
000
000
000
026
016
29419
081
438513
12147
10889018
25846
775763
16484
373
004
9961410
216316
001
2747
2670
70962
063
481547
3129
080
33042366
49856
510444
1480346
5728
9116
3261407
1176
000
729136
23125
004
068
7347
023
185
49052
807098
546
17093
012
103687
014
5018
9568
22961375
476457
000
13287
381408
086
000
46905588
19065
000
043
073
825011
2243
3518
1832
474233
017
343394
822
223891
999042
001
5289
204948
516
384629
132
005
1505
8537706
456206496
1030
105159
10412
6610642
015
5266
021
38444427
003
4493
135342220
302
68840
003
114
11392
000
2641
000
2493
000
567
028
039
1322853
001
1693
999
001
2340
000
000
18153
2397
1927
1123
16006
022
016
000
000
759
106929
628
001
001
034
548005
2350
492750
1208878
388568
188
22598
5505
222063
000
007
000
001
1400419
019
18686
65757
39449198
017
018
20700
133921423
53908
159
079
2836447
32846484
14340
1874
102301436
875
1292055
405883
3731
003
826
001
000
057
26975
11934501
000
001
53700
17111
048
2065
000
11370
5106
000
466
11735
17635
1081
1057783907
2077658
003
699125342
4350
1008871
11286
026
7563147
004
5247
588
4332
65941
26470
002
8040
18289541
101879
18077
148418
000
1324211
7764
003
056
1900
154
171205
5841
362947
158
001
34255
009
17905079
241
004
087
263323680
21543
871919
000
15221
020
599
4513751
1995
347
19609
1469157998
39679
49899
2535559
882
000
525745
9419
135158
002
183859
000
5171397
6472
000
521
636
056
002
23499530
2648
373474
618
3686771
165121
014
18985
46389533
041
209367
5922
002
030
90445
1193
136787
133
7138
270832
008
074
66437
196
014
057
97505
250712
010
690
113706
66069
40513
000
8309
039
111
114179
78728
278
6596923
004
2076
7357
032
023
2201
198
1349
020
037
283
001
105064200
21402
1228
270
1240
249343
2989467718
442644
000
98247
28075
6096919
12545255
624
9674767
003
076
008
108621
183080
2219
42113996
36905
74961775
830
050
61169
021
28813408
1564
7394710
015
066
668509071
6015539
2020299
1223436
20629
001
492193
010
21315
079
064
66789973
131088026756
10305129
266
098
3158
000
8236252
1353
1617
8807415
062
47144
30308
9008632
006
453
011
5127
2036
060
38923
4639898
718568627
022
5311
003
461
579179488
638993
443618
003
007
3266305
734747
6214
1250092
4711626
27776
852
270214071
148
696762
3543
1558
1675
320647629
2687
6880
001
173811389
1113412
002
161857
2087
020
277114
124438
158
1081
007
132
026
3130
1813899
32439
1135
033
1196325
427928255
455
693854
000
114773
019
131909
23571
80994
027
118031
64305
19387
004
49914368
1553
4331
734
007
32477
000
42929
6758
40149
003
3278172
865943
13745
128
155
28264
004
13648440
96802
69943
065
232745
382
255462898
000
150
118845
3939266
322191
2098
003
6590
14043164
279561
2170
028
1435591
108
001
23097
1662850
014
2768
001
000
031
645605
1660
002
147
120807
9052
061
014
003
2933
62669
001
1539
1915
1298
29540
191
85580
964185
95793
116
8450
11551
18813
000
518
310370
23596
821220
1633945
12334
4760222
6866127
26374589
003
2715341861
39001
853
005
892549993
075
007
002
217782
1121
43591
60349
002
783
022
041
1327
13670
003
17876
1441
1676397
001
000
7431644490
13611
16105
3485
325690
1731164
127
005
000
001
019
73824
000
1315
002
17536
1382
001
008
641
009
003
238904
592245
001
590125
8341122
000
142255
002
1262169
9855
10518
30510
8747960
056
000
644301
11220
003
2946050
000
513098
006
404
5335848
000
071
035
882
382
026
671
102659208
000
1280783
421136
003
2865
001
540
002
2775
1322855
1013471
343258
10161
026
002
605
001
000
1216101
1068145
006
330
003
1206
1173409
218549
007
5035575
484
8507
313
118
006
142559
346
9429
002
5009
000
9903
130
643013
000
15420
2140
212063
3645224
008
28756
501406
917
204
413
95024
000
14489
143
47892
32847
10077
012
11412
029
8204
12218595177
10364171
363030
065
548337
001
122
332806
1412153
034
166842340
12174
020
391
001
2462991
300866
8635
134725
9187
013
40814570
006
002
1056839029
055
013
33624
4790365
19674
003
1561
1479
13831907
678312
50660
9809
194943
257833
038
000
223
314944
001
064
258184
152
378
153692
001
14249527
003
4581
001
000
079
1855
688168
58799
002
137482
002
005
5018545530
3527
001
111725
3891073746
476
016
393758
40259
15660
000
5960
550
003
1927
10061
001
1641122
43708283
8507
507
037
7169930
47036110
117612
005
67386278
2384686
477
001
001
000
474619
1327
002
001
97932
10856
546
008
19224206
030
7308
038
1067957284
531
002
174734
4865
2523
5744
522
006
154832
81062
1330704
014
015
32618784
32519
025
003
64659
16155513
616
219124
12095
000
164775
000
17877533
000
138
007
163
035
000
62051
4847
020
860
030
8717
112382
2288648
4682
1071
321
18005
489
820775
9743
18932736
002
2541400
000
4811
213
142201412562
005
91702
001
8265
802118
22426
576
1025519
4282
1091991
2558
11226
7521
54672
451
118
290722
000
002
36553
27273
100639
2831
3226823
18955607
000
241131
545778
3119
96973
2057570
000
1816
339
775
46354872
2685
039
3993512234
10106
178
158977
157234
062
112
8743
4274
000
1189027
3929
128656
6079676
000
000
5905
20930
2929921
997517458
780557
22893
606578342
898
001
366194
199377
103930
65698681
2547
033
9888
2260
001
37090
294327
016
040
1004
339
032
189
1920
063
29414
46449
18113
032
000
378094
029
596931
7411
287
004
1808
2640559
10775
208527
414361958
122
000
58018
17049
268
006
023
26507
013
7372
069
11163
5989910
2339
32754
005
012
001
2743
1564
3721
2013234
001
015
1659
000
000
334
2879963
401
548
2143
4278827
2562935
1002222
092
117203
53767146564
000
106
000
85892
974
32093
2096280
1101938
004
001
000
5819
150365
477
2085
2171
930
37570
074
001
540238
3416
2674
383
1552991
20188
002
6564
004
111
35721
001
037
340
1169
387857
001
161
1049373
003
746268
984
790
342969
009
10460
003
5923839
3804
6498
232159
13442
201
156
3280
000
317
001
13940
000
37328
65393
2513
33490
5743
1152304
132523413
21008
330
2628
20219
031
225
39429
282619
000
045
013
360826
2978
002
857095
24482354
144390940
13543971
19835
083
014
124325
9046
41845
482
619
16872
004
565611
001
23133
45878
003
46197
456270
002
9444
8100
3581
014
022
3612
115861
352
12839
5351369
575070
1912
1623908
550
019
016
25743
003
237661617
25147464
024
4272158610
627968
1954
021
8248
8450084
000
6412
006
26635869579
000
21696
009
1763393
117
000
25617
5299511
127421
1331296
056
4078
3624866
7537
002
001
377
226714
001
289
3453
173186
28623917
1140
002
13233
070
001
002
1081
10412777
000
27148461
11074
197
17209555
62108
654
001
1740553
000
001
001
2192655
35477
4605628
008
39563923
1073470
220965505
427017
000
2412461
461
43807
20242128
1071905
1669
000
490
004
172210
000
000
201420
13241157
253
022
324
96676
074
9921
1395292867
5706
159
1427
207225
220
002
091
151915
724398
5761
2304
024
223697
7284661
984
001
026
1227
26937
002
116831
003
000
135
003
21646
274928
38683
1235
851
000
066
000
345
000
5960
567
081
056
000
34613
16772721
824
751250
22751691
003
001
2436
417335
43357
048
000
000
600
000
10248
984
000
3403
493038
112985
26678
18505
000
7965
291147
001
1005952
003
12993
353707209
3586
007
001
001
15920420
468304
000
000
2832
015
658409
716096
3944
338721
021
269428
8060
2246295
553
66975
008
1030861
106647
427996005076
116390
1133696
001
152855
154302
452
234188
030
21957
589
363
540209
1691949
9889
000
1495
000
001
003
5438
557
1042
32835
010
002
42647
13724706
1421
12351
2422912
121569
090
27664
045
001
1008
002
480
357928
52326
362843
034
4630
674549
3277
175
205
13467646
2367
2379
1481708
447057
4726821
005
183
064
3803
33436
048
350948881
10033670
002
020
2294
5158154
77725
71617
31768902
004
17730883
10986
000
195
11718
174
125626
542426191
459
346
002
2729
2449869
4709
715947
001
366901
5926
105995
30794391
285979
2261
1054390
146013
056
1010
770888952
018
61064
000
175
17899
383
2895423
105212
1958
003
5472
83830
061
2967
002
3009
94044
000
763
38810
082
861274
7391
112502
875
243
12010
5986120
290
129471
292406341
16455
53797
001
1030284
002
022
002
001
001
004
22785978
973004
000
001
21623
191
094
13887
003
384
542296
29706
6944
124638
000
615504
040
000
3571
3687
345
5295
005
001
001
5790163
141
229015
1074573
9071
6002563
139
3006
2504
23421385
132
217420
188
604181
252518
074
1698
80246
529
75082520
9565
57764
1649686120
058
35383
2156
004
28732
031
2756
1226445
5905
1610
17541
2346841
741
006
002
000
1011108
000
3333
029
3081098
081
6711
267
25538555
13547
358
001
012
5071
52244
468
8063
260
315225061
16356
8441
7670
1900
1638947
380
000
004
24830256
44936130
27690
006
002
003
032
615138
2951
023
1339654961981
004
074
3303
001
035
9885
4064
30430
21779
264
201
008
503
2064
1390
3471088
000
619
247
336396
42471
42257
6744
006
10114
581
136917
516312
12864
1032003
002
57717
591187888
12174
001
000
19107
803
022
007
48157
2416
001
047
057
315102
7307826
123485747
1416
004
243331
6208
233
003
082
13269
000
230
5334
16255676
3490205
3675
21212
001
000
001
1478
15634
000
7821
058
3927681
166632966
17565
001
004
34210
057
009
1998
490
1323644
126370
000
430298
011
003
009
901526
138188
509627
7610
2997545
027
8719
546150
027
176
1080
42653
150
3476221
289
665
037
000
9406645
466840
000
87157634
63040
363651
002
35022
233
695
000
73086
561
1643672
072
258457
160
24503441
18761
001
002
3461
113420
315157
596232
782747116
26875
003
009
351
033
002
11773
083
432
265876
4177
001
877
1435
48198
003
318280
1514
027
015
028
188
004
55664
8058
175
557
081
1465398
005
342
003
000
20908
24823
575
32807
16046394
001
52717
24182
129510211
006
425
012
256533
036
007
14619
002
000
112
10063
002
3020114
000
353298
452
18919549
649200
000
76809792
72278472
000
703599
444
1553338
010
2695
1805
1644
2957
114863
000
211
119555
35479
11433
116003
405781
3569635
000
1178
004
687280
597704
499
075
004
060
002
4853
001
867855
325608
032
2317
001
796
73013
004
17828085
066
002
276423
002
010
013
1333809
016
1901619
662
101240
021
059
496
012
2960
10257
012
001
19435385
003
2546
369127
004
483799
013
003
14120430
296291
020
42204
469710
686888
892
35488
344
2458200
2776
585219
224197065
11789
135908749
1014
62370101
2405
8359
13483
5585937
10387
14779
5271660
1301936
3011
4333
040
129875
21552
7637
260
5349395
1323
991
293128
11102
1136579
004
000
32177
001
155880216
148759
069
49196431
091
2700
9002
001
020
1878135
617
307
342325975
547751
18473
12947
000
001
002
2339
2623
1107
3998
1739
77763
194
010
8235246
072
13033
7547
198659818
001
121
115697
004
012
040
1067
001
000
274
018
007
000
4260
136630
29077
21519
006
56100
000
079
2086
7337
381
6582
27485
000
1033
8216
000
61416
10683
021
2478
008
546
2759045
5522
4394
59287
008
000
21574
8683
43599
65787
889
2126
000
15161
33215
381
001
004
85767835
149652200
000
506237
656
000
3491
7646499
2036643
007
6206526
2917445
021
009
12507
260035
059
544
000
014
9683577
371
2780
18390
001
000
002
2250377
072
1816458
061
051
3619
032
1010988
53138
842
008
7821
000
001
2059
1218
000
5843
90487
000
4129
047
7132599
649734
116058
192
480717
25243
6451681
019
1865
1937796
75839
364514
1728
28471
7339
3559
571463
1975578
74303
283
21369
213034
584
079
098
301
000
012
1051038
20486
175
053
012
161930987
49405098
020
239
81583216
9861442
003
4792
899797
009
424
83312
002
163529
770516
2307
249
282751
2026
005
001
000
4906501
16242
485
001
000
80764
26735
3249
2528
11995713
26944
585
4093
148
2962
025
844
5200
6745089
42856
009
1794
1042
25323
003
643603
054
004
030
1068
3576164
9790643
1052583
707
207954
093
023
121
155
4562
000
016
1011
117
305672432
515
30758
440
34848
014
4856
853
024
44692
13766
452
91039
15142134
558
38697
12017039
10484371
001
4146
97313965
4495
050
288
008
40036
589720
1214029
3545
1332819
975
011
127
000
269
148
031
1932
000
891
085
2489942
034
59753
43683
003
20951
26238
687524
1055727
340
001
747
321
1887386
62076302
1821006
257789
19102
1312833
955433
163890
000
118294
3890
18127
055
58187804
6285974
012
004
14842
72186
9843412
1366580
62245
525683
254478
460890663
000
000
603
8935863
2995466
137
1700
1459
374188
5700
111904
2240
86600
8116
2477
3938
004
667153
1565
5783
070
17448069
6330
491
001
004
154
077
66710129
188265
56138
566
326
929
000
014
640314
6356553
138086
44750
001
414649550
1280
253
014
8338137
24336
212196116
1366417
001
000
5153
002
639
000
124253126
154527
004
526
5471
6805
2608
66492
021
003
45563394
024
4821
4175206
254
65677
453635
036
065
009
1927
79291
10295018
8850
30962
6509
15778
167
052
500
98128
108
94007626
10241133
028
523517
001
279235
2901
82583506
082
288346821
175564150
131
1234
4198
2362
066
196
92795
53002
25900
002
566
6850
22350
10670575
3937537
52502
319
136334
12823
000
012
390573
000
000
334860
000
10674
159466
12248
3076
043
2851996
13092400958
10233
1721
169778
001
39093
17803
42436
308
2798
082
634977
001
055
572
2021618
001
7314
423
452
113336
11722639
001
000
391553
56015
534625
351
044
003
003
2039
528
1963596029
37163072
4592
4398
1250384
1511678
000
014
859
000
002
11070
002
007
40384343
216905
181355
999337
2149
243
478374
891523
167821
1706
129404
002
294715
1292448
18990
006
012
053
11172
398
021
931183
1036114
32929
787
36091
1633313
000
59018
659624
218995
77562
700
91107
022
781
074
44106
006
4482370
1175
898
122595
78748
30169
213825
009
165477743
1324
7056063
231272
2095
13248905
485
19202603
14794620
029
002
10284819
1300340
236879
001
2867960805
48869
454906
050
084
6195
279
330
211
23442
81802
449
4072800
279906996
001
126
40349
107
367307
015
1001841
001
035
59647
2598031821
2482
2802983
054
301
2315
3908
000
056
031
163
002
003
011
001
18797
5802179
009
3000
007
006
1334384
003
062
043
10426
002
057
3553
871515
351336
001
049
530253
808442
094
5264714
996479
5624
139
174466
52140
683729
005
422722374
000
5622815
490
3782
000
239
237274
137471
6111
234945
140
042
50481
3448
186
023
120817
062
175
2904
227
111
167
269
001
006
309
432
4682
479
076
229136
87652
001
008
3291
013
120114
244705
1246
1227531
7585290
14593632
174818367
015
029
59096
002
002
1562
008
28135
1595
689
041
139
013
7200
150
790
49805622
006
923
8679
695915
34193
3536311
010
9302793
2488
053
045
001
684060
73100
30595139
160790
001
000
002
605
729
1716
001
51537
7603245
6377
326267
001
106316
198874
002
34420
8512
1205
122
000
12043146
001
89631
001
198731
1218138
000
000
22570
27586775
2706
477475
255
9749635
004
481
008
000
5795362
154
8269
9143422
000
214748
1898
67016
000
001
000
020
139584
20009
233
000
13342955
7011
184352
1260
8144135
7548
001
35258000813
403672
001
957
721956
000
302
033
5000
5462
52034
70494
003
425706221
23293549
1622
31353404
005
11291
2166
37257
80326
20949
017
084
86822
5671
50767
361871
2458
15626
005
8875
593
27153
1724
121
085
2191
103
6845983
45797
3669
812
169237
21901
84560810
2297
1101
6973
109
1018
645728
552962
683120
1351
54836
1341
36297829
850
197082
1224666
051
001
315229754
831
378038
13987014
055
134113
043
127
065
044
001
3760
266892
028
008
4804
033
42584
1708620
010
001
4941
1369
203795
122044
257
005
123498195
3936
18584
332270
497090
107
535
058
000
13781665
005
5360
923545
009
113
45799
005
161361
080
38500
084
000
000
14530
1322094
765090
2707890
1567786
3691090
092
4987
426
52840
230330198
15840
24162156
001
005
18761
013
253852
011
27760
276398
123042
2717
016
1136717779
002
002
1168
6556
2030989
289679997
1482
015
050
237
000
1494244
3918
096
002
179445
1857
11574
216495
021
2945
406497
89762
381
291
236
014
1591
052
210460
504146
027
1027963
057
650
165737
011
654018
14783330
10362453
3661
010
27681
12869
165617
005
59452
37147
2096
1360
000
8685
000
5567897
000
500983
349520
010
5069
2349737
2116
1636773
787
033
359643
012
38506
6793
000
001
3994537
732887070
004
082
364765
2603
490
39674
001
069
1249
1723
000
000
5016051
001
1963
129
140090572
009
381
591
2837
1249
11160728
71805
010
001
1193763
000
1001
10266
29431
1137
7971
399365
484
362
9953
31061529
34278
35756291
1880
59017
840658
230
029
4998
001
71947751
028
399684
50176
8267452
100531
102
002
189459
002
318
5462
337
013
24320
3647
319790532
1687
013
134114
1764
128957
3492
4491
037
411247
013
002
359917
654149
157246
791326
173479
1948
092
11422742
000
013
3936
000
2423
030
003
5833
006
42820
001
198
295
21413
002
014
73494
106247
001
27218
266
008
199999
5642
2725
169
001
2313
546
001
9851
701311
2012
001
000
270514
6875
268
10795
3758
1328722
1095
1795
1952
303
012
002
2082684
006
001
000
047
150594
040
76582
1174
468756
1569698
48490369
5919
13873
007
205
32831
93090
052
005
16113
58856
042
001
005
91550
43951
2647
046
3299
89200
6189
124966
138
7534
044
066
000
6271
674214
3362
918106
21524
000
005
605650
322
1224
189
734116
65751
217579
158
194
792
279
011
1055535553
2659860
014
114
014
2076482
3322
000
003
12417
001
042
7303
2897
001
009
010
43357
001
9352
292
21335
002
1910538
005
000
2369518
37135
080
8912
001
20951
167277271
12458
13164023
021
6890
001
1917
001
011
6513863
004
6939
648
114
1246746
1018
6709509
001
003
80961
2157
958790
596
54030
005
2950
577338
675
282831
040
2339
3290944
021
23899078
039
74050
29754
506
6269329
3238
33854
70639557855
83123740
1181
62040
029
26643535
651719
000
001
82661
113
870921
642
001
2795358
2213
2106
182946
005
211748
113698
14997
028
176315281
458346
24830
006
1594
000
7740116
21288219
000
5285
000
011
2088
4029
613623
57776
932891
001
2480187232
60677834
080
112484
744
002
166981
26836494
448
013
23275337
028
1797
000
8077
11948114
145871
461
423
190496
2313882
002
2075787
30225
005
22867871
2535
42132
647
148
8390
000
3878488
030
000
022
000
242
003
35779
167
16388
001
000
4517
3984
19304
75075
103
3970
003
4580
13376
5793
90371
091
4346
002
007
1308
185
45647612
741
62638
67213
027
3873
1053
1313
222
56745
66290
34936992
3175409
001
28622
001
416
004
653984
000
000
102487
042
47878
048
4327
392902
22214
5375
283
12308679
161
000
74686
40384
7644
52220
1112340
032
220890
1645
1470144
333
029
353
713213
004
107
3635
005
12579
278323
029
336
3960
20127107
032
1948063
000
692710
22841
2079
184
82195
1541108
12183887
4120
002
20999
003
4083
460
000
009
116
047
1156121
1017472
33212
2978
575
22164992
3352
3050
4090
6106980
160467
024
1733
383
486391
3078
212049717
006
428
1018581
002
11853
003
136059
479310
000
082
143994
1018082580
001
023
4042
414
53432169
347
000
000
972
621646
7771
001
256125
40644348
4846307
365
55438
16972669
136089
1573551
001
120599
3705
27174
20172
878177
746
091
1162
5053956
719
780618
001
21229
255112
002
047
29206840
161805
287
294950
013
314786
345
7732
001
409094
24821
335
033
338
73123
001
270
3277
98163
45039
56237
92546
163252
21646
71802
241610649
088
8365
754012
165038
116
47167
222
59556
016
82621
17660492
230907597
9282
090
1146
003
12510
1580087
136
4340
58564
6541898
125
426
45171
004
058
8591
8465280
270967781
15608
001
045
1157
332
003
1113
395462
29788
5270
21751
10660672
6306681
013
2975
002
033
1895
5707
005
1529
1518
515736
5244
001
460274
61945674051
491533
035
1464995
211443
678783625
1256
29501
9148
001
238304
437
1982
000
357
19929
000
2289
344149
241412
008
042
23908
857177894
003
25164
5872
541338
086
1306
003
6701834
3956
341
5018253
176
156
13665
301007
002
014
8324
023
002
001
10301
000
000
017
113
431
280731
001
5261818
000
1966391
037
2833
49464
028
042
000
003
198
3213
128
616
10792
8640
001
33893
551581
132960
1422
2774
038
002
3810476
237
37545
11956474
1394
175
357
241
005
19355
32200960
73586950
48389
2524
4784
565890
928309
1946
006
31411
103
531
1546
81827
083
016
602351
243032
22689
008
283
408
072
34029
045
3457
1221494
10843505
4672
29421044
001
98848
77959122
109509
431
3182
2785
4357104061
1150757
37254
2548645
429
4196
166211738
47702664
14972
47132
87836
025
000
001
001
017
1111
190
467
006
761
012
3599
899186873
001
298
22598
1347
2191554
254
1114
000
009
009
2601020
003
134
3391
8023056
30857
001
004
001
98885
2318
3697642
000
58232
002
12487
446052
145607
134
13117880
1521
213393
7640218
517
1181
148016
2133
014
15146106
000
204
005
3701
018
2029083
456916464
453
009
10367
3346
1388176
969037
001
766518
002
258712
7692
002
156462
002
3403
603278220
2083873
1902
461
35064
22918747424
006
857710
159
1830
003
8756
14386374
1089
50362
002
2999994
52646
87694
101
000
226767
36041267
009
10280966
019
1566
7186
749
001
204900
5479595
1873
888
151565941
8904
4185
000
118
18108
155
381
039
7475
3873
5306
000
8367
022
40603167
9048
4770
31114
26740
007
490146
006
000
3970644
009
001
30969
016
27366235
332562
086
1428
008
40096
008
064
32829
30222
31644
001
002
000
1009
3827
1690
7281
780
180959
6835
614143
030
88194
030
247
10925384
600372
13453
8116
13302
095
42931
19312
060
257
272361
543
996
003
3858
18651
7147897
000
000
48249
2471723
605
009
010
495219
62543
557637
48024
003
2230947
294984
114
267
036
18948
135
6358271
000
2087698
35728
107
2270487
50035
52031
168103
14635
105222
23350019
1392768
1817701
282706
17909856
2500703
20049
073
562
005
002
16655504
001
1551
005
3187
89271041
2621
002
135686
44773
213957
10831285
1827
993
1586
1203763
626593
29940826
244
356
4290
70582926
1313
167206
2005
1093
007
120
173666
16749363
14234
15507
38345
576
011
076
53368
001
2919975
643988
088
338
1640
25119779666
21042
1970989
3550
007
8663
5050638570
035
000
9245921
000
42644
1833620
8237
022
1668597
004
105807831
262834
2846
357
312164
14860
407
26109289
002
011
000
1308
36670
17403
000
8411
789
004
166346
002
017
623699
008
32952055
000
2319
53348
092
034
4739
28463
306
000
133365
1849
000
005
23373
71781039
001
4897
268516
932
004
241
006
018
5430
189128
20243
1941
006
003
15089
076
031
257357
008
603
18021
7718
001
18191256
006
216048
040
13518
3093726
4808254
002
004
2608
002
000
8032146
1930
001
21094
1013914
613
42506
562
000
000
17252
015
978350
000
2128932
613410
57921
003
160
14998
110
670691
4724
26210
12479
86025
000
21217826
4253706
301810
68178
000
95857
002
93326879
1094170
18351
006
1776
44925
1293774
2496
40650139
278
29307796
44087
793096
40216
023
166
637004
10437
072
002
426
002
007
032
1268726
014
20765
232
010
16383921
1713
025
3848
5990514
014
001
38528
904353
000
573994
000
1133029
75240
000
28555662
1935596
007
45973
62248
601135
226890
505
251
000
679
1444
10784563
14342
340861
508383
108
001
070
081
13856
031
53624769
1885
942
351
604024
6707
923
69041
004
110396
606982
144461
000
716763495
000
012
1641
207
588
46978
2097
12816071608
55115
007
262247
005
000
297628
2975
62449291
109
233082887
000
586152
362797
316
1264
233
2601013
135
2404739
11207
024
16693
4881
50601
000
137046289
203
001
108
397
2087497
68122
3939
237
62135
041
11157
5983
9182854
8337
001
112
169
017
433336
008
22866608
2605
337
41126
571
1028
3043481016
233365
110
247306
018
13511
20930
8358887
366170455
193497626
635048
606081
001
000
176
3332
015
053
067
418
41285
47931
280370
002
50982
389
001
3584835
000
001
252
8003279
618
226
1172
010
374
88915
2757
048
000
003
4013832
154632914
10833
85095
155
8601
000
1619
11270542
125
23005
2666
056
4932595
376
1466862
7249128
668
11563133
304
56630
082
11486
499
001
18847
000
002
98509290225
43136
279
123833
500
002
000
109888
7521
344736
001
59101627
7210
41307
029
028
149
43795954
2851
12633
20036
001
665263
000
003
51665
853
006
3054
45611091
756
002
101
270719
507
747
20402873
006
44081
210640
000
1674512
9775
005
28125215
016
174437
23697
2405
10968
005
50695
1090
97678
1333
1500521
032
1548
001
61512
264921
027
4819
228
4172
114
140
2556043
114
7324912
188470
3167698
2514
263159
309636
240520648
7946868
289
006
7837
1633
001
1405
075
1566
8521
991
59319
446
002
002
18702764
030
645
13169
077
504943
1920626
7675665
107
988778538
082
20310
255328
15025
000
76216182
3902160
003
022
001
106
833
149950
242655
679930
1445744
016
2822718
266385571
013
1398
121498
50936
006
020
625496
209686
59853
44810690
000
024
002
32888897
000
413355
973
15570
001
2355
9700
000
30361
023
58508858
053
000
214191
002
066
2113
6986
25957
1605
021
3549
000
009
83520
436028
271
1096
9002443
209040
404
2665
380
388523
9973
101988
16219
168
370245
740
1437
4890
8140
161173
7882
001
002
000
180109
021
002
240020
4911
034
000
919088
4978
027
84463
009
316618815
000
727337
211329
000
7122
18428
586
757
054
009
36661679
812056
015
000
065
008
010
001
030
211058
26287
029
093
079
269349058
209036
14439231
037
2246
002
162858
004
201
002
36498
000
12237
160
37878
12929
007
014
001
220
005
742482
33050
9027
199109
23543660
868
246040
002
257468
1432
10058
1589787
6342
002
000
81490
16274
005
001
6042
001
63076
054
008
8960
5221887
004
83209250
1533428
361
15041652
181878
38099
001
011
025
024
46475
020
26919
6184
5516
001
12058
43396
1921953
3105
292
1922
707508
001
7505604
009
000
1586
89672
758
28963
39087
6935
1144
657512
311
127606
2289
6324740
161
15779710
003
004
36645
002
847163
003
451
2433030
113
270
17344
14531
007
040
010
145869
436882
000
510512
982300
1734
985
906638
12726
009
28948
1682
481585
007
1036
415283144434
119
001
1482522
22741988
044
057
1300
432886
048
737610
002
99440
39981256
2717
32870258
082
007
3120
20283
000
007
000
000
000
001
35275617
338
133
12079730
017
015
41488
1024632212
128328
1786555
003
019
173060
745
3178473
82708
34981
035
2400
092
1417702
060
31972927
375
148
1022
3483
760
001
40195
236
23727
003
3689248
827611
9923
000
009
000
000
001
009
028
1382785
17582952
697
000
7593830
673187
2494
45908
39034
000
15570941
615080
027
6274
67212
28571036
2675501
12419
4149551
028
884459
001
1614
019
20080
069
096
546455
78456
055
6398
399
11206
1773928
011
13653
198953
028
039
8912283
109
000
11562
013
442503
13270
019
005
246484167
242396
079
510
205
000
034
2543
021
2860
002
1689085
4505
1820
023
81154
002
980
44940
136570
001
6741
1442
014
5016
874866699
028
331
41445
41002
535080
004
57769
390314
001
015
142632
086
007
433734
9630
170349
262560649
304
6733
75169
018
059
015
95636383
654
1819
000
3147
3511
017
059
012
184175
1445
188184
000
3928
1705
25685
34635
9270927
2816
50869
3149370567
2312
303
21752380
013
000
016
1428
014
4503
122469
4374
004
4235
2399
36959
8031
005
018
6658
004
003
298321
3940
21448
013
391348
003
1980
588
473
433400998
1023
13797801
344
109804
27090
4154218
002
081
4947917478
036
002
8218
120
257
14555
159056
275466
271
10306
72222
085
3643
907
000
918
018
94017855
041
28560
5128
012
8642
799
980
005
022
1494
004
89545
709191
000
974037
2421932
283777
011
012
447
009
190034
62221
029
26819
50251
825
7429
018
1010
392432
002
201
5874799
15954
1087
6724
002
4215
25680
1215506
276038584
5693
820122
1247
850686
1079714
232454
10439
003
467
006
031
269
14043
007
000
006
2036
27947
4107578
27303
343109
150675
001
1961
5176
7575856
131
501
578
001
001
1057
238788
333875
13020
250848103
1095886
138519
2640
017
152
4583
79422
6134
000
13500
003
1299
520397
50307434
24956
741
007
877182425
202461019
048
847643
2959
012
3257515402
002
339
000
010
494
011
014
14218
903
001
040
20506
546
3710487
25254
002
3855
2873
2772
2123
1275204
586853
121309
47419
1288792
344
1338
375
608
8453
003
002
476169
005
282375
3356041
003
001
008
39460897
255221
4478095
000
201
219
822
163419
5552
10006
11434476
173366
000
004
1323021
001
589
30930990
68213
13880
540
687812
103879
000
2872
2137
28658
15043681
002
14169
055
134
003
10109
163133
133826
000
2748648
000
263522150
413487
5839364
011
070
052
146
005
3848
148898
091
493465
815
214895
756
577658
5066797
111
058
5253271
019
081
19232
2885
54859
1001
014
1684
1952
2050092
731
299
047
165199
15532332
026
004
159042728
022
296077
4496638
090
87545
473133033
764
009
174400
1398
127870
016
057
37067
4063
39425
2262578
001
1824273
003
21235466147
033
2687
110
110
225849969
611
243849
4281
52570
090
2338695
113
3626
002
13544
003
4547724
10434
1084
7101938
190
40899587
000
001
2190
621717
076
001
025
001
757
001
9494
000
486854
6456
001
020
002
207
693837131
4076157
000
002
10997
6140903
006
19979
004
1576
159
008
622
040
7235
24584
001
002
003
65378071
124905853
6209659
2139754
002
7428204931
36663048
019
005
10978564
13476
63664
000
000
001
404
003
3744181
240995
3113
336246
320668465
1454
161694
000
19673
6245499
96728
8255
4948930
74426
3814856
6510
004
5581
1747353
932
18410
815
8316
1501547
9983
303519
003
258174
229085
1839095
54285
102123
102
17201
6880
706805
809370
22543
2262
2482
005
008
46700
052
210823
000
048
14183
001
015
009
018
55830
000
093
006
745
296
7187
221761
12161
6505449986
947288
98219
004
221884
136
19321980
441767
231042
004
473254
320
421
219715245
27709
153210
043
1677
000
1931
001
000
2535
000
194143
9210
000
721062
3443
6494
199
104213
58725
9819
15332
003
001
002
532563
362
002
1212122
12312
14867
431788
17862
015
2802642
005
045
18972
1144
017
417327
101436
11339
000
1071
439
064
000
411553
575220
57009
8727693
2671650
9927
13134
6426592
1424867
209838
140298
4844
009
3531
619
7848
895653049
76388
000
903
001
3262
56215
004
006
729
285683
110
61700
061
543475
13613
82848
255010
003
002
191063
018
450140
523
009
23475
75608
6190
1822531
179
681465
11630357
15826058
042
466
304
001
216267
127461
116210
44462
231771
10336
2252119176
1876924
868
004
627893
5346
8875
011
036
275140
10799129
3571
179683200
1193635
18722654
57735
69442
020
003
035
001
568
032
008
022
5321
008
214130
1941437
1257
81518639
14569
4414
157235081
035
415029
45764
391
017
6773050
505
3019
016
108791131631
21323448
064
143
031
124
000
004
001
049
5128
888
4782
058
2711
068
003
242264
1041
078
000
000
11438
3607
077
1104
1665972
004
044
352112
12542
10171736
109033
1212
1328
6880
000
9818387
164
3281995
6894
711
995
2407
000
000
12950438
002
005
339
066
29087377
603329
21104
000
3373404
1106458
627
299
074
1854892
142464984
17443
32487
015
748
005
44838
145
488932731
3280
3186
187048011
69002
1159
10280
32356
249
006
040
3994659
011
000
2351
000
2171
20188
40212
17151
8288
12318
212
009
168
005
62433
219096
389
12171
002
125725
326
4231909
1487
131
047
015
35464
32541874
007
28251973
24622
1085940
248971
063
6020
31025
17062
004
002
031
95869519
522975
7767
172663
238806
074
002
003
788421
4069719
242
49664
3294
000
34983
056
4502494
21083
005
370313
107
001
026
8100
36758
3091
2133683
43632
278
001
003
000
032
1206
56283
001
36118
357
000
003
67909
8833
33692
182203
014
001
019
8720
450
548
566693
4562
300191359
7116
000
294
12196
2461
9056
1158
33085511870
018
000
1362
019
19471
32116
147604
126
772
186
202
000
279
024
3569
432
11262
2309
2829
189160
2728265
14074
795
9769
96156568
16479
506
003
67274
004
006
085
8368
24453
004
630
003
009
007
041
400478
016
001
001
370
117
50378
980
64571
018
20356
8655
176540
215
000
575012
884346
001
012
85886
003
40249
001
464044208
49852
2569
38632110
2264
79831602
7749
5093
58312
000
002
233079
000
008
79724812
71724508
189
1462176
3139
65953
234340
181
649
409864341
12542
002
245
099
003
688
002
1145
28461693
137310
505
131
10707
001
109330
000
005
4077104
001
632
987192
3546
003
002
000
7604
4357
002
329
431336
071
072
143
2452
422
001
13851
2310
228
017
136329
049
24618
008
527
524741
14993
4146290
004
000
1811
278860
5569
198896
993487
1782693
000
3965
20242
001
515
7710970
1740
061
36007
13204
59882648933
65144
66355
040
442288
473141
002
2989067
70531
96541743
21548
3238
013
4697
2906
142
62587
000
003
20553
636793
107140
38123839
108938
001
2305
6626
5685615
011
60421664
940306
002
5835
19715
034
289981
2270821375
1451
1098
6393
2393541
001
125
724910133
11547
111
2375
50188093
000
1433
021
6622143
647310
145
17307
118716
000
114880
3541
000
5030
11965
004
007
000
2062790600
903525
086
9105
144721
350931
004
9470
95557412
13156
50592
006
000
148290
429154
463
1565
073
1090051951
686755
1963214
8365
8884885
069
396062
014
141472
032
34250
1791034
307
095
2896
3645
413
6269653
000
2579
93908583
3994
203598207
384308
4173
7126010
000
4913159
1994
005
288982
54512
33050
293704
1841
467084
856021
162
844120
7025408
3102622
005
348763
2249483
45214
207674
5268849
044
955
5812
029
002
2824
2168
535353
3695
166603
575
009
18354
1672
041
84964
010
006
037
001
1092
2901934
2190
538997508
1003
1290625
000
74351055
187811243
005
006
52447
000
019
001
1454488
3402146
899
263501
027
39909
3934558
4737507
010
481654
11450
195
400740
120458
101683
614
152842
024
003
99194
000
3617
1177
812366
011
7733
635
1019232
368873
286190
105
012
005
001
017
633
003
22050
3064105
22294834
1382
002
10848
024
14798814
000
275
081
010
15740
000
43064
49823
020
39588
000
59204
83208
164768
416381
220
168478
001
1482875
308
190
001
000
44194
12287
000
540763
107
7487
30618
4396
053
019
1313152
216101
66174
358
128731
005
068
36957
1375226
44204
28368068
159
1970423
001
7872840
779011
013
457
1130263
36569113
000
6806008
30274
1149
003
19510
13117907
002
31942
000
5047
600
022
388986427
509639
10032
003
003
13958
13913
56413
15136
9431
26610
000
1149
242396
10402347848
446960
071
353
005
000
1429030
004
863
183572
106
3787732
30364127
717691
054
013
333
001
005
15636595
57212
89052
000
527
5249448
1858490
589197
005
110
240
3829657
120
2894
5358
002
80885
3592
012
030
6219
20846823
1079
000
1775
1144
1233
002
28439
4953
024
3704
2546
4855
691
224973
16672365
530
293
13657
011
10810323
34570098
2360022
11456792
000
526923
001
049
85185
69252
044
464180
000
1195232
009
003
703
268249
3381
15580
25659
15881
290790
000
580
182763
1126
17628678
330547
37222
87668
3662
15855747
931
319636
028
2325600
1001
3199
101543
119
084
40668
1856471
34620
034
553631
005
4649
1322409
266
004
059
062
011
959681
23880
72893
165
1279
1748541
2275939
004
22353223
000
041
126951
44032
33895
151290
806
2417017
003
419
034
1425973
27813
029
2097730
403806
2343
611
075
005
310846
060
303
122
009
13394648
009
016
26970
9903207
012
005
1132
4630
001
125
001
000
42904
416520
30228
