751144238
4249725816
1171431
1002763
6629693
376529056
32218
3656073
55489993
320852539
909127
43106450108
22870857
16115
19194961620
23430
376204785
52875401723
30626
52336227
125277
23270
357941
19099825806
1530538
470
50654
22666380684
2052905895
22462923
18923
226081580
17692
1299571
1095990578
760
251462
1806
10947081528
1001074
139542239
48465
508839
19992404
677158711
6384791709
146561801
5341
44781339
21043
831318
52067998
1789
108465
5530771
21007364150
973431
051
9117337
1845964
498453
40115747
093
7951811
58491052
484364485
63017
3599368
104
21903
702249
156276882
28461966
206512
9957
1177971
1988800
7426620
311113
88065764
101447358221
037
127763256
921597132
109370
069
26080
23951
30693321
19291140
619537715
15099
522915378
5346173
4869900148
18237
71573
484955
79144526
123923304096
3834012
114983
712
98095492
25127342
16601109
11161199
799778609
4344411
864671394
46286926
21510
6362
8906488
5028315972
39066874
638505644
739
023
32645377
21908732
097
10967602
27203495933
3642736
18298
28307597
48981
1706
29805
363494
479732512
1329291367
6132106804
492218
7548420050
291120
30326320
111156465
12633
46244738
3147486
7966525
18675300
487300
44199
197780
69398
3235
62220425
16989
14803
13723726
603351168
2566159
17181
1355589
7304746
2608170
77741934
1133011
1007699
81075
346390863
87956
688
10583587
659932250
67798
179733
1030984882
490
4342662120
3121
6770
1237094
21520546
1031974486
3112142
706191
392257
6824096
10230870834
99297
462952288
381091003
3762762
31166801
1251
711979
712822
19243
111
350288
6075549676
4167
74274226
1162352
261857
135262877
6169802
5017
324102117
028
74489512
999712954
246615
7830272
26055675080
22886661
170440306
530
8838405826
18179
3918
459051
108912764
29748668
23097463
13228523
158547783
3949
829417
6236728
5569
2114
413
6656338
425763
18751
154118
26696378
629
41243
60880490
3448866084
315893834612
1256
185595
17972629728
1951065800
8735640
41134
393580598
3890955636
1592
3543005519
2441
115066208
063
3701134
10659
3253150
15226142754
476
2056
16569940
31558098
188985445
1519
5139822
2333720
9930
54764
32143
8797
438583
58599558317
134210013
12618
23323438
551828
631741
015
11634917
217842
2674
64789
1801705
1530
94899
932
22016999
22136863
22600766
24300182657
7519
6656
49756
35066315
247334930
398971848
340392809
125460028
15107380
104137
124281730
36240356
424400
46061376
1062115
10254344
90349
534983
4566911
69998
203973
18652
294136
674488
1132035
344068485
299250
42327
286598
1319638
353907
1346359
166963031
1909730220
603064716
210120729
592
1181798
21494
2931503
45336613
11879480075
382672
2114815
11408625
10659599
512
25628261
17716423
553972279208
24759489
6294539
8821
12084724
1941
11404930
132126
45885
38113385
658825
5581754
2433310
389960
39121
399325859
10964635039
334432
16824490
9309081
242
1239375
1429086
1553373
6255239
8446750
19296250
600337885
5888
2868671551
55083908
11835660
94092
2653
265796
33508
5711257
103081
2388843
4201873418
1685623546
42399
1237379
307170
466413
930519
12810934643321
40889120
33895
58462
132845865
282928940354
4770478
201482
2036951
2503785038
39529345
15500269
146708
295184
107907018
1574
9079793
28093234
212732
7048051
927
10187330799
17226148
4216099
149
894173884
3403
2517115599
6805460
63088240
466628
2600890
4379850
217
2204354
8582987
1025928
9162
5534141009
015
217482
118917384
126
4958766403
584526834659
18114
62760
1115773
721820
83927
11267989
41980
670
749476
6796213
2105200109
667713902
54775145
174
3033864968
2781739
554319182
3446426
114840
4849
156433
21473022
52734296897
689884
1225
17346849
9971268
1145419
281508
123377
807353
3005724
195518
102710
60929
90377356
2319762
8322767
1577
1254401678
288158520
1299789
682200
6430945
7000
14494738
1862867582
12261
597
10475974
1492222
37010385
62898
213305921
853265
61154565
49776573
4294
12262502
4017
2678219112
4959329
142037
10625503
510157492
047
6117053
2013981
16279393
13622044319
2499155
4046397
44329040
106318263
26149550
2871
389693004
178481
1340691686
14965024
18422398
18081712
99259
15065478
568752
482312353
18473632
22418951
258855
754830
1574026464
601450747
136
60753
2296285
212786200
1608717
148
494305110
2508102
35985
763435279
147260384
162569203
126168597
5506
621751
26178786
8951986
190455
4452061
30802
23481
79096910
924639399
408982
22975564
651602171
920954
4281
10112892747
29604
78581901
500705
102076
59815
723680383
11159736524
23115242599
763011451
969704
373612
12870
796191178
11765848
34777
57601
266822
14613846297
178354
1574458
1565678660
600
11590741
12855
85088110
3583
169966319
10081
214221255
2032439807
51195
1130806
439148
630388398
11752535
109714251
212721334
81509109
403403124
251661
135239
16532786
1425
8447452
618950
729606
1893331
32201
100731880
202968843
559
11561
118363025
2378
1604939120
7471699752
1299838776
4917034173
181140
840
102812
22632166231
1718715432
66217
67123095
262173
3547739017
4382987472
4078
382013
26671711
1427
171006773
756539258480
3297846
288677277
1003
300188
1278848200
320420390
85428755
1566852508
169918
284373605
1034
8964
15804207
534562
8531638
16950587
897063
390455
5517841
44952
57066
29339
326388
3073411712
17288800
11566293
547230
50158177
12962643178
57278718
115840
3254147
73531581814
027
1055
22411241512
45420
6975241
14971005
61901879
1432052941
4521248
113258
14477
318904421300
201627909813
45644961
10263296155
8481
258470642
1314
073
61624
13300421
10073
68369469905697
87067605
13796
5012
225
1653853249
838
239
2275477934
11515
371624
3569
133241
860
61927788
1347507
1034858
126131300
1649930537
763436
89851836
28122
33517355
193235976
10359646272
15432
75140205543
609033959
74808201
2592375279
254580039
7012839
67622
12163441220
2098
580432
636346379
131908689
5762859
057
65901911
1931
146470
25158
445694
487976303
270084632
87349618
24306094
496
77256
2083
187140
4246562
296204
87077
568273607
210061
063
15693
9570470
4737989
107
3338
2106
68110
18776272
129141642
1824
99569665018
16249
6533909039
558085332
138009917
954640315
182420
55246442
603125728
7794087
1445168437
12986118
1603091879
33007224
90645937
1190987
55830
137128535
620
1285298180
2515608837
668454
48021
33944
226050970
552
199
4025452
64767
193060
2012
2606
192679377
489552
47637
17762779
26711089962
3549140019
159534553
79491
452990785
1627732
110439656
5390
42602233
112516
64976105
368
9706
127778
9697
1361
488031
1952
7087281
24302021
166065498
289340
1861384
240874734
13421
17481871
2279832
116538961
35069250901
5751
1171
5831727
3753477
118360
27591
130242603743
4380
43960
475815
216066
3327298
153
22520115
32307493
21858601
68086
44621300
3399931
75264
14470
083
194110223
14584894
1758949254
118847
94294
1446
278226727
475855
139680484
58450
2839539
1659107
2245441
668
521009877
7930512195
1027716193
5042834730
91025
10991186864
92967
182594
119441
111964862
447447
4628018
45330398
2413337937
229442
9947118
1647981
10054850
1169208579
1991251786
500056
404826
6379653
3703139112
456295644
656703982
010
37901859
1449313
10809931843
3121215489
28359
5778671
572771
1039495193
982896
138
97151
5491598594
2803563
2589111
43962
2135
10579499
355528
10576734135
035
168127
213993
1355
26017648
7427724
4966
349685943668
24505
60922667
216618717
1039959
255473169
1294992950183
7958095
092
151670580
13805462
27668
677126
12765
100914
4989
287139
626
42412456
5406222274
10844
11199
568368988
19938817
11644
55085
647
29451
11128816
532862
35948484
6743902518
557498065
6203459
49753
2472859
2984574
85716784825
37604568733
1606893
1674
19683069
11238
223
1502344
19336987891
1923411
2485509
4207
204992
862248
9071127
27062190
23608641
394
410619
31373161
556145
135138
175789954
9477777255
578
1808826
40349
902929276
16745818
87469
1439
33903589
7778071729
1425697022
935652
228630097
3001
134780
2521
884125089
992052184
1549900
147
2214186018
508116237
56423
813
1068661592
34404932
4529691
15340243655
40547193
2427568
191307
111178145
5121
116829235
4316769
3719
11000524072
167830
107171
705080
1439891252
1062547928
670
627
82245
5190194887
536892
6603020
112723
322230
127584
4349149
297056762
677751
23376
301092685
1808443875278
312768031
74450
127262239
426479
79698792
11292584
549061
94230017
34543829
711623502
28494
16468455
16175293
1390595088
40041691152
10210928
4867
91318
501
136165
1240854
88256
480967
189624
183
22035483558
276390
18317
2292179
391728448
12284417
94281992245
99289601
99702
8146
233
243694
435607
7287554
1504738
296793
5653434
3559120
119544990
4386059
207818260
46788
74083282337
894095
3880006
225386
2472940097
314792902
1987503
194520
1849
305
60537191
114172
1386520
35448034
537265605
57144434
155032
14644
1325480850
148478
185379980
51401914
5612158
403349250
29852031
133828
24641068
940361
593110
2786
783778
678
1311598
115470230
35725919
5692
619613
455508
942026307
1844820096
14095414
9103051
8494
57529199688
787149
442602
172858
493365
199318917
2847
456044458
160160907
1166193
72776
12893313
2510507
13680785896
275003
33996
1105815
40012400
1223
263867459
2967057
342041980
266130
11704
9211
232320
5602982
890320
83192
1384638
31853840033
1253
095
637158884
482934
12813676526
240919299
16020011
644075910
282965806
10941
51885
2236465
83219
388157
701093
483331804
472177
124802485
400753
019
464762
7186560
923120
1388598
313458
57904639
2047
4651254632
17571
76747421
19870
36425
874219
72364415
16521810
119
448804
6043084
43593
83681701
4985
23742696
13776
015
2529
243630885
249951052
21308970
3425
24439923
560311247
10996017
202967
6111668
159
27716
15340831
319501200
2058518
6492102
619913507
694
1314
19741387
4707530
9683512399
93432
96778708
7976
1953024230
945207
106124914
1948525752
16101
991239065
153479
21832162
2142328
4290136999
344902
7369
623712037469
35927
1533069078
56178
10381562
4184478305
1138600
1165852
829418896
2676729277
392105
5106216
287772
15886
65273603914
16485064013
316191
13314951
13668
13790836
464676
6145042
050
1165606
2353
152344623
198441
23615222
33732545
58177
9653
1516029
67672182
1959
51832848
245040
368462579
184624758463
666125687
55395976
38800030
11945748
1083804
740897
164
10911
1412073534
2848
25521238
1641361598
661410
223614051
28368
140705
192
2410361631
5548604
30794
85258
295809
144142330311
996
293060
2882247
32620691
9804093
115406
818
3405879
6635917074
676896649
9551213
1020190
106913990
780
53769
1515373
122547375
3828099
280885986
1295083
18750
020
1543184618
12594678
32939
210
673946
4436
26242135
33966319
10345218
10336405
659676772
14314952
68704197
2968664716009
30011
1326426893
12697964831
29082997
34390786
78060051
804503
151673499
21072315
66511788
79350816
35764035
20916
377411
2739682180
65148212
10953016
10238718434
7623038
443548
2414185
526273
2506365874
566670
9957
362743
102536936033
15872
9041095
549
321316
901
15363084
444896
3318273410
3121878
5073524
14376155
248806
21781
10745
515900509
769
95783199
2574794
1246171959
1531129
26585763
9443556
117010
1015905190
1587597
980223
948636479
4771
18818448
39331335
373839
54009092
9013833
146154396
3140815360
477822
3183201
3903691
50642797
33203
172150
15965646
1025035
2807535
496085
340729
4512
67258750
13472513224
1487
11799156396
9801
15296
507855
1053075
46581108
644220
451860
79685555
73474801
1353673
64539
222626583
401
4895618
1448777
11225082
1588509335
733697
3020965
3427288
4701828
36506
1080852
7442
29463085
14962
52982443
56544289
3665764103
7083
861417
368135080622
817956570
111338084
1346
3582124193
297
2611640
666010
27421980826
604
1598566740
5262483
40463933
8536125
892610038
35332467
515592
724981
2182
149988
1264814048
52260
468835
23176021
22614104
76930212
613103
2584
28469
93915
598
35100
87500
31410559
7805853
13695149
7246959848
30974829
24486
8013012
647454613
25746483
17664057
1112992953
1830507
4111
124354
79187019
1700928
8757322571
100498335
89810043
11268
73245
942
10556
737
6151720
17668
5105266626
819285327
146292
19062168
17323193
15615000
14516406
6269450
56160
22719
6310010
100
294356
69484
76408890
41061
22151216
22826
61097
10255344
4557105
10075007
17736106
334944
978
2481167
2977449
123208
8552319
1217128044
17092
461
7762538
19720
18517468
12896348
1738522
8751213
2192793
49118655
1810059577
2459939
1935787
1463160523
21674
227261863
1987
125049
1913544095
7902681
8704786
7418060
221380
085
768665897
2437
1724073746
5194602033
6637800
333826128
40136906
6616637
122403585
285156252
2552116
8226029
1691923987
45382
645695843
3412
49735137
918453
603112
668270653
28969664
27166570
110356
7181459
2213649
6662154
5826284383
1637368661
2920139081
255
196969
1495737
179980350
252
233
104
9437532180
1631169
2029400
10020
1676
168688056
993991
067
1153
904601
20246
257865
10011994261976
1936104146
16760
279433519
187168333
120
2224263609
156153
2767480
529378300
442
445
231121338
2232501
987601
867315
12419004
326060790
1475080
7486105
8941
918083
685
16336
58344
2442
1029557
5187513
22374367
70516971
25842647
698766
511729474
4643
241336437
1385
820558316
241870
3114
103355790
5683324
2794618153
61868203
899513
306275
6939762
844812091
82708
408093
15934038
2495854
63254
8322596
112954
2766
9376
34687285
652645
28736165
307506
180846
22846699
13645415
700715
122
823567
77866407
1057546200
1171514046214
2380986
4173
1791578
216611226
154745
160724011
24901856
549992845
19506
5681
198271
28737730
351289
524169712
24014
97890020
11070548
2995
1935038
1534
3546165
059
89559645
3431356
1442579791
191926366
3425114
19342426
29815
3624110470
33597
360112
501
48097
2468247
038
31324
137499391
355433771
307613
3607489
856657222
12796
1977266618636
176320389
153365619
543791752
178448
30303386263
417777
70099435
59370693
301429853
2007983477
32719612
3519229
38290
42580939
3593234
60607
386
3604
8008735147
348953180
2463
1191975808
2806835
228060
176
11676
266721172
18658419
188784403
40950
530104
3279242
123562
407618
373339
974062
763
761108
272759611
18915779
2177933547
2735
21663
155114
9230454064
961493274
10790913
12127896
5667546
95082
918923
5317864
2187311
204
78841139
1260387708
94088
8361
5333
1527710
132699839
16593291
489551775
58296828
31165801
53696768
537095
8260077
1634
2088482260
216801
1587610
32394
1262063
3327
12459
265513649
4957244185
1010227
1322821432
2977399073
110188448
4210963594
1072915
10130339
49314786
15989799
8537164
82712030
355940
2028309
6278
248187
163
469412
99916
1845059
2400
137576
071
315797446153
53157063
429930136
137307026
46581935
1563
81358
13349635
1418809
158992
1267571
55795115
115191830
16655
730
7212
662
15426371
343217
16148956
734556816
463137961
14124
344063405
4135
867
978670855
855592371
7284682682
202616838
1877429
947031
38883162
2310858256
38603494
229424
23779902521127
301
372869303
7350
105003
2643477
3115074
2648
4252782515
16613027071
828
15869
170408834
36231346
2091765
30158024378
258204
20037492403
50842
50721978
26267
72373668
558103360
292004307
18426
42907935
833
521104
342932
10805571
290151089
15187108
1538009969
157426
24244
12896273
5520209
35413
16599502394
458421856
218599171
33792456
1180662
509169
020
3775295376
329763
588741774003
575138912
32592
272086
3509
329
5315418
731498984
236476
488546
195925407
379157
126992
21008
4610
4854070276
15819
297219
7931191
20227622
2344095
7949286
352295661
3302060014
33331
1771717
669045384
3021025
668
14249
2879432314
773128
548534
4158278190
46527203215
246
3317307
22886610
700635
40250888068
3901
1148701
30366770
1005
1547717
1358891244
867064
1777704
2242127
10023280
7372735
81889
14324817
129493
15679
40955728
41718
925423
2843
3007013
4371399311
2174648
3111372526
355194
1069
151767762
5414812
70072
304260613
286
47317616
163147590
23489060
12277210
162492049
1746873759
1079
1930
2902657
258075073
449829
80555
464358409
553723
18056
485703141
7182109
13446974
51007
84573461
985
453323
3994401
42827430
305
496375
161989
307342
538706
5782787
5897820
198970554
8305
56434
9931595
1229749
65938181111
58265
2417708
1634665
67817556
223313842
091
470189
3850869
823
78029052456
4652
423422
1898226179
2311
45676
52613827
41450
221894
149140
4802
32183965269109
82306302
062
2855457
13887731
3466437
234452671
10783762
32767
327911
3452
2102620
41802523073
19568090
10101
7939919
8100
4378276
451487
4785090833
76700035
4635836
73292049
44083565
444
21840
24709861
26071
1719
14413672
9882482
1438619
884339273
2573568
1315777
3122992
89197115
6054424113252
44556
10979560
141811007917
1506324
2336942368
322497083
79644808
140365478
69034568
2639024
340528399279
1726258629
1022969
16532
306011536
2725
23448543
214801852
98510540
4473
1573918
92178
151754
112
533283195
1582865051607
104942948
15596593
4455710
117848177
8289197
82909102
4645
314402036
209869634
2507
9253324
5992
2023373343
5867
83891262
14543
111772
768008
21681
025
4482916
142796053
283283567
17303390
1213
858755
3926
441127468
140
1137010
2140108
3070262
240598
154735442
1379123
120782
11822281
70705358
449880
909
56115606573
75669651
12516
2943199263
68533836
1406863513
7926640832
17701936
9161184
268283450
11974129
2510203
513011608
4035
10613095
2170
135577
664
353706
92684987
646148
85687750
58744927286
8654422
643
7666797
12039862
132625
11324278169805
10262
122
9003
137652579772
13198
454466703
51443
1334
86358292
196124612238
2050
1228423016
491830
49318
1946933
7228
164072
13408483
3221
137979752
259381964
1118127
234046
686476283
081
15308
1715
2641461
132775526
3615056288
505518
42208
11911
187
423
4074
1199209252
10865213
56987104
3416
1835
11988553678
410407941181
16976852826
1300682
3019
1181115
83918
13670586908
619587309
157
237582
68605
63573438007
744523
134420581
7585126
732362
1254574
17517
1585763
538088
8817845
20654942
2514
2939979
164944
2284623523
4448360
36717712
420200
94067754
3285247
5274
862457499
61057
1526166279
245644759
36273900
71732702
7222772
232599
233103
035
33146302
3121488
710993285
26959
5754222
273830324
610716
3217
465649
13713128541
16129982
27741
109883
55828418
1944119239
1275
5038805614
1690
1559
42855483
10886695
7496
62566
583787
6368918985
32752
2021
821058
47758
18002591
117727746
78674
2135009963
6032950871
815547848418
934216
619390
1078
2273430285
2158
964154
1856797781
1900568
418148
1075885292
46105554
5980
2081165547
405664743
1837866654
16066371
9844486
402334
6286443
176161877
1082909769
32523832
92355
2086
339111
3488362
1852
636881
154885
1273779
632760
1004737
57116425
414
205250
7931934276
6030509580348
60660142
138052405
17667
028
561
443277378
3963001036
16702125
104872
56954
485969160
25509931507
061
349
3594867
49238
171343
242694
74326330
4291
270270136
172573
97677692
35301
219735
1215715
14369
15645879
24988
8146686168
6498683
26431257
29084
4100327436
9624
60888
6244481
3346132
5955
17575458636
18934
50719174
21665585
397068650
79951140
274568509184
8174907
1659087
19933
58879
23444464
641703183
71585
22525
61909458
9591260
1923086492
808939185
5655
549633148
1670494203
126640521
4780937
6690754
3859491
7902630
16628
21280180
108098094279522
37285631
10394560667
8250103
75509514
555338279
993146482
768372191
3264853698
96958778
42054323
362303
109
52542
3193
20896189220
2801
623111
121131035
1479843
412196
1655
8293572
1627333946
28039494
1969
461378
103677
40411897
310274
784168
2006973
10704389
910115
578333495
477683
21720412
69420731716
829272
48333
4554990
1133506
39118208
4303259
28233
3313853
31403371
1815616
8222
32290003
228041
6170751
8363044
135744390
611858
2447
286020
14020
1712571
1153991
5809404
13985900
628225
867620
23083767
225985021
123236275
11885265
9603464071
2702539
1812
7697752
62197141
2888088
11868515853
2597909206
2365281
1215444
12230225
3707
12327635029
1400021
1072
2689415
19229323
16018486185
103712426
167582356
408298
158
132
5318135
990900
235419701
12057
041
550693662
324456577
120460
2369
954532
32154458
6597847
104988
443679995
63563010768
7723908
42270357737
60269442
3366267
2278703
617707563
15894
137386299
3857481479
10005089
2142
8895553156
63203
5609224
224683166
5385842
1647006431
398233629
145550
5113
668
123755207
158657974
30746
3347
83241
710528
4192969
139
65092265
2810662
37145014
721172581
1810
10619
279896
859538
988446
689
17585660
1372
51498
66889647
35175033
16908
24518
21731860
15541988
7860
15123072
44511
1589682
2041
1968901
2247
6885
12828273
10244305318
311108660
152737
5120632
163117
060
97903661
337
13057782
150889
13619544
121566
2851
609711567
670426
113829961
2351201
361998
64034571
2372014
116735
258956
18443716
4008
287467
326716947
991955
3412
5367079
11498988
3501
845127798
1846705
99910044
2791424
276226
13576319
495474
291884
2690
414624950
210000142
4015574
6113954
312278
5928
1660715765
11410316422
183608183
8505041
23810101
1386266
3701
078
331185
694
1410968458
51583544
7431
285384
10997
6634297171
4573
275018319
3780
11374307
29039
143311
72363
550
9321007
6592
12560466
26627159
360994876
657
14632505
152
275298585
2337941124
182931862
89632
2218164
200171
54687602
9973719
4331469
280386427
338456302612
330731
1771017
122235
2384425836
89526125651
3378733
32641
76008
198237205
2455606
109875
18280816
226847
115159
71148961
1869662
140581
46861
169963130
393633170
3231
19841
9511263
167505908
923029109
538607656
34349
14026
6745896618
16745968
48969756
3293
3797472
015
39550
45394928
5063831
42991708
163994952
773954003
103636292
209400566
123579931
57798871
23445
9529724
468
1089096
576129157
1928528
33720
1352580403
370057
1114426
623749391
871494
4148
11996
3096
37349
29104615
374721468
83085985
3247198
247995350
603245304
944523488
4286326
092
93072779
17160531863
7459
5090796
875795
2744640474
5631711
17149766674
228683276
192039
23223
1290
5097531153
1760157
420708177
11465
636376
15873830
5757
518380
11053255
2322753237
10371198
17773070
6953121
1858838
9535
8898216909
10479663766
18819555
4204112
236663159
1224745
870
5234787
311689
7574650
36008
2235065554
22560497
737932
143693078
697966594
32211
120133093
5041706
318309
2328246
142
21643
32521928
2684
9833158
4686160781
255293
355596164
2095489
146630278
390628688
94346255
057
68414
3872991392794
499302
7620243334
17973298
838830
674022
324
50441123
1167
106928
60781295
26342303629
6920
20287
2089
27909
2948126549
573122
130232477
61909
69189650
102
37110349
216571
33747839
373786511
1156
61705
27717522
16692
477844
1318
96505162
79607962
551
489126
196589
1180
7160675
294248
86833
53073542478
1042793644
161196125
23058892
529401197
24935434
022
1180304573
51440
2923736
26027
106699300
40351
96768752
10760561
681
23651466
419553
3828
16829375
8361031
6888
1004281
18251896
59271242
296096
999815
1115803468
3900986
110247744
53860304462
729101742
5382
61666
597801
1790533
116448
482221282
6496784
282902717
2145349806
48428399
2732
2903382
22839537170
1219168
7317
69107
45258180
365482250
105149
031
270919
19926470593
75502
313
15835
7532332
4848
55251
447818
146992
8189966872
112222
387065751
197
47088
96987286
727638856
15664961
6707
2186584
2435704
109674291
48664879
1521933886
26830432
19328949319
20062447
450086
2422076
86285854
435442141
3851179
868433
620442
49237403
197360
42913
29904771
91409977
430620313
1137085
223043985
1780706097
12428
5074182100
73928
9461377138
357981
1718134
499
4252249
506781553
152400762
63126035
21357
404856866
23529656
492721
18416839
2100
22199222
10484
4160491
25877642
18187071
12650857
344269986
460208121
98006
61368
137475797
2581
5402252671
90375
576171110
1953217963
62593911732
7511956
272743751869
44919491
18151229
1224489
22755
1431569156
068
1606906266
343437103
37756739
1582473257
66196
35897763
124775
944165046
58372
330891
48457658019
35994
598135
1931346523
026
1918
2087127952
70797989
32130738528
8877382808
330523465
892854451
495
20372987
5483858
110256397
738971078
1259030180
10726422715
173
774644365
2159007
1944
81836
2128
1956715
1388
20611
5050400501
7330326347577
260050
20773449
34004
1273239
1684388
82230499
5923040
1630319
24679129
019
46089
173096601
109
7995532934
187519
3720
575983
76648
373615116614
23057
295736178
040
1561
126729961
103887833
2969329
594747
14247758
69496938
1972418
20369801
9545
1840293561
2936184
77364141
194113184
5763
4859883
401885580
22857843
448840
389537952
515
569793045
17824604236
668321
504124
1481720
1920067
27244231
394883
303882899
241808830
59891
798004250
28714436
185776763
1617823
1457560
39372
4240
37523606713
9619765
606364
7586434
4481
1131
123771229
584056803
295060
1663756
4065873
587256
149609
195037674
529134
811866
521251402
9229
570980
18775379
40048
5726
46672
67561930
74782
81439
166806
1223944251
737360
15800
256167346
4811322
548
125390
492935
6416741
888655
33401874
83232
11622256
1112240
504428
23232
6770169
83310195
125
13536032
2633823
847
5711336
31233995
212722554
5763
8854641
1435533850
134
336604
1298083
1661115
693134938
50027494
424333
32075728
6457466435
410491
3859122868
1366
79410
7876860
593572367
1562
2086244752
35136810
103725717
622
3238796
78745102
127315160
645106
13946371
416789
120236268
62817774
49149
1095023
3162
244
800908
81376642
1771032
67231
506739966
026
57624547
40951283
73820463
3137827434
2913203
6359
76536509
422892495070
8698661
254683389
306156
236831
3949029
244778
537652
2033
498083886992
9510110
3979063
9959519
36748286
91365442
29219
985930602954
839777754
4004580
267129
4041318383
1007741994
75648600
12913
192069984
102335348
589256
1747482823
1575973067
472466934
13163209354
1432
10330733
103637
34615871419
130779000
56976
467
2595
979284
4247423
850
1388
256874
161
116684
24933
605717016
187823
11237866
7079828
461222177
4831459
11115
3476
8456911114
88163
255930873069
10088
2352
22418628
3782
2553836
24846950
5745
749382
20951541
12541353
36832663347
2186781946910
1272397253
33282796
1558263190
6365101
456037
1309
172331039
1144049
5664883
40688188
119784
3981
127
41432796
029
2216969
7431903
6381178
324395098317
503162
1578643
721696
60686436
1232338
23445144
5921296
40714733
238881331
1860086549624
62539729
62384396
4255112
36774
7602521
524282
369094
417198806
6126822
115301
273898
4538664
451096909
7195695007
44173
1428437948
167791
2790756337
182
12147886
156
241071441
40647947
24058569688
119389193
1564
31208
180114
4685
156857024
146925679
9895
20265
953943
43645
286122206
24642
19592211
13018
626729351
222988
42596330
9645958
5191364
931081627
7047792
1077234
25458
326132313
1834
107374249
4860495
34194
111861
80069859
10620810
649906
383628
542280415
44076
885417761
1576
6659729551
31272395
10910868
160497112
84088062
2852151417
469500
2907172668358
334285
37360
38671
262
420044
17870
255571491
3066372
11824057
250285
30978
4868182072
124444452
426
131785956
1816
9689747
767906
90080070
106170784
10080504
511031057
729775432
117593
193
16056
142358
531006281
8532
55582
482819512
793648571
5298242
22573
12742
11538475025
287098
365606
196733196
390
788398
5529101
786665
023
207876860
8833218
11718
5659
972840
390882078
5148
863449
2615070679
10289074
344640551
141457987
5374
14880613
1953
93231
021
190152
697940393
15385
5130728
6041937
103
219
138
84168428
1860774
252
224564113
370260411
6295629
5042559
13453868
540834
588975
165442
35288
4045002
110586
21478491
87246071
16532
2813003
490464899
33832775
5647135
20813940
156
851403
37949199314
96127
697
28373423
737927
2647733
391002236
53712306
191768
281132365
18710065
014
1002355319
1295140
2449486980
467481
4569285
54358607
480356881
774244
1767781587923
17186724
700208062
54921
9000
347899885
10402891033
128035
2130811
6576157
3023403357
70493
781684
193449
4841642908
15542508020
2772253
503782681
13716460
588706
412071
1006917916
132382061
12405402042
134944410
55823
793784427
22017575
686495861
24138748
565
84739
169510527
3951
783
253914
129447921
681
510728984
54817039
1212563168
13992061
53933
146008
42154449
296248
18438218
67839970
494529539
26229132
8406
4135496
111500
103051
5381
108576921
5027762
3323892052
16278923
28229290
2652682672
5601415967
1965
4712
9956171
1601
83414
166710
11518794792
66526532
297203
20494
15857
1021201
1376227754
6562105
5454
11708054
95643927
3674991047
1316009
1986
52561386
471842
1380897559
41264
3930
12115
306387
18712
1383792597
42366
5076
137400
4252440
2323629715001
1786305399
49198256
8048089
514919
334470
1373018561
55611665
3399831
2283
426
355287698
13428587
1060
534225602
7090730
58152738524
14834951900
2388199
28846
64570
54697034
485995048
4483083
16111221
43848113
31470789
6103
2666907741
9619174697
18041
2074420
30674618
98125741
4462838
229
2222969
143324625
32778024393
2672296
186683
32776
61965130
341884005235
706466144
6917
54016
88985340
11062968619
3690149
59457
6842498
74875882
094
656200
13541671
996025
134667818
378873
16924620
11280
4642993042
862159857
956069263
1144804345
32078
26183
172857
2260363925
1108139
2198
109765
458567830
1047546855
19919
2459984104
2102
672543289
038
3973068
15573
753157579
28274537720
6594
711355462
4620591
113211
11824394
65397017
58563
1988
1707281
10001
3951068
2240330
2097727
30210
10558
72649
33946
21567658
3886048
131456
9583
1220490
4670146
2864938
13988
127775
6246948354
720294
4067
35274546
1744326
4605
5891916998
3947234
2118885
671
84188399
13589
3366931
181008633
232
208343
258
168573203
2117
752619
1377345
25099793
3372
48877
2058986
224900353
13100142087
32138628
134340100
188706627
730581
3609247
10118
446
21204
7318809
270000
2434255
3916918
1860856
2303
2711259
544712
2458335
1451874087
88400
648040101
2995752463
8205994702
874302
841581070
2550062687
6471327
25566281
186534493
1680776500
204698
1229372307
17395334
231268966932
6772473
39450011316
11883284558
55443
15835
3320044403
431452331
93847273077
1723331
1736
051
225386982389
21044741400
164948584
52498
185
874098
2940
2610431117
18768523221
87666
133254519
1935775417
39342
623321
79258048
2050264866
17943309833
279768868
15207
6311
74964
73296192
723587930
307354
220
21322
214355314
18773
4865369393
43929
71192
3309
59837
83766815
428767253
1630911491
8166419
111552
3476665116
14414307546
023
1515184
698334
2375016794
107430
2107795213
46979050
263714
6416117034
502086
11188687
378548
2127526158
25614723
974044637
300065636109
713031
3713348
5312598306
555
736324
9246330460
1373184
46337
556005108
55374408
515866
40350680
169
4583527
61640221
962
1471552179
15620932377646
035
305891252
2933027
16177
6716
6965805
10363246
196206
962
3752356
2038424
71871191
1692
954988
328498
1527295
5401
43042916
163
473917344
68898
665564
208936769
195540157
19510840
3527231
6371734
42157
22345709
1927
634442
6965
66605372
7371437
481172103
9149
13374768
20873382
30034892085
814925
2228411
13487
97680322948
2374947
15796
3527044
6764818
164008
659574
1668169
74230081
956139
1531928
12366
1237930147
187270264
270171115
12321869
762612978
9570458454
1464534246
9169
519568
18340
2796
53175107
83098
8217611
58231229
2192420
14639
712572
176646
998029
777593
888867971
30508
976606
2125383
2185035918
2650
77380568
1457
2016422
6458
694345
45682
2713508
1145810909649
240459760
13131294
2531319
570144
1285568
569152
1734
277363
3483919
38862047
245487
497022
6328306
384336
21423554
978114
3549989
167946
3613312223
8443013
36658
1770819
3395935
238312
295565278
5523890513
37379
353849240
8028
62146528
16330169
2132254
519896167
1138609179
815543585
2079379
130071
30534052
92254
2082551350
406015
1566967
4436723
29536
6798947
26910082
128924
705500683
4476598
2986629
2945490
7305523
70427
70507947
190404
2293498
4652
1808
69488319
23159
1624
285218
16953
20672
1440263089
160680738
919680
4287993765
228
62390661321979
50416
9744282
19139
4160791
1094619
10598
171878
11284
4144
17483212800
159981053
18906190687
70986064
12892677
19705254789
2441087149
507719
5355092
9361
3167
71169743
15086714878
83321789
35601
2352
1354445743
16078972488
46039051
6844858
57968304
11863312
598946
900510707
22094247
69081833
516447833
062
15741719
104830752
215035
4245
4560324935
1144918
1595364815437
46083791
17430
2934
10129
22248503016
9695266026
8531233
11511580
39942
041
632269237
86426
849643704
124623891
62507018
85739
813003
55754
729955
434
5732182955
2289701386
10066
84720
5685558
3293
4805394558
794851
3860378
951372425
58892933
2391991784
5321641
2574100598
264
760759
138075
7514955
797890
369
509
12449
6619301
21413298
216419
112250074
6677858
1424131523
9285061
45946676
2179401
549228
28955
3392878071
120250720
7366
179243346
2978333
8040289
109122
149053057
374735
5248610
4133716443
31478811
210435901607
12341939770
44517036
46638151
3414450871
289227
048
1966953500
3544101
347
14210
8405688
114201
111124
28166181
104252668
2273680
11054646
21434
37053672
2882
2529394
6221249
2096164521
468587295
3189
21558479
132489648
81871
559
4380154386
7875495
263
32529
341426
1911246218
5646903
6454827
1192671
50109023
47532
174454238
1520690
1868789620
1759564273
34053
428600
16108635
5033570
99728041
230305
27414
359055
785658503
3193708521104
1721841
9595819
3980123
519873265
19815
20090925
398988
38039132041
2433
430660392
138438003073
247130
7962579
9616072
10319
3507553
15305
1816853
5981
3206975
531
347034
123251
7638
52550974
5423
342788
4005290
181878
639267
091
141
6716281
9884405
11572765
717819
26651019
60488
1111
174
28345
3344203
9150511
3357118
1115
47317
218770
170391873
3251973
201388558
215304311
167257549
196159
543036717
2368717
190786568
251
51060
881
273
906816048
2097
9419049
5702451140
1832300923
19783
289161
30061316
135406340040
10137609
108849
266722
1043754778
15164840870
25522866
423233
7249835486
509712
97442549
585822973
1342513
93054
57790672
151
48833
8203
6303086
132967543258
187
2019158
112512996
2986039065
8657
623056
2383
7186121
5930090
1806
625076
15122914
41208030
4810748
669227025956
388316906
7983
80659659894
586061
282875104
2008123655
395117
4976797891
41899
583101
44587715
177013519
23852944
7138963
1053
2750538
851533665
54816539
8909922
47598633
637
3789211477
6348172
10530
13576
1123275
56829
3638105500
640527
114197751
444205
182480
86606066
1213
24749938837
728633
4332
8713
48811175431
14651158
1398374952
264
20846772
53683
5104151
405272516
1322753
783693
1865014
13611442501246
10494727
8779337
633000452
603880
880
176485053
6252768
580509724
765
194305863
137
2200602961
493448
3697
78404
1624926
38017
550
9835329866
2839461
1460431151
928867
241369119
11472035
28626
97509112
7291827710
133789
427953612
468679
1100
52252
619714139
94436
3911972052
28081
1761159
52725578
152101
1574063
4754763
2179181
2480
895363
8637214
57223360
165807
54805
69790671
10358276
26921257
144
1049540137
32380
163009
28918366
23297632
42412
797769063
631
573113
48441730
1688745
1886
67712345
823795
6447232
54548
25987206
377713
2598
8343236321
13310220
1670926
779543
1002174
111028702
115874862287
162322585
2689
8677024
7680198
192850341
1709052342
36553
2201723919
20109
63885720
273188
8227715
26136028
5391488
6326495198
8918966
30910262828
543137
21836
118452901
2794
1932462640
296067
12089496825
869
23643
165608659904
420162285
531399381
131125984365
18650477
53876
372160134
11376
6683919
937919
25839
8961132862
5568465936327
650168280
110949
2234774
433201
066
1316465901
1091089
21965137
1597883911
16290
73963406
50826158
3396808488
635
4696279
5155
3944503
1964395
57718
25233663
106294021673
2524880212653
59433
17064840
11242
336392
32731668006
8377393376
208184760
1573
169809
326616006
177985302
775833
1702061531
257427605
4495977
517201
21979906821
7847
92566974
37648986
1769888
156778
16668762436
188545
21777404
227
15693207866
1571206942
233
11571520
263052
28428
29549359
28454447
38406
124234
9633
24886
759780
543990
1456397490
157176399
1241731
823449
2731130919
521848064782
202839
2508110814
016
7703981
3728
371304481
5985473
460285725
4661
934154044
28304253
4937470
29799
280145210478
1906553
301458
100255
4694
30125442
20619
23119960
11464598
104088525
1415
510326829
48498826
23324551
5036171
195995
9547658
79588
3975424504
348391450
7571710
764138
43408948
520266
31896752369
18967
84305
158896690
376056068
87161885
5929826557
12414
972592
7211275433
128949172
61177636
34377
3856547312
2704124
6374889
18106469
445272070
2473
941593
31629
1123301
6262
780965770
118147767
2369
23616
84208348
17631243
161634
4329
2334
688712
7707094
32319
390471
9163811
201897492
8755800
592852
87442513
189711344
64784486
10479654
2224606
5020597
5263324
959
689115
149748367
299176290
1403957827
3489799892
9873754
1640967176
841865063
3051530640
2398
295642401576
11860461
2701417
245153
277074775184
29602
8370
3795
8132974
3110115
18036846
22441430
14511
687267
56724
533464
292505
1016295
4526355704
123301424
128995
78755153
975
1487
566347280694
265136578
5870205
7104637
335350861
199963535
1246500
5195
144721
62516
8191
115975393
013
865712
4254
5072404
19870980
1099
1845
254744
5128
18799
908987770
234271544243
2719
214837497
890491888
157
16039777
2867
139956427
199481702
7681642
24050788
5617743275
109298
171
1106919041
2289989
61813
354080810
097
100313905
16053
2573884
424175488
5118
609088
719924
78906836
4042818
575799
257004
320827436868
1898
39761940
569683364
503
50234668
8435
3182661
2843
304085
210010938
2655851987
44848526
7035145
19089
2213
498817
794
8085
99308727
100650636
7792
623975
32462
6663578
342800916
279948296
35964
5910364298
3774976
1057717
39684
53231
161015
15998224
84743101
4566070
1229
1651489
3367
1112653
32639
371679872
123
2300823
3976796
4905223551
525613248
8057
1493825
1034570140
1815550
2413494
1046531
19954788
40368
23865646
2306307
15922196
322588674
13609863
1783
2784737
2505
8932224
2913845394653
3561984548
673368186
13690
4442712945
1635
11199627
52502691
1031834764
3396
178790927295
4385719
33826
1306986
162
2540435916
53598803
31605760
30100754
5306182
11373
16640680997
42285
885
11295371995882
6910
4463322
3582251
14692690061
2035118
883496
727995
1697032
2244506778
507713262
16948765
23795069
12721026
71003902
1139118
2251
927516
240605686
7178
334969
43232454
17494
478275
357570032
6228
21913182566
5880
4288608
5369
191
6999
2296533
180005384
38262946
252593
1270889170
1112
2230
883676289068
53253310
2269
6263836
936336596097
267048
23421518
232051617
62077087
1976388
1207
1882489
184635
18739
189662
2794602
117906
102390207
14820499967
442105243
2432911
5551
678428063
5857181621
49288722
1359
2883048359
399362422
105108
1931
265
150
87457469
7334336
414
402
109931938
6734411
1514661
1010511
76582910508
15963
2533800
9073
529583938480
7122145
45322
278229460
3111710
469931
9002321
55456
1032
36329913
35228632
1514942480
590359
80613
28621582752
5602348
872465
1603
13173399
4844617406
592884
45555487
1521396
058
68595650
345
18049064884
7900
131354
7395
49743
89256
2098078
630492388
6411603
113963
1188089
16733
138532265
344199228
119824836
3210996
478531
53665493
4136320
4206836
214301363
3009598
4571951737
64673
163479020
026
11105290
11117623
5836570456944
373236
108578895
3452
6650602
99767416
6954671
626792
594593342
1588499
585599486
2261373
49704594
28727070
7284846
148832
856653
90829055
075
210
12521961
1295362
18377637
1504552
177911978
30935978680
051
166304193
83023045
2282541
10897136
299221045
060
1999273
2778116
536817
1454934250
3004873
60190
4281641868194
2772878
89946
127692157
20120882
1363842
153414
1924112879
6849616
241
203222171
89244898
46199871
911129526
4803
145364
1552931
8763847
749729208
385313215691
79337272
16045510
211792866265
881741
6202
145142196
108756686
738475123
6628655916
2822561
26072
725522871
227030369
199964
2641663
48010663
2320
1439016
86258
5635757
1584439
302509
518632
645190
2469703
25824764
3448985
68237
015
59276095
10981
2703114680
1070820
25525323
122034
853311
102316411
8241348
689306507
1057785448412
80252
898
303959527
738184958
212566
11553
99197
3793774
39177
366114
19408
1634396
833270408
2078242
22824351
55798
500872
465
1095323
8339825
690484
11743339623
1380
33508431
8158375
031
100
2506129
349442722
2599857
2746684
279032
3669247730
147242923
135073386
77344
1345576991
5380255301300
708
373590
135738
228879810
13724559
14252878
533550450
385622910
450127
1618
10148
2969241
4058979527
700991
7889103
2139578
1037139
4810172
12853
11796
949527037
3750537
557862
1158055
178570499
1830477244
548
3997592
721
75556
5550215
22871
84025828
1689513
16053195
21074757
2513
1869368
4717567191
449
912844710
141050
25133644
36744761
45770
12791651
831
1305817537
39513397
611066
37725715
7276988
155324
18753
1083710
3016
249437
8680
19270382
3330
15112264
159041095
405444
414585915
5512705
473154138
42099618674
132420612
36514
705278
3376258
23155
623544
34572263
805670321
2344
29405
3388
83242343
320636
46894
999015212
16182286855
169184823409
1117244523
7231192
8408
38601
147274172
247572471
18927818
5723372
953596
2073952
12919
883745820
97630
3269129
35619723
21244
9019605
1260286902
968
17389844
2143540
5606282
14536
14432
5119511
3446362618
70545
396021926
2782788641
549046427
450240
2184519199
14157661
3382
39585
98160067
7198
41654484294
1569544499
1023726
266068647937
111575762
448922
13999
40341581
16118829227
045
2323871
11758
16821229617932
051
20825799
2143
653338248
20265
846
1309919788
456042702
54695589
139447488
24561
788091
576198485
1849611
78983
7384
397066
71863214
37508
57490
10148643
67196947
6285996360
1010398
1087
3648507
96189
123
67631
462656
13542151038
849
7117426128
3623814
19177
6547120096
22639969
219022
17200
1335848214969
016
2513
949
1028296339
18515900
537331176
936482
11035192459
1863556827
104159008277
72248023
534
738069135
87032
39986434
1610314904
505683705
3110188
1730
514198
1131
152352518
4499
176
13377089
707199547
181311
182115
238892
21877707
272622
6224814
122716664841
2150303
530694
812160
128693155
663671
23977
1783821
145459281
354647909
1633579
2070637
94042
1403055977
1243192485
675297
9553
5476544
24405023
95132728
26100
223296068
121039
8219
91607
224
17274184
269976444
684334782
1723145
41425445
989
935859
385
2524422
351232
3889481
77892
1436685
11118
023
22579143
23852638522
2404357
52904983
7538837419
9964
526
39501389
39459212
23187219
6412
136
258
3774245
036
11781189
610913
548
1346672
176186727
28978330
26083896
8838105
6889
149927592
44494081
4284
1203278456
4075
1319435
19167741993
64234389
8043
3230
051
11538783169
94068465
257703
113
73508648
43861
75677158
760271681
16979261
87140772
26913
20984549
1505313
148334658
3875360
515904844
13180
766186323
34293564
42683450383838
55738528
181903649
342
49178565
56314717
79328
19387483
49461
13388690
1314600
306321
1268783998
566251383
12296917
038
290661647
147
2628
54556
1097010
951322
314761
12673291
5163290
2367
39069614
2036075333
10112908
2597942
1247675023
49590571
34651
2208442
1509669
1168
373965
5277
1401996
213734791
14868572
92496739
67335
4543689
42394235
367293
6913792
520350
17280417151
346952
269703
1391107106
56642289
1360272055
8068
4171500
284320
889357
10887595
6852
28254429186
571324216
9312
55003
1916234
1267289190
2267810774
9245724
7387751178
813
5731078783
2071192
150
857515
1803838
59478
16517432
148427427060
60604
6134866
12244
1219433
487012067
24397221
79318662
736
357505158
8675434
10566742
12670336309
22286060
882972
739665869
249287252
836902
538107
59718984316
2962
94095112
3962
79014
2333313
827079
289768375
29195475
2717055
748
16734703
78397916
53725
985706
3067
2033295
11338039
27499
2197831
7133559
24095
40999246
1528859
47167009
318681024
2044596
2992941
777793420
1055497
11767026
111450007588
4566904
9145247
401
1771843268
73034
64500
318
388
7454
534730
10723271747
504162068
4212
982
134395118
673701
12468
12684286
1689
320187
32567715
108253390
14650043
12507765
132925
371123785
7965
1736
5063707
1730767
7140751
12218057
96821
909070
5882
693775094
2346650
15276853
196775547
50030184
487022279
2137093
935003
29695267
1559303784
82547
56667476
64025
50478245
132207688
1520433
13296913
18352804
1779267
12663619722
16066448
234904119
1481938436111
4382
32406543
893819
29859
5632376
33950
3625969
120401706
1827880
8957738
6786791
6960406192
92971
9789656
257809
014
423603087
264
12061367
1780
292520490
20305865
20184327
69156
1733332367
44158168
77463345
47270
24064
716029
15130888
451525
1739109
38879
42682815355
2805972
182823949
1495357
770747
3988001130
2890581
365702
1285
8360600049
20708990607
2205619
6444
2999
634
25805
161211509
9968834
6022
671937039268791
873
18164
3390929
1524
17069
12362227
1629546
13001526
1901250
107108
62947
16130
587811
4538250
989712
1349300247
23266
159629
894358
98251592
146278545
29285574
1397032
570
19521131
1006859
1246495777
39718890
1386567
543698274
6646
195237741
33699453307
1068949
52229
089
28177588
30597043
11261
48768
10707900
544825
3949
75116
19074
118901442
2295223884
18198294813
2364116
8163
16592833
2089978
107657
5096
65618
10027210
063
71058
1126164
84549141455
485657754
340781
3470598
307
7522
2147
2724279
1758788
042
1320056
7407
965267492
24313349098
24084482
11537
1476
25431432
7787
654
2050699
9259689
1106893657
366863886
046
134822695
19387
5200
6103
491306647
32078959
714018485
9693131
2969413417
942851
3876930
250072465
1634
10544
4446692
51621396
709386
3821480784
132208
169331
5944
1878
3175735721
87350275
38581
12276108255
59772059
40329986
863
7187145
80444
1688949
176
44239651
437573680
593361841
876016
28226274
9050230
4135774797
2492314
4949
169455
5689252
2369551848
99143708
4453844443
40682264591
315969484
90627
2386
1212202
131541
3094
71354348
85029
49262
67571976
348137
361
510118
722555
16799334
29244
1335094954
401512
24898
15135
5072
191634
5374
80303805
591673
1797995
295759
197537
930808092
3396
208585
3310
528
662992749
19650182
6661311
15578547
1010239990
755542
23363010
70762622
275936136895
2945
6256148
799
702482310
134466
54744
1780460
25041
069
8811
5319949
2948
433166586
636
435211349
45236
474601902783
117017853
137904
19228307009
7062590153
6918
613828269
763625
510282066
22487
552472
127870
775748
72044697
8042779
331
150679
16150664
281160252
44638113
134962457
64853935
9341059180
265
257811
16901
284408310
30889354
67524
38032
1245
13036666
13330
13187225
10746
2237061678
34946392
1634255
40495092
15897162
130363
4183308853
261
2456430084
1464726
2738
83726735
45981
161508
132421
174881650
1410785
10979619236
165866
15006573
11823
823501
1954336
16549
1000878
89066127
24343
1904816
22721569487
36464
390235
248708725
25547
43469591
9933
7350
4930491957
82844937
8063
349740683
3629884097
126166914
1017390
49354175
37299
391174447
2653230
266660143
36704674990
1749472
61801574099
18340932
5541025369768
983656
914606
2134812
1796275068
1578414
1634446
1166268537
246231598
724424
1304992
142022
15249723
2238166
3823506
646007
694433072
222971
1053393
1767273559
4417011
663331983
3209
1153
66056294
1034
16901024975
1031835161
58866
567959100868
139219
102089140
97748311
3129
4055321
175254632
177398
375523
1488167124070
41991775
18771431
23425452
139
265
585860
1055929
734330
12136090
2262477
1168825
12707574
201325
6373
67269995321
14243
44510626
701936
54838967012
57831
22450
60634722
5735
1431589
7102
23863871
300
025
83578
60057
14933
050
838779
141236435
3824816
6165288
458
31481328
035
80336
1102358
23834072
263973
10328010
3545488943
8823
289142
5944396
6413
33981758
1599468
4554
496794
29100080
4333394
3712074851
99085785
3964249
15803739
1508
1140
2933748
7746146
5780099
21088841948
82931
11487555
37159
1241733
11505362
242217
1663499
93104
5238370303
9895807751
2828
90403179
400004
2496
1630747
6648028242
830900918
367284
348580654
434337237
115353
65532
125401632
167110559
108968
1031092
1983
1393
568970934
233352
4703021
8716906
087
150
5581
1204954986
25410
164626128
16325
2365583
1103430
1261122
502687191
11612389
147747
197851
5490071
91439
502
896713
137689
019
659712
30915543
073
383045994
3474668
3535073995
333494024
41671288
397864
164934465
141726833
1505425459
152685
1723458
557750056
201320733
504457422
3203485
14126141
890310
2523462
160163328
1113823192
96012282
367647
5065937
28614942
1223986
69460
53773
571045
2369
14545
662655446
2405708
83024
7965
3020
94618330781
19494375028
9287
597951
8979302967
1215503962
224343
3840093
151358715
5386
24704
37982986
660
14805705
164599762
3581026
5272603
58741488
358171573
6682
46581
326
155309884527
811320986
72708239
877759
2944
9578212
10744595
4763541
1244180278
2215034267
10958227
58851
1133033
36202050
3958163
71466
174263
1775174
4505407787
11505356
190418
127592
203785
981940166
11906
120142030
77189
3144
23807
764530
2698051092
575855690
134595296
1987518
39401533
40409
9423
6435
13625
867854
508
12679
298325
31835
48891027314
542845
11022052
3074752
63698482
94637
19760082
1537111
11697
4147940
2049497
890851
16917813
3893049027
2331208
60320581
3894816678
1596997268
20891
1760680
5908741132
1634819
13885
1953938
104311
3356219
63679049
9869042340
883644
951160161
1131539
376118
12232504
207
130284
16352
60780
12253413
2773
2593633
116269
154605925
125051
17889070
9750827
547
2221820
123505559
96927571276
76024517
881812
836
6076635
2099087
137650273
83185635189
263159629
219403077
2380538
219795080
1909205869
68314018
16437
3074544930
3782036
10691438
58470
4869983718
14107497593
61689
4786
44742284
4513756
6698521003
671450739
66675971
49160825
862031722
3488673713816
9360
015
65635
1634136340
260269398
132854
585180
8344383
138848754
1059969
8998496
13367342
28936801
3915109
1815317
937813
3403
130108833
105301
978539
20894
2881976264
837307
1961318
32426
2883
303637
11541984
12100662403
163241952
51116688
539339
635121
2158199
013
19976
32669735889
735870676
136355278
67561884
2237
203584828450
1594150
34918
8540
1622393857
22103408
10175970115
319252062
3510
9341
4162770
2833
886369
047
209847083444
32583693
3036
72691749
3792142
3195213
37123669
164500738
25028
222066
3510682803
38379
7188510
3387032991
151672
375929511
381986146
299116
13396
4572815
347019
92605716
14523564711
5581480
2994808
47676441
5903908
271817
36130
208736
21890353
457611
16429034116
1146661803
2689
120138595
873
53210207
305023
4627724150
15172763
41780124349
16198097559
121264
263348
10503410
3888380
119458
59801
11093661
11366128
41071677
218
2810976
106855338
16351282
5575003836
235954611
29675060
1023854
510628892
13025649
13660
8108
70325005
122
024
19019095
011
1610355
33456238
8634437
14700020
6297
218265219
908777437901
4584585
7328176
17307741
94348
23452046
4197277
24847661
749762
291688
934578
88840144
868
863797
1049656
10499611169
18552
1404062
169631
688282
41031419
944382971
361
60620
34443139
197382099
259707579
685681
7999
1764
24525
11196340
4083748
531155964343
111865725613
131119671
117690025
2017742865
1142901860
2222
1511
1576009
154022
32441
36804773
2478
1296315
24052008551
113196527
905582217
1199996401
447328
817857
504549777
164249139
152405414
1126218
14211757
25311
26910797
6996904278
5901736
80740
50919
756960
1277083
134662
41316
127582564
71187090
8833110
612504
49220960
1737314191
194
6079180
45911899
1922434223
44353031
229017
25964618
4591
140040
7568
2968184
1094
1893376519
1341131
1204223
23953964
20593918
13496185
19529706
1035
83138683857
540522
1729584047
17882914
6984224
3678293938
79311
1363108204
10041756199
24350
70017
966245604
80552380
40995109
10302
242903244784
9838104
194666763
9855
121349
6185098
83997
88887
7652025
8308635
181285527
1270283
416882221
11574867324
33946
121944
6088054
206169
28543747
44921
1353008780
5275547
54040
41633180
993530692980
5398585
8006154164
6179
89724
10841029
596755
40411
1361994
2109
195899
1537609
257373
563334
41156
12216177
394212384
45156
1182412
23383
64297
106195174
36780
17070197
3326
2571528
237
50627
2789443
47719608
299911884
7399
294586
156645743
1421886989
9237
10370915392
79592965
154830686
20278
97869309
197845352
80967513
160719
50627095896
3334
1495486146
479201
6852690
76122
406130
299520892
5238312794
761942
165120198
217999
10954
5627141
1287345
29161
1241372
121085522
76870
2801036
272523
1006526
90190
12825
52851
190
8301
342070
1940087
2547587
2560727
522267
158631982
7328827
17651
1887
1504683
2563
106687549
18611469
19705549
637865381
2817707963
6309070613
13261617547
240478
393574
32838334
6600
1130
23204519
1812
1041915572
830852
534029
33815
140935
895
7875372
137906
228667
1981318163
2156
822422
3482400
493366002
8408925
75263418284
5815
1470008271
22464561
3825
160781
683
1040239042
56138756
1331440409
25314230
1603
069
49410
1502553
147903
6859213
812973
20607286
7571592308
618921
881141760686
879
34891925
974677185
211
162612326
596274
384688920
175377
56795
11846826414
11507
85693992
42281
19431910
508458481
1495412
141
59622796
46068808316
894699
264462382
498357
3241479868
3239
143962
31689
250
658295414
37680
1045345
624829156
691
24159520
92953
433429820
114
106
10628
82698
5537260
46036661
2715336
276
1924902986
7143766
96412650
55821231
16258579946
1673227
214
246999533096430
49094859
146249
3197751
17563328906
083
475549
8536601
7543186
3743869
6893044
20076270
238632
111826899434
9271478214
265653
71011036961
582
1666045
819270
3074863
20573189
174476442
2712
10641972
26477230
4351227
112721788
2166647282
9819114
1896206
2354221
150377359
201548
21059096
495543
13480
103115
2713487
193981
880196247
31612872
86966421
23559897
74017943
51687787
109268731475
896879
411530
828755
48386
275140
258014059
522359177
514455970
111377
36996279
1636119
3900511266
1846445
71747214
374427826
23810
063
58008281609
247102
147904971
2994290050
3012
69622876
462048
1636578
1268471
11683
293
16638268
17055047
3181
86101
17054521
9308
3172296
753118796
9604454
5437
22273086
3571723
42796073
77667713
2262624
347020
14248413770
19478484
9384134
83601624
126639947
110799
1341148
13202694
187
6862540149
14491
3622933
395903285
2867
582628
101262929
3102
153755222
2100066
10099209
81316
3372
461
9699977339
496442136947
383088599
1647138403
5178210703
414582682
24224
5667618
864283
96044739
250653977394
3268190
7348247329
7306
2755
151236350
19969
52563314
1274
2198964
188965993
12466253
1741283
627
278988632559
6370
5083
493508
2768087
348675750
20297909188
253886
113484
68917
262774
243
1095628827
41262081
274348
2860
74781960
5717245
793565
126101502
184503
7930385
2245547639
92565975
21314
953252
42973
720893
72578477
5033
52734935
2088880881
13620
139256651
10017
130294
50757081
1011
93235885
5617743260
11886322182
91970234
4975
24568742
6600347
72627022
97481
18415788
27874019
7481157
1215492
3784
3888951
1322
10768054923
2529
244118855
406698942
2749
1368451
25512559574
25101811
779722925
258953
24412
1227720459
137530
21052092
2363402
779
15327
20274422944
2625454998326
13809
374138
333606021
127749555
81352
10039248
16699
1498129
2095183
33887872
1116
2564
618191958
549903
249441
102352
39434062621
131922
219878
4916431
2071999
2445386
84713145366
14161109
3875
3336
427569222
097
3043638
35860785
11703033
304911
20382420
176024830
4915715
255879
4141661
2798426556
7561146
5393017903
1315102
91121522
59630117
2370217
218702
833869
3120
15719330658
7079
132351995
90940452
492493473
698850234
40408
346840
320452158
4234871
978592
1456608
534073
1319446
87936275
57504463
50758302323
697182
55728
198913724
375590
84380378
19589431
3012511
19227
192093018
457365
1099
282814172
28995345
64822168
82801800
38293582
4977809
7102
2781987271
26145
34827
12786825
493
1449004
52873
12764
781259
3576
6531078818
37612
14206746
461293
7705530
247354
22927
13370796
85886248
2286
15701905
348686
11084
131590580
707857
6757540
31828
456905
26304419
782203
103
1882392
1949864310
1231037
10139
014
16477152
1308215
135100
5013614
1489329
1085761865
261831
1093538
13384648
5938617
32049
13072
4940432882
17310
392
113
105380
24760440
53931
417829872
1932824
175792646
60366282
4890946989
349005
4697493
1627
1051384
1842322
26831317
21166
936
31942147
59885036
800928
8374
58537
37786944
23085720
206725
70820
3616209
2768248377
31075303
3481019721
870309
2014066
18270
39843
022
8006709
263189762
590074
47436113
3257360
019
1055
168706057
148667
171398382
286520
39332146
29802164
143678535
4470051
48855
729175
118079
110922
72292233797
215805071
28862
173928
47491
132931841
3680494
1697
1301
1036583
2586
44155
1044690
15876936
2236
47978
910
13605114
9211
21362394
525389
10164174
1267
245870699
184521
27350
2804459231
363156452
44470
454674460
531
116949975
142823779470
6719792
1168403759
2046
2302450
87058
10306081
121295
330971
5955890512
987
8377911
251100
1294405
5971383125
1636888
3725594266
130112
39743
10785909
190182287
80003914
327582
130967224
826
760453
197596965
205498
1265798936
3775402
14096985
52099748102
1842588
10541288272
9337
36085456
5545440
5563447
334442482
556876
3196364
99665959608511
67540109495
194243
107287142
29839
3890324853
337032786
6233
104355
11064036
3196052
55871018
494625
559
1212126151
301730
522297
26912648
1584
26221060
65333327
6818099
252689
100252648358
1935221895
197953625
1614961
1729651
5242
573892983
2444516318
37208
672952
051
9052
9694009
825825
66423184
13628561
72913061
112345
226078875120
6051424713
1163131
5875766
133245
4770489
1628831318
13859777493
390547
14373
13541582760
7845
423566
779
2900416
1815273316
42095958
189242
169814
257035179
318083238
6258
526153895
77000551
13746
3986578840
4684606
2412652
594380
354119
26240349
041
155271438
368374
15956
47116
011
2141786
215237
7271711
949720
3887802
45677
22215
9291390
681448
1166835
35079846
30133
512827
357
235747030
47623582
2661952
23648540
291671
14627685
8082
1073
1615997
227504
3559471661
595049
21137980
464146347
7176
868467
6842988
442312
29747
10792621
139418104
8793559915
14449679650
738
9358989
138
6223503
37455
185159819
29459
161
16829789
1372244
164230565
949177
4888513
63641775
3510761346
4539508
75274
3374066277
21441669
86195
12305239
8157111
18128198
11476444
48345880
3568
131729193
170260780
195901122
1525639
20714
4551629
421715881
49949
114150
22668074
83350
4559101
559494360
8261852
1373425
5985525
6686981056
101133
246999256
5264
744014009
1248484
486034
11522387
18258742
97672166
2128277005
17227530
2752
66635690
13814
282691
65934
4237
7866
19291
23258
78576903
14803436865
49872651
7026003
205785
1991312460
1065179
1736990
6258723
2326380068
17627710
61841
24013629
184517
117332088
1234418
122260855660
496
68465
512032120
382
2105090
851
25411661
622511974
337626
170512
650430273
978664876363
764
244671
1107692
32977
8958586517
182803
054
030
288329
290305000
6030462
97392
288632130
17663642136
31961611285
15591350
15510074
7302990522
42652332
146341101
243
78690024
10827090
17289994
136742721
64682463
405947
46884
13917167
504889547
787208
1101172307
35149
24812567
10964850
3078875
1083821
8735868497
55741815
3006791
219730143
1154
115912285
362099
1909942
213
520598686
16958459
107985
916597
211726
12058583
3791
87658
1917687
43431906
2476198
7045768
36376449
63781780
72179113
10858362
365291132242
104994
7799219
144701577
31682798
79955
6793910
15776
59117964
24101
546771706
1548066548
1536376277616
9390283
9432388
25292211
344
5698353
4413270953
281121
9907250
12956927
339267574
1373620
27750953
5066758
9651
2294343
2491703
1804213749
66441145795
1038602
20511
32922
4762049
66825
65284
9739387
45644369
4777264
15837548
4657271
722804411
948829934
17706
176892
6832
15040
338814
26631184
9173160
402650
172166
28473644928
2328046
442
1027963069
3910752695191
53633467
1727271
159142592
63307998
518358158675
529880
10504666
2448159
410
84255237
968658
1120509
157973
548351
4872576
1172
294009
885857108
80789815
6469
6261
1422479862
173385325968
17652
1413465
11490476
126863816
1489370
283264
2167
5005194697
229117803
673060
312907614
56478
63278
11908154
262741390
21253
28322
10051589
10436168
1688
15689
50151850
19601
141
613511
582565
224683363
41339968
173
5357125355
3038
741834602
14097
2624866
565562424
1312
1761687
015
246631
172788
783440
273744
158409288
972026
2571615
652
62388217
328693994
15115328
3983203
2156227
715154
7737
171102739457
17145
1609915598
1115807042
612846
52153
1749853
23761
22209
8995436
13460697903
8999329206
28220117
3155427120
4943134
84828144
2337094051
13720157
1993
34112849
207888
1261343
1675431
44143052
1601071
108401
186926601
415137468
47154270
1976563
198411
41834
926012
6243252
1008423
1544602
6209113877
1896242456
461911
43726857317
31372
11469719
37006949910
15597046
786106
14377880
1380964
132023403215
231264655
6780081
2647991544
26703200
1402699
13990211791
4575877552
1225347
18306842
2889375792
40209
11516
156
148
5014802
330171
105597
1097448
99515
26558709
12882339
389704
185678904420
216
37323
9987295
95981
302989059
348743
98954658
128
1380
72339
1673964433
1605
47155
1498623
571425570
15340975
249
14055
79359
17076375
259114
750549040
102
44978695
759
4793062
138986001
377030821
607117
20977934582
687203
283466045
434280902
1323680
120684
43792662
290548
25152
6302900396
3984
103546
2567
9208842
9435
336105143
73174113839
1674938
93573507
18096398
1693761
284450073
806008348
891
208242332
2928
147890876
150826553
7003
214006522
348
2572699
113944868688
678974363
260540
127532
5985176
2473019220227
497
61800305
95969
32876413
999
6602419
3157784540
1054185
27307668
2053
119888160
25039956
112863283
549172
019
54244993
27309706973
12711
1320439198
62937
1166214
48354784
36069247
754
75016673
564678860
828383
936428789
683110041863
1592297
689055
11705
99451
4716305
541912
926449
130747
4154444
1349905
206707765
1150
2366936
8412
79252238110
1992354
2030989
63786764
13363477
7101
34730233
5125062
078
1514433963
15264
16608
21758431
32230
9894297901
249840782
35707
887406
2441
34712011
4782
273563
25933621
35920627
4637906
25726
31553
131
15813603
6888747
650017
1626775
2515909
186006921
4075169
73993644
35919
10114716
106197
1550552
1611550096
41981925
143183867
28407533
35678893
78904
7125222
139208842
38351
207690
3590209886
46320
800325
4228
61897808
11824932
2913485295
13201
624
98733006
1864705208
15210133
2580
2531
129387203
9451037
1222446543
127740032
10923
321266007
172187137
71084
402883
1029720
113283114
174858
1242931682
914488
1695176807
10740387
44687
385114992
35532458
13616273
57098423
135146479
19851984
61602447561
130154250
114791732
493668228
1853514122
622078681
114776160
120042
544909
26411
23415
71908963948
2567
30898388
2746
6931235
36490724596
6663411
10247
110213034
121546340
42970866
5440117946
1281657
405883
293787
273777413
247917762
2500377523
1131953
110228
4920436
199503632779
978191
3552175339
649420
409839
637
923039
8812531
9151567494
27573500
12221055
4282607
588104
2305
621530
18724395
3114
302057751
31201292
84549
1816917
1525240
2407736967257
22866604
159844706
56743336
7686
2151801
398683382258
27567
18962
968114335
020
7468949
138379717
18793391
1255
226326619
90465
21663794201
66326724
1676977
7559152
77380976
997144
167415603
6697703339
1609
16775
565
6010378
21566257
49306302
306
2057319
208237
1110252
77264331
159
1138389
625185646
27339
15373684436
124
357592
15830923
98298
7832
191223046
69430064
1414838
78226
16839547
146334
020
79517
12613762
248727092115
2567
1023969
95939545
2075736
929615
21931
20444
2629
20620816
88459889
43349770
6557614
2887
6890
23465725
2767919
604724
404945757
26498162
592902
24585985
913133
453654
4669725617
8506
269534494
6099
40433099
215570988
939429917
2761
1964
1312360
838
332
7490549268
1958114
90644
214292694
478153885
13490393
2486086716
753257
205
013
1793723
52857
318695994
045
483671174
113315532
3350110
2446
21509
4481330
145491
111819059
5237288
5256380
39326082
4139429
417
5291290506
5424762169
75542902
21896248
48542
16841157
1712
11916445131
625252406
3627597
248037
1700717
23623719
192814671
2103563
6671260621
1105683
3221841720
12129662
442632704
4655461
36513572
28227
587169796
13887775
222477
5729
785827
19930
1573
12292
148915226
8687
8272593
341463
80040
1054864424
646637
3774523
1284771
3141126879
12694
10893
190961978
3101554768
2287
75814264
014
204945802
13912076
103
1992725863
87764265
7962352
10653000
1136919654
28953234
661550588
3465781
407587
215
494517
14914741
8622177806
2871286
53057175
105549797
60781
753675
15311
113586
2241211
29309
42932825254
66829875
5828614
771834
476854238
2537821
658177
13727487
16325
382560146
434810563
22933714
152
47996078526
678
6006
9389024
3888569
70521498
4023044
16543254
340087014289
2898294
50847
39253609
530
14639338
257068489
6280046
19904894472
2328164
96944943139
700
217057550
28094465
65755
253551398
546736
259159780
83623
575586665
2635475
7219
2788215
6166160
63522880
869
47280186164
1849734
20955
38140
333691
254860756
5717645
1620295
1902398
148186346
5795
3812937
25229237
666536845
7866637
3962
89140
148225
115919
54254609
729
1410673692
55605215
17941422
41151301
1431229
2971484
255669358665
33323448
22305
80066822
2986
9327582
1421655929
1981121671
36088095999
17202609945
3705750784
76094734
24770
234
453189
16486184
106839
56369
236440
246411
2355188
4547993
18083844
760
73921653
1353431
1420
1341299619
6621
5255
21448
60690437032
11328058
69050
443342
1554
13772602
19070796
582522
61239
100
3385
1609556456
19036832554
2353029
19388677
34698
33115414
1692
474365
4613271024
52481
2666273
1312016
18991
1240875616
52819
160285866
369017492
2047692
1240617656
54957554
144798648
93799
2432697
567972
31013
7636912
6123
242
33686780361009
127622186
327603
58538950
4336974
3267
027
16430804
1166777
465020562
173
21670530482
533792554
5869517
93462
9076
26818
4505339011
1021429492
1744571
1550900
115763
297752225
903
14065
10505717
618902
8288
1808027
8670200308
101228
42328
595090
52639062
124044
600176
3239767722
22105
79578816
72923229
114
608049693
8850739
8480
2191793664
2128
86842126
9904638
1249510
1407884
578614
785628100
466975
27019021
213004
523521150
651419
248491612
1849
17718296
47434764
339994
23263379
36874625
53378154
93919
34928
285005634
8461
1251875180
21161483
848657266
258081
232720928
125326761
51102475148
1270668040
31328
628
3211762
5252159
435
146488
40740
1278008
760574387
3683293
73307353
6640325
689374
2284550
3904843542
26148
116813
2082054
38116
58687839
3173114099
1051604011
83226
43432358871
3232840
2522644
96689427
30198708
736
14427207473
3286395936
16594
13964659
1959
108207
744080
29564473
326126793
46877565
436187753
6387
9215870649
36521570650
1128061
9706166
17874087
40200932
1506
9290
3767814301
116536324
116443994
137297543879
045
19650
1071
3923096176
23049
80632168
49263833
69371059
2960
723486
4374089
363
94853852
6867
130752357384
82587
1877
150832222
13738
1111380
1909712
991870
14876649
2715476
99872
6765221
011
19706
196446063
70203717
2647946
276536
1272890004
66380135
661371
252401
3612913
94614049
747088532
59452419
3494221
2699508
1890342116
40637456
28433019
3667463
900218
73340445
1896730
1744
107846
5555
157298772
346245
425
48794171
1374209
12457
5686
142005681
177958005
7701
26858559
152734
86840904494
246
304237606
872953721
6271
40821326
1730429
1299303
594814
13918
7739
52513779142
11180402999
35982
6779
998920
7258
23926
11560
55390
51208569
5855925
97569
112841
88025
44100923122
204529573
13715378068
5420
1326178
29146
14281346
12506
16220
5586
32639410
030
1822750
36810
1982136
3262917
111584
18815
3568
752972
401
82302667
313744922
1240889
187245295
2605720252
145444
23540253
3366
81018195
371025
6785094
920316606
24143228
18998
102396
11301078
21311806
2071
189348
1056370
169
80746433
121762
332903
1235510
870026279
25795
16484057880
938056620
81815
3294278327
67751758
57486547
595
41635
8255
22572
37708280
5345
16576169
91152485
1134745
4353
9603177
34721407
1057878694
24211949
269480
594680
866320418
1521
728541524
59553
013
1165148
97995053
1340421
47024180
13105042
5148767
8875619
340624692
538563
24255286
1714390
863242507
248400
21358826586
2921
12959
15295362
29680
290272326
47703
362677
3043933004
183557
255295
22302305
368447625
1160
37086
6350
34122612
42993568
040
60572739
90546923
119005
4127671
230406985
14024897
1144790
6409559
551467
77593795
727442429
1014007
534388226829812
965585
2564
505653798
47651372897
24424
156142
17312027
4550906520
44983
2598256244
225
12202980
9272857656
4001844
1374289279
522058
3743
186503007
2194604
355
82013
026
038
059
1122
5506659503
17208543
1604590
3140785383
168918
896877
14065665
3775906052754
126120288
3903644727
169
3086
22236936
6120903
662335728
258533949
7110908
312425
767936
1121347
550031668
97784
2782326882
1502418
25118
247496
35574754
33452247
3519
10824974
108023
1900912
769
741270247
198998647
18204483
058
26707
107
630
227
6972
90488
1087670862
2420741806
3804796
326
1012168712
188033694
263551
7220537
507374345
050
5008279192
72736934
3405571
3541007
17020938
57655855388
2641464070
885004503
3117615891
4984
254828199
10154
3096134
17629
9464230
46091
256891
116645047
27997820
379620
398077
426835
2864101
1390311326
4489
1834328
138224380
444905
12900
847967976
41383846
2572
25206554
549098
413636488
459389827
109290
1778
129898501693
24377165
66303750
445081
662685
071
2573341
931639
71511
6579771
15223
3342054470
435857
3439407
87970
88385051
870
294673
7562267
267726389
7048
1771307
1283917
31686
1297897
81334621862
21460
121406
4484120
17468648
964973050
433170
34173179
86615316
780
149939
2784122416
36081
46298
968337911
46079832
150753141
47307428301
1300176
3088942
15706941
151322
11456506
46196
10580063276
524852
477180
076
4013095
1047977
8862
136602
148769
82784925
1197447
1036941017
265
2247189
597704
38202555
2968627
496203747
359474
18608400
189787263630
1599338
222211
2452712795
32832
288764
1678
765634
35361
906911
8968937
137504001
1112
5099672
783700
74253208
2144226
783274
3893
879816
5431
627
44283351
9786626
14687280
13182
90529144
4687
1522110
625227
1153253
57206300962
1742664
186519083730
212717
10380839
1735052
11526553056
786
336031
1538364377269
705696
381
32193263
86087
233629
35417904
27494799
477948804
116641
16907445
598590180
312749
15874212
11296054
452
69734
522738
13051110381
14081
95382528
181313213
45082
1468727
2601933
11414131
26662
117453
275813
47435
1463315093
731836756
015
96198443
561302789
129273743
160829
717827
2732261
2850
279312547
576065041
4488267
2142215
45816951
144508
106064281
9843
36803295
90184804
650498
23680053
14964998569
6297715
3082601
5809637
1128
3062192
5101616
323971060
90626881250
1561813
128203137
4986110
208640698
304570284
48829550
9710124
248871
1696053
3109
20883
253955
37295913
878
740
2168
778535
37038835
1730282911461
109688146
323660434
20565962
1189
4836080
1857803
2001139604
46121
1586183
405907
921
5032
42585096
4287569485
182338923
1060200
8125426107
106221915
7726024
2842282
164041
132003
922993
17151160
4827704
202
6166177
2031
257936
82106992
11835059693
141337837
58169882
10858
89525101056
19097311744
3348
3384217664
1002149
106344
3821625049246
226388
397417
038
48219
5858320
1433
106023
31425239
109283
94461
19481
15562591
5276215
2375641671
5004346
536
389552
1040212
5071729
2157246
56118154
809527316
23698747
115454805
553233371
61065
24999319
11081947
403099
1403287
13514
4237
1576045394
24142
37014807
615021247
3738
415
3965
11538475033
41520376
5135473849
046
1090281
858623
345749
922636926
3058267
823280
3500793244
82381845
234
19598
292757717
309
1330309
7142871099
42886394
961257
304444
228522396
25811841
011
2395468
902827
16063322
2864117323
1900
34567508
83997
639809
12497
1366886
17554498
455405763
9798
867001414
012
32923452928
93804550
2462674114
4569
707645
931972
78631
5658
1613435
46040384
1555528
208728673
1450593
98058770
357980
49045533
402578343
108007
29875
1732568848
124166
97769
38859899
3584650
36427777
14545496
233626
589691
3776643
337970686
700721
240192
3579
245976794
9004102325
17280
470174
8056336873
24561
111697144
3820584340
586222
24723355
246270947960
8368981
2526
21113821741
18632077
31144463
168726
1114470
110220122
1731147
11784312
270894543
36874
14240372185
6495
33036731314949
5976
3608572
91599
8493282
54828403728
1018257
349882974
3357195
104036876
83174
464198125
547389
3848356
3763
4146564
6644
576354564
866500
473388
7338218998
42876
22290213444
699
3721
138203661
508256822
278811
4714
453829
129
116716
19340
2804427
4868
55733401
88700214
1385
1887790
1286
158890
382451800037
1347733839
593
4093
32316219
74055451590
146158
1224646
209266
591045
238139
11589
107596
20043
929958
4452044
250
1165
1928
7814235351
33368076246
1121499644
31632296753
41689
973335207947
23381027414
2318
459
6481182483
1664649
7040011
831
015
149255
635896
24572
466222979
116545879
1386285
206075906
45695914592
2114027
458275092
142097
302622287
561765470
35886331
19041125
2403695406
3562053
349860872
180188639
31813
870439
293999410
128473456
20435354
9003673
9043086
718715966
2409280
327973215
3200
97631767
183323383
213548134
35780277
20411916
7529
32791865
423284
35347267
5595255116
3709588
2357774
2403605
64278
1264629
4700258
15918
349322868
4715
782804
15310298
8117
1650135
3690
408485
314536766
13395
47083
115102
96409
1281259
909929
297617714
6195401
589580079984
696211570
181715461
605
108664826
58618
16391692928
90547275
87310477
2764
69924150
1206433
2045532
216337035588
22098555
55690168
5287
1580214
546
228241
785203
087
987785699
820
10594731
3476177
438
3228916666
4209069
50304615
459851
40291252
13327057
3558207
3626496
24384
095
9965
164013728
4019010
7855
363661780
1514651
27431386
134935119
81517462
251580
494938097
3575
12588
5948007
154548
233318
14304864638
33556518
8532763
4446
579436
3501250
747884
026
90426807
25790460610
32689915
2129710447
136703125
1544042
10497692
2438039329
75741992
963454147
44535356
5705754
1108
32733303
951267
43066529
206109990261
31118526
9290
7275835
11116
4382923
10468411
8410
455967
3634744
249827923
4596103
144070520
113300
353693399
11715465
260610371
129962272
6086
351
3014985185
20638
379718279
1024913
6536611
8967488
330051853
7214726
214313208
30195
43112719
8060640603
1407475455
2541726
113612
106998
53864
43469183
423508750
17071749
9291252
60782804
1458185
216558318402
528354271
372978
6686
88489569
551885
2520599
7894
10911
57669306
5973171291
91036230
46796964082
118362672
3320609651
145387830
120361859
1956
9499
580104
086
286577
25236
3409
4991
11378758
214090
23525172
1170511670
4333163
29134700880
7769446
23519495
5062629764
76145
117869527
720699254
2007096
87518
1815920899
20365061
346918
1985
183614694482683
8408079755
10829
73361
11409
5572
2694
122159
79763
25658
57124380
204765724
363618
155558
6824297
33960
69819
69717475
2653128
148640
339
1966
4086516
3845294
53134180
2538891
9722284133
6356
611935
134657965
2336441
12099762362
645257905
711843
187637
409149
020
10248546143
852530
1474172235
706287
570467
5533043
684336
1018
040
1023131447
2519
65597
678100
865415
71449458762
83645958
8005770
153
436835490
1846309178
3372712
182886
31229
2794202467
25118556469
22412452
130567776
1412047
4324878
14041
4859192
43836
67004027738
1467675
11441677
16839052055
597016708
320140
4835307
9643446
4027473
3577
237955
192220172
8092
014
2380466
2570
1887940
3838260
8213691
15494303
34081425
2530993
21605
3839
6005603
99670
311480619
71451141
235560
4779678
8422
55233799327
44266
351064757
4453919
581843
43523
804038
32132283
10076771549
19349872
4335106350
70453146
95817003
11435790
3196010
13369602
27821551
88915271
1133
155433
569192
363485485663
36190889
9134985
15396408
1588903610
713425967
6830
921
269367922
1753821227
264332
7336377
3311167
041
2500921522
1273608
1015297186
5646779
2688
35997233
210908
2296
10992
286511662
78443921
115448417
7409822618
10956021
1288039
773
11949
109
9023
44206280
3353828
6677
660613514
273437
946
10254
18527080
813711
5871288
58463510
256535
7352
79455
11502764
383797
405082
247362298
3404759
1232289883682
9048602
032
2763254
3782054
880187
9999048
344819
26464215429125
52906
137
15082375
3488
1300423
98291529
73896350
19509
20251975
388145
645878
025
62814
19566
21767124
74066
2195927
4155088
8602940
57457631
3519136810
76430275
33899636
1787321
10801254935
2455508
136653
155960
16687935
5988
35708
422433
806979
40072993
20140
3824369
746
2778
249904
17628
116378377
20309304
1003
3205
420907
17669
26862313
133398
2588059908
102946
18832570
6398295
12149166
3549598
794
286901505
75373349
8048
564181
21587140
1285
27976546
239713
304824120628
19243272
24099593
2009930013
7249131
10450939689
2701206
69246664
31375763
065
16258
147501560
456
31277
3301065020
8401202622
1807857
413172809
4337323
41062362
84899702
159733
1693935
99044612041
2298628
102892
384175
869315
106321
982039
165067
4645624
5389388040
23410453
774982
352079
8078060
12584
118707291
373
353781
8800859036
2104
264860
157883056
15314386
1894
34986
22886
2494199
4882203
2755
538888
307045746
231572
2391917
85079
602492
244222
194
4345611
885294
4919141
1620
100315089
18721
32202872
11910
3501356929
142096453
315949739
6387715013
8188
024
4612770
217410594
19460861
46722524
801947737
304176666
069
7428728
1996390
2698
357497
537825392
637396
24761
14820815
24914626
12879044120830
15153440
83971973
5404
58762887
41193800
55830
21086367243
188953874
6252765440
49788977
6566155
18858
2694052
3320111
34521
120367154
1143
2274
14724898
68333415
399067978
16971348986
14004935
377
592078
125742243
1193711757
17436
2616787061
6668029813
281
1529475
7199189
415140
101755348
165491827950
16008037
3504026
2099911
749563350
1551
139849
386087134705
1782014
21159
543852
4711685873
1458
1338890
29343
3444225026
225917764
96698
5240761
31134130
4099
16309002
28256363
706
37119733
3676409
15266
3811521
022
299411033538
311229699
15745
73600987
24695918
703635502
15816
5849682
6719660895
10868483
16835580
384570
177
57538682
135438179
569492
1181794
38039
216151019374
2307290211
5255603926
1255083
1088953662
118892
2208895971
79966
37775476
7869
556230937
4169373098
66019
243605
66002862
2242451
1819111
4226009848
193
8954471
21017503871
2516227
135227221233
264711188
19210148
789538743
8215
1883255829
247841
287545
1100483769
22261399
25420428
240563474
1467957
195596103
697277381
5903150
2134643615
6403707665
402348055
10739
81070284
103783848
96471806
39194434
1480551817
23261
324371
1705033
90156
487
2452592
4879050
390766573
942684
74524237
1428395
13298
13055000
43259084
739273
41400356
30865
1761
36559
380
8987228
6773617066
1631714
41473890666
300922
184401359
4719
5113647758
39759118252
1390815
1691
62371514
10741
21945
1180
512125874
276763258
42255
1072909942
10478
162746624
3091301859
16682152908
90730
159586391
9072966
49468
26832070
8141660
6676244
149589
550739412
3117
162
178410598
69673
3517909
1563913867
145673851
234471
2144732
11637693
14943036937
49300268
4039931959
341528
8700
53593
184
619069
87777
2213
21622427
4330850202
3143374371
3533495
639
524917
49342
2533443764
3226
212185
12969214
762380
1251131
114
43408176
21293780
3994
6008812
013
9284887
72287078
38008409
381446653
287321
15437281
3848
1970107356
2149503
94620
936
4078
104948508
149323084
92804
20511457136
52618
8612475
13484889
11765043
91370
7040
3625386349
59207401
80480122
132999
22204050
14031
668498
15045310
3159188327
83999247
2556378912
24004
1323745165
108
1607721641
7403564609
1098475
83527241
254202451
4941186662
1535
3102388823
4206956
17507506
7892
5747170
4209566295
15546
10677337
097
3506705
138271088
103465
46140829418
76717157
130133908
46444
245108
341023063
799326
9929249
1796929
645477097
3395506
4263
2201703
17811530
1795479682868
154833762
1947133
28785044
1143281
018
806925107
1379
80188
52357895
132504
467463351
31112553659
78165534
180579
7488
193295
104
8094
20469870866
330743895
14568442
150
493711
419289672
282961976
2495603688
4918
41971
122939
690448456
88903
2862878
8176705
16537
12425378
43565997
32088
26924
1439936
21039724238
260822
12427
1195512
7708063
308233
1392
6860202
3706940
11030016
463668
2586645
12481271
614008
149518629
3329628199
939199
131696
7627753
9407
835807663
2039106717
1341325213
22275465621
633
137866529
840
22275
11263376
11777404
44585
34194008
016
118623258
4137
37139
447337
539446689
201594
1518868
12304393
3812432
70990358
20995
941085
105748911
277518
7879099072
24024603
22738397
58582859
9007781
21928819866
563934
21797849
3205
318160297
733146
811967
55510111
115827
7921
9585567
13112866652
7359274
25320
255200306
83398
10871623
312926723
30950807
677041
77439
8844306
14001
762589558
50210485
21896246
27469078
501116
323591871
478341778
2066
2038460423769
18633
37642
166856445
5119371
19764510
1132726239
3918877
678934215
5756
1475626
126542
133241277
2906261
15777
227023996
328369417
4485143
131376
215164
677
68884082
8794
732966
359571
128210
2737415122
1627
1237699
9404675
2235666729
46706
8222
10752798
3208885
70824
106770
34161
6300
2362375
53305181
6402875
