241994
880
683
781
2756
13941
1703060
092
487
207
416
035
3084
147
132
223
536
218
657
021
393
071
149358
633
287
441
055
4641
212
1652
1226
1386
6372
6771
567
612
142
056
1332
112148
050
636
7079
33220
341
880
680
286
18045
1746
609
248026
935
1544
337
610
49761
212
028
089
1570
5599
156
821
157
341
1097
4572925
19285
042
37315
138
1467
1119
21849
198692
368
86088
6153
728
884
019
469
3420
601
145
10494
024
250
017
4538
219
19331
342
749
788
231
1551
014
52279
009
1779
076
24330
125
133
143
2887
564
1839
756
492
205
180
112
279
6636
2564
092
364
293
37440
321
141
312
212
183
175
10253
103
047
035
706
19151
45065
1431
1013
248375
1633
511
011
21430
30933
040
661
2742
376
290580
781
936
897
14444
36866
663
109
038
434373
2437
5365
007
171
165
362
525
591
035
3473
222
508
5800
48295
1393
427
389368
17251
158568
150
10658
570
120
248
144394
748
26000
556
180
113665
242
1562
157292
47066
13277
1304
104048
2553
1306
866
050
552
280
125
270192
1396
3848
035
6470
058
100190
763
713
10465
299
6374
7480
1483
32874
105619
355
3633
244
6265
853495
26484
306
020
1326
10274
19515
26868
3781
636
2728
514
150
25011
10945
1095
445
270
205
435
464
258
64447
206
592
7594
587
751
059
13431
067
170923
4423
13972
16860366
022
1721
132
405930
7697
96394
392
37037
612
525
163846
043
469
972
10246126
13381
192
8685
343
239
4239
061
2540
034
1181
118
010
3989
4169
245
1886
29770
932
487
577
382
11698
333
456
399
042
2976
2585
045
257
1110
038
2012
478
60104
7955
187
084
2638
212
1072
489581
1142
2171
193
364
204
698
26526
175
392
15141926
2721
196
529
055
160
1381
045
660
5464
9218
346
136
9756
984
54527
332
056
086
020
153
149252
175
4375
063
3512
42455
092
248
444
2839
055
301
113137
756
026
146
031
26330
061
51484
058
160
252
151
6341
66726
748
1850
2153
6741313
329
1078
239
8133
287
1869
026
4561
293
118
380
1995
039
113
1782
010
051
8076
032
047
013
3578
367
47939
025
1434
675
077
118716
960
040
660
482
214
099
53062
291
033
2030
24254
136
3480
1933
337
159
366
2578
2862217
535
3952
676
13362
43614
468
096
750
5314
178
1350896
102
947
1334
84874
23052817
13092
207
112
688
1386
16075
4134
092
787497
277
4105
016
742
6145
1670
1108
2811
4434
639
158
2056
236
251913
069
2938
1459
55783
20930
7531
10885
500
32836
113
157
049
128
5039711
019
343
222
805
1727
721
511
1708
612
031
339
1024
1759
3982
658
1561
1084
3047
1438301
29577
226
474
806
018
071
157
013
119
318
006
283
041
19446
63420
8711
901
150
111
3674
114
342
1248
279
206
7560
25059
067
13054
10035
392367
144
967
6968
1073
763
830
17825
194
345
4230
635
019
1053
4002
119
367
586
213
168
1043
7029
110
498540
585
5983
1302
307
242
784
331
125
7129
627
172
22056
142352
193
081
033
1579
2308
38680
16160
4094
7375
10266
183
5939
14823
266925
122
1565
2144
445
686
030
212
524914
307
697
1244
1856
087
2521
2743
078
332
4797
1305
4796
9905
075
3938
2186
182
027
162824
309
157
4078
496
166
3975
1141
120
2906
19492
019
050
494523
521
21448
13887514
3057
17188
608
6291
31727
147
939967
598
046
1535
849
1231
217
1398
4337
073
1693
2740
058
016
427
438
067
655
038
106
316
92181
182
151
044
793
2506
785
416
1418
055
015
127
091
7025
1317
041
12965
050
079
537
265
018
220
29261
101049
1590
5337
386
067
017
053
3674
123
419
29571
012
3945
19020
108
032
046
379884
358
060
395
015
148
134798
189
14663
9973
613
367
228132
1460
309
1351
099
37594
042
071
125658
863
516
424
271
661
110
410
059
072
1330
1720
012
065
644
3470686
429
085
277
365
182
1451792
191
104
021
529680
3917
1519
399
078
150
1087
161
647
1257
727
588487
153513
043
371
1136434
11171
120
2051
340
117
315
5412
268
1118
231
81185
3105
2639
194
041
546
78726
6119315
15908
151
137
175
10078
48893
3138
046
1110
12783
370
1101
330319
2309
9917
179
3189
7268
3350
397
081
459
077
072
074
1182
2091
377669
6269
077
10541
186
146
011
221
5148
368089
013
190
1617
167
382
11851
832
543715
102
428
350
1563
099
305
058
91700
483
066
015
176
276
3710
1501
6296
037
211
1487
069
34428
057
027
1632
499
77028
3371
548
22138
1052
27010
110
28111
13956
479
156
16363
503
287
014
4289729
024
137
672
850
103971
670
14275
3481
102
4407
515977144
13068
5931
33807
603
426
12009
188
19067
2691
41866
378
601
329
10124206
162
1201975
80881
054
40917
468
1275
1310
1234
2942
832
1412
1284
1765
443
095
76656
091
146
268
384
2271
084
671
9594
1279
1138
048
3852
1268
2089
195
43917
621
31219
090
741
432
138
48404
057
1393
2364
5833
238
472
463
068
089
2489
157745
163
182
11083
98171
026
797
127
191
65943
287
805
209
851
6104
20734
2503
10456
3033
027
322
15172
101222
135
1706
434
15088
2529
159
238
163
324
410
020
23257
059
918
145
363
1197
064
76421
1355
537
787
2032
4305
2040
69287
025
13266
2238
059
248361
2918
845
561722
62531
199
15471
071
042
387
309
1464
74430
10470
1640
3104
1033
436
10579
022
73521
4545
16043
5955
5067
927
793047
040
17289
027
736
018
1998
22393
1961
243
523
047
203
1601
9987
056
044
078
845
144
5237
4501
1577
085
9178
598
091
2108
081
5700
274
134
049
020
044
4913
10767
030
55332
065
3779
303
150
1214
3730
832
6808443
3283
21466
506
213901
1014
027
493
312
1780
30641
24860
3599
016
495
7125
141058
535
314
790
117
065
025
370
124
037
51648
2424
55338
12158
179
5365
146840
539
115
025
65287
8858
046
372
634
138
4549
1323
189
084
1308
633
3214507
271
325586
5292
329
281133
383
017
7496
8438
017
246
1042
092
40826
294
15893
674
453
3110
477
22258
2944
268
1702
710
2183
19709
1716
155
4142
16530
256625
3327
53797
260
4115
200
652
9244
931
498
16812
160
129
49437
058
332
482676
051
10526
491
059
291
119523
813
1003
11662
224
6790617
2471
031
50366
032
039
039
448774
334
1968
3152
763
206
36083
244
24753
103
1544
8878
1283
213
1584
55174301
304
19166
367
016
130
797
076
16095
1060
2574
247
11466
2510
298915
103
123
2384
093
1759
1988
1515
089
119
9942
2233
022
189489
1016
283
1372
1135
2136
850
4768
1907
050
060
799
166
061
2589
53192
284
1026
031
146518
049
013
752
023
11587
226
13041
7846
2887
102
271
123
16558
604
318
15310
225
416
349484
225
095
709
1323
1860
12943
051
4967
1435
3186
81114
439
884
547
128
4670
7617
4546
116
4555
048
013
693
9537
612
337
030
1864
53776
1580
801
826
368
420541
405006
2229
046
1304
320
39374
279
238
5200
252000616
166
714
2931
163
063
116
122
174
3132
013
1502
095
324
27710
18435
30704
1540
045
2692
3838
825
17803
621
6482483
555
13610
161
097
55527
1333
1734
16517
151
1254
099
1970
1193
033
375
7257
471
079
021
859
266
272
43966
18681
107
1797
18245
899
092
867
178
656
144
486
656
49365
196
200
125
10537
3051
673
502
41181
096
2744
245
297
019
3178
143
35262
1200
379
262
109736
174
244
048
35275
8415
091
438
309
12334
353
162
105
734
8911
8690
762
946
476
8187
042
332
4326
178
77478
064
055
575
224
49161
087
342
2085
467
194
087
881
12963
2007
2339878
11349
126
5526
13420
297
425
6168
603
310
655
068
248
30536
042
15179
1445
029
793
2169
699
6796
886
1132
7020
2801
100
082
3449005
025
325738
295
113
827587
265616
27824
69455
615
016
351
522
063
070
2153
62722
49588
2738
173
20973
039
806
1090
153
19727
8146
124
326
232
14485
160
216
094
071
1969
459
9704113
094
2363
910
1241
007
2354
23497
322
034
247
2110857
065
2748
399
3351
5641
209
624
2546
017
896
1796
16910
8751
105
121
518
3500
639
849258
390
533
713
196
401
1369
4086
10098
1937
2364
14286
188
577
48616
157521
5002619
287
2412
269
110
055
431
069
1276
464
569
053
5651
27410
105045
132
060
10477
214
183
285
032
923
128
149
009
3145
1480
464
6782
17826
44017
230
030
1220
1887
386
638
3651
17801
3023
215
1154
087
1965
244
1041
343
7451
374
313
8950
467
667
12910
475
217
953
1132
123
778
1171
289
28187
088
2116
472
118
126
100
394
1250
3831
783040
352
3103
5267
12138
1654
602
396952
051
9532
116812
3851
47281
65050
026
12706
140258
1607
221
076
2662
2091
047
908
2243
346
065
1953
724
106
1838
306
191682
7448
736
152
796652
11596
10678
442
723
14754
211
2781
494
12448
2798
4382
1649
235
5401
404
16758
093
079
111
346
10718
9841
1229
6866
294
229
33720
673
64473
039
2949
556
24553
245
349
39545
154
010
846
12564
3289
1904
055
026
055
850
376
055
694
6064
10883
3502
269
1488
2225
3726
066
053
3312
043
712
26849
2713
16592
64826
20690
7146
022
9178
052
032
4937
621
488903
103
8213
781
2415
038
037
080
1848
705
198
15913
220
329
21764
253227
5511
467
033
11294
349
86036
042
068
21407327
033
17067
614
226
20019
935
693
049
994
098
1235
047
540
039
200
2507
11143
095
4571
19021
073
2167
425
6324
24661
193220
2219
048
4765
056
20585
11244
525
241
506
136900
8769260
597
234
1600
034
21290
030
27991
2915
7265
21913
485
23342
141
3638167
744
6569
4205
586
050
1380
6326
1385
1145
3483
1492
4280
101
398
269
979
029
396
1601
11398
394
3983
2847
3744
137
196377
409
044
148
41052
634
729
9605
22632
128
114
2744
44275
7185
1903
036
358
16877
275
192208
1074
4007
2872
030
28961
173
5599
010
3768
112
1055
970
1589
963
2888
947
1228
065
172
106
347
4849
753438
1510
543
1428
052
490
123
036
403
2121
078
298
277
662
1969153
2752
745
601
127
22701
077
219
378
342
069
2582
1046
022
180271
140
4746
014
7547
1139
1112
027
055
298
1051
1181
334
084
279524
184766
5072
217
167
14574
456
1920
6880
102
428378
52948
050
2201
10332
2420
116
12686
42444
061
500
2182
470
034
451
1137
1844
492
9287
25311
1414
068
092
099
1161
11314
071
081
280
415
335
040
1007
4630
17743
2471
5096
3892
240626754
5444
3000
271
409
081
757
1340
5084
497
193
43502
4683
1793
111
2973
26318
227
130
256
444
18112
240
134
090
1559
883
848
074
104
220
1293
290
58146
187
334
107740
031
3869
285
210587
3766
084
300
031
4498
195
13422
246
189
4838
151557
3264
070
777
835
532
480
1829
1185
6314
046
205
357027
443
601
477
38383
103
227
407
082
080
529
310
727
1662
1627
1376
1430
063
517
212
332
142
721
17171
144
017
372
2027
4774
1953
12836
683
092
929
759
164
8904
667199
215553
252
130
457
1698
1747
3293
3083
231
2543
174237
116
034
2554
5813398
1891
2888
327
042
214
17744
1044
044
502
398
017
683
117
703
417
635
053
230
1095
273
256
854
103179
029
904
110
200610
28630
14382
4704
060
16177
027
171
028
1341
1295
40734302
9082
373
103
008
28240
10774
763
226
501
12072
186
569
1166
083
049
137
116
11206
176
119
074
149
699
5044
099
2161
192
4186
10049
018
10869770
8157
493107
178836
028
15145
3020
5377
561
217
957
3659
154
16412
8833
6930
121841
100
962
39695
970
7400
4819
1622
460
2515511
195
76197
076
041
3621
015
8139
034
109
043
264
3123
1244
998
703
14267
238
599
350
2343
792
3534
61798
542
470
023
045
46594
1093
179
028
1698
038
1049
3684
1688
91182
2307
471350
135
4294
192
785
93737
113
496
1085
23739
200
484
14292
018
887
4262
375
161
130
656
39786
10040
247
405
76043
254
087
331964
041
306
117279
6868
401
493
833
038
369
179
095
2648
212
2038
9382
326
18538
140
3853
584
2685
1943
48799
021
1220
3283
20861
1952
18504
208198
094
1868
037
274
53851
1615
015
1414
527
091
106
4223
9565
233
045
633
5911
10422
105
30553
118
560
957
954
6803
101547
899
3795
017
081
1564
097
35328
900
123
1122
5224
025
227
141
147
832
207
361
799
304
326
085
129
105
3034
046
400
1181
1911
104
645
233
1774
648
100647
420
115
015
44482
5745
156756
1424
015
046
1748
8993
880927
375
1273
6603
368
218
7873
2023
040
1055
147
1921
038
262716
1970
187
326
2178
10140
10603
5950
2043
170
17705
565
373
142
1353
2647
059
141
3057
429
6014
161532
1024
9628
1080
035
251
6834
089
2497
433970
1586
3979
255
2732
35660
9677
712
25737
1271
7925
045
17311
083
1228
149
144
748
436
2383
3013
13328
702
086
780
977
064
101
1157
159739
258
2751
5767
924
484
331
218
039
067
777
583
8498
4173
15075
952
019
871
2171
1691
163649
115
037
536
208665
208697
5406
177
627
050
20707
23833
2761
1685
331
213492
233
2379
105
2081
1517
304
1112
243
5160
3306
1882
059
156
166
25915
34602
6082
008
1246
484
251
33541
578
16325
035
2601
19865
025
1421
121
597
226
067
089
39559
732
090
12377
712
8715
278
7735
590042
9084
136340
401
699
214
1477
6515
18561
065
049
048
021
6758
082
230
138
228
180
3919
078
261
1961
010
5598
323
024
535469
276
86033266
388
4769
128796
7927
2452
482
164
436
063
044
2498
31924
649
115
1207
1502
366
952
227
39725
014
069
266
33206
64683569
492
12369
61329
425
1350
1945
138548
40375
1270
7197
1094
3471
785
092
634
133
2490
21942
42753
2677
88621
607
034
19463
6667
114
047
20020
273
093
180
398
280
4001
4701
027
040
283668
058
1161
28124
055
1279853
814104
307
1681
705
139
031
403
1964
9783
5880
221696
822
256
417
222
591
195
115
911
078
972
1041
336
895
18301
2356
284
1163
499
214312
1430
173
1970
15284
4504
20507
13165
364
15513
10889
198
415
321
181
15761
709
114650
034
252
22527
4305
104
018
9103
2596
565
072
422
3801
420
451
1741
072
233
103
19682
050
347
334383
841469
074
024
056
568
109096
528924
3592
823
1481
1063
2104
18804
53897
51336
595
1117
187
067
6189
433
228
2377
019
213
109
2503
29921
273626
5927
097
535
138932
736
010
106
1263
080
5165
1211
087
006
061
753869
071
155
3501
51557
020
1942
2887
760
167
200099
10446
26360
3530
110
184
2881
544
2007
1188
213
105
135
6001
5819
2067
157
175433
86829
018
36853
18413
487
157
36639
4161
070
558
43035
398
096
57929
347
2921
1635
23177
1443
281
6894
73816
213
26547
335
018
2030
172
071
437
230
297
990
109
143
15737
570
488
1024
37065
097
144
1675
090
1624
014
061
13584
4570
10347
197
1418
3584
299170
258
417397
110
3416
192
2019
2092
749
10567
071
7888
2015
772
8181
218
19419
388
17740
634
1565
158
5513
561
111
021
047
273
055
709
258
8251
007
082
2618930
13220
1279
4442
293
19389
528666
151
10962
966
060
8137
069
042
937
296
23959
2691
24997
025
247599
65740
022
1080
194
2821
656
097
9017
099
1357
9014
2328
72743
5294
196
822
338
600
291140
107
113
15526
1724
487
295
107
489615
282
120452
331
4509
17192
824
653
179568
099
134
197
495
039
034
897
189858
855
030
1356
294465
116
163
252
49273
1117060
056
200
2366227
864
4131
2831
1994
473
76816
185
274
117660
086
15734
640029
4393
2815
2963123
121
703
491
462
1073
401
3981
38387
1909
853
374
38937
520
2471
1740
329
225
093
248
104
348
79773
124856
253605
303
449
417
054
1351
9145
276
1731063
1781
1573
055
11759
053
214
46773
11480
089
644
083
194601
4480
2290
3944
169
1195
387
26828
176
562
048
079
1224
243
299
13279
062
128
142
907
082
2205
016
214
534
142
187
240
223
067
613
866
748
545
7927
525
138
1336
262547
415
175
527
008
3590
91122
023
3311
220
2587
1691
1422
3832
1331
20077
845
215
107
054
470
266
90930
3105
031
862
931
34115
088
026
4840
67523
47377
162
036
938
195
35992
88316
1633
157
014
3041
102
379
22161
784
5731
1894
617
307
453504
20231
13291
22285
184204
2930
605
1382
047
603
227
298
16162
031
1167
588
1611
140
112
1906
86353
291
740
1373
030
44761
109
8955
985
036
3066
915125
2833
1862
434
068
1162
833
59703
91798
163492
785
5849
115
267052
376
1107
108625
122050
797
043
394588
082
25808
5134
7958
1196
019
6208
1098
074
1778
073
9590
565
23136
660
129
394556
4545
026
790
513
2211
646
044
039
14922
150
7781
758
7411
704
70525543
242
4229
90856
054
2011
048
024
218
37620
313
15976
053
167
279787
3796
142
029
1448
421
213
156046
246
166
168
21939
2311
24723
322
034
032
1799
2522
474178
28935
3928
612
1613
5129
5654
639
8270
012
477
495775
472
877
023
275
2438
108
950
144
48894
1474
1984
22328
23841
087
251
11608
113
3402
134
11923
192
129
9971
133
471
032
1358
4368208
6873
130
704775
1605
051
1855
282
792
163
569586
695
795
1072
434
12594
253
2084
506
5341
9878
236
265
138
188
5689
170
16170
059
425
434
1187
315
1626
277369
1039
2844
11534
375
61546
041
252
022
2270
12022
341
051
171971
3987
432
11965
6211
408
492851
111
11600
2710
200040
43569
4231
6513
152
1430
6022
095
2797
102100
65355
011
077
268
076
1540
668
4271
079
277
7852
033
2878
2289
4190
178
380
927
095
313
1228
19779
3783
1896
189
052
080
027
108
2125
772
775
14591
1949
10821
298
333
217
688
186
3793
620198
055
032
355
816
1547
221
35188
2814
833
15432
1901
1637
621
142
989
227
142668
1088
7460
368
375
194
2716
435
171886
594
1944
1618
2305379
315
49101
7730
1597403
246
325
144
079
371
103
12515468
460
218
494
9295155
232
080
085
081
257
793
232
016
332
520
13287
196
180
2311
053
048
1049
156
200
207
45992
1829
23508
065
587
1726
055
557
370
198
14176
201
83399
042
273
150
033
898
3031
7298
4652
800
5825
15393
1068
1889
23356
1075
096
026
066
26707
138
049
1045
169
99057
8112
5331
2231
5877
211098
1966
457
2777
143
2054
074
296
43549
028
121489
339
473
135
394
257
28054
28715
027
22510
137
272
075
112
397
043
1764
2622
3011
038
1088
165
303
101
10234
177691
252
43842
22994
836833
1478
131
036
2962
078
9654
794
18264
075
2571302
993
281
054
037
055
18955
358
026
3060
7845
774
585
501
066
1164
1066
1507
1124
148446
314
2366
019
2038
358
133
438
211
541
099
711
072
1117
5789
054
1702
325
673
278
6024
039
222
447
344163
1272
1473
602
389074
029
99327
284
813
119
091
4309
432
077
321
5352
078
131
1611
255056
259
1569
208
1860
307
576
771
082
465
106
1752
967
035
817
570
119
486
353
695
031
559
10853
087
717
1217
18803
664
075
15883
288
318
191
014
22309
198
1798
8185
5166
033
054
2936
316
271
513
217
711
19552
1650
483189
007
9369
4647
6509
551
473
154
032
332338
085
1222023
11648
180
651
9355
141
052
086
557
095
802
1627
1281
477
017
089
848
37518
101
1651
88453
7556
2989
340
578
334
2548
164
424
8217
62321
6149
431
21538
011
38961
9288
121956
824449
333
436
279
886
017
685
399
632
2116
338
31673
344
122
062
2234
14978
328
091
11137
491
099
97191
237
104
268
295
028
115
29712
130
487722
6552
067
24388
1529
406
1808
195
345888
2008
663
073
361
472
821
421625
517
229
36103
045
016
051
439
66728
140
5542
275460
4847678
36044
4408
2991
202
5401
764
422
053
135
660
176353
1844
10329
177
111
160
5582
887
131
088
387
361
1103
124
3098
2491
237
106
7801
9433
1240
75986
1018
905
1637
086
023
232
067
051
2737922
37384
15877
2378
11633924
143
519
032
259
49375
025
860
6412
014
445
343
131
145
3019
2488
404
6603
328
116
12142
4936
3957
723
134
067
5676
073
1697
1931
1071
3337
106
1747
504
3872
780
226694
545
038
100
2970
7069
1193
1958
31207
476
13034
020
261
410
056
724
299
703
480
922
18131
8195
085
1354
8971
8443
20463
11748
36545
4198
9723
1205
171
5391
058
747664
4498
10125
1083
2385
077
401
265
965
218
1182
120
3066
034
153
24268
7064
17711
13102
102
158
2390
079
201
020
058
1604
168443
226
8203
105600
482245
1821
605
390
1361
039
787
017
123
048
397
1549
13746
165
3958
028
30878
742
1284
504
436
028
313
1017
86818
258
70687
32355
444
068
329
299
618
108
781
374
79988
054
104
068
020
391
648
032
11995
246
247
36514
59548
673
391
037
179
743
060
465
186
24777
2938
663
474
246365
275
319
040
15643
099
2816
6159
778
3795
373
048
125
023
434
1819459
026
618
029
3627
401
130
638
048
164593
037
133
1524
033
856
588
180
30735
2614
045
675
21817
129
078
1872
145014
18589
455
107
211
9471
026
1763
177
15285
2054
069
17609
214
311
8922
425
2723
1684
14059
470
322
66230
3174
263
070
393
183
63188
114
043
1969185
030
7850
428417
3803
465
1741
035
126
358
681
3377
176
2845
2900
1496
2371
125
214
088
068
81561
319
487
1604
045
862
2397
804
034
21911
339451
18009
1241
021
15587
069
940
10060
2521
1550
223
2487
108
007
189
995
11028
15791
036
029
707
798
640
259
378
231
4336
2560
10743
979463
14985
197
13835
14964
3077
064
1054
073
63680
1622
19565
8945
1194
023
49513
57897
6637
5108
023
147095
1107
77237
094
15521
057
1217
056
624
387
37292
148
8938
7729
862
055
2711
623
6470
447
032
1267
157
4435
765
15061
016
028
246093
5115
115
180
39477
1052
045
5026
158
145
74009
587674
2977
323
9536
319
376
2085
1537
246
512
081
509
091
719
1337
54334
7518
213
038
598
580
027
497
050
4071
102
198
5703
106
128
421016
050
1538293
099
4454
769
046
055
524
071
1604
518
145
34026
4377
3986
4588
1315
240
54219
1114
1038192
753
2969
44265
015
820
22852
058
8794
10629
26414
3146
047
29787
286
118
73716
13585
1033
873
2604
288
154
12241
24315
077
14203
20561
112
425
029
011
3229
091
1031
6819
10255
815
081
465
4518
311080
081
3197
080
279
9745
777
788
539
130633
294
6683
34686
3821
7759
6279
40017
188
82472
172
5893
607
2093
216378
018
2826
443
1324
045
4778
592
44710
6003
6257
048
137
417337
35787
26353
551
855
496675
767
2296
097
546707
446
2946193
024
586
1125
483484
041
17004
2615
617
1342
20730
17467
080
570
3321
451291
70245
159
315291
193
441418
374
373
132
045
418
5212
016
573
149
262975
16686
1506448
026
24866
2829
136914
3264
323
20790
052
273
195838
032
215
158
5338
9659
1126
82509
2709
6033
3036627
6229
259918
361
273
3802
1316
167
022
943
035
190
770487
047
021
057
138
170
068
21916
030
030
1456
7641
133
209
013
17610
1068
143
10768
194435
819
1221
218
1664
13046
647
1420
10726
9422
379
324
8834
264
269
1436
231
9781
162
888395
040
118
351
4930
2536
265
13781
055
470
460
23903
261
495
1869
020
321
497
240
074
792
026
91916
1105
24956
242
1164
158
049
219
173
427
219
1700
496
1186
2171
046
949
583
025
140
8907
211
130
149208
247
068
273
1340
2002
025
5313
066
064
2603
267
040
925
089
054
6085
123
88954
3946
24882
4787
635
3681
121
361
27470
090
091
266
29161
6198
241
265
3561
2940
166
9525
713
1024
8775
064
421
587
024
277352
1433701
108
176
033
34392
212
341
564
803
163
028
040
329
809
534
194
087
123
532966
283
26227
275918
632
139
35913
24881
916
9875
9055
9727
045
865
1162
1186
6300
1186
064
1236
280
173
028
247883
037
109
382
63865
967
2162
383127
910
6779
5283
198
11723
6481
139
2003
1234
8874
439
2251
040
012
806
271
058
356
2566
531
1222
12305
1319
023
517
661
6759
516
1027
42509
1936
105
388
262
138
470
8734
517
095
022
075
011
57514
1474
035
1608
101
529
181
3395
135
241
30868
1518
35889
639970
148
2364
1676
2851
4474
4049
386
1017
4160
058
10374955
11826
298
264
38185
1358
374
1504
808
032
027
130
381
158
377
1010
021
8345
9029
811
1963
4531
644
936
529181
1631
053
244
081
706
27352
8658
650
1758
097
4662
077
058
11490
416
16509928
010
31247
16406
8310
174
5177
9026
148
414
009
049
3894
299
2816
40317
1421
12097
7187
287560
945
614862
254
3749
1363441
3492
052
268
054
119
5100
042
1440
3732
093
1176
023
039
213076
067
160685
1314
101579
35597
211
7832
2569
031
175
650
37307956
224
782
23256
2566
265
2737
1257
5067
366
049
357
048
1059
232
147
279
078
8728
2677
2226
8269
866
632
1676
98765
12741
131
3634
1827
527
32140
900355
210
162
092
016
2893
507
128
2318
1594070
19287
3732
5772
018
12381
309
3604
103
27758
2423
034
2736416
033
093
142
1971
063
62373
20709
110466
287
34752
167824
604200
1377
025
103
2374
3534
1045329
1148
041
397
209
018
4622
316
58759
2635
596
50440
215030
349
271
218
155
64495
182255
049
299
92640
28952
096
2226
1229
8467
1355
044
376143
221
484485
70208
229
031
486
2723
104
497
317
095
40323
609725
641
010
065
100
071
038
010
19431
12395
047
759
1616
137010
351917
2011
1744
2051
194023
055
2219
993
23431
025
452
1855
372
289
073
105
035
89837
2354
2992124
102
383
837
172
954
1114
5979
037
367
1199
063
303
3901
322
2813
862
012
5003
10669
061
091
1900
879521
462
102
1210
33286
046
042
030
328
2797389
125
104
314
15721
041
49913
717
081
1286
220359
183
166043
098
11534
7159
531244
182
113
549
073
063
433
016
029
9198
454
18015
065
105
14364
1008
1472
5835
2029
064
1780808
1802
262866
38409
1201
054
134174
69498
255
1216
129
24026
573
1695
1696
7423
11407
4486
1647
127
661
800
1625
076
207
43335
019
421
131
484
3206
102
4717
5052
273
510
78225
045
10709
17570
572
961
3580557
1126
165
2807
202
602
3255468
200
17405
062
4493
081
768955
143
3694
48438
412
639
085
021
111
1070515
5143
7424
226
4988
72450
1042
509
158
013
21202
489
88130
379
539
015
077
112
6471
117
798
7486
361555
1237
075
836
173
107
675
419
5951
094
26291
082
448
679
382
33002
7295
4484
083
133
637
034
1569
368
187
5434
017
2442
259863
361
533
080
016
022
683
094
6223
238
080
146
404
1132
085
6371
921
4997
43633
080
17550
775841
201
119
19857
4923
8320
14783
1448
61151
040
8083
1307
4856
334
792
026
17532
484
1321
010
7541
5880
1804
424
5756
082
15205
237
1030
12952
315
14428
278
178
1954
077
445
294
4995
5718
009
18871
39280
1104
417
2251
6639
250
205
164
5753
2093
087
016
12563445
429
115
12936
20055
1924
017
645
9330
16074
11645
388706
526
133
065
6907
91109
544
125
1998
128
1127
975
046
770
160
5271
171573
23509
6760
597
192
575
5016
739
61632
1482
285
246
118331
211982
3014
516
2793
027
137
13800
1978
2625
6982
033
072
029
1193
125
28106
68722
225682
060
7210
2056
4424
11468
134
2206
291
084
14484
675
4580
22727
370610
508
12807
006
045
17050
252
005
080
357
2607
840
393415
387
102
1000
032
308
389
061
1129
365
359
629
875447
196193
1817
18600
094
332
839892
300
43972681
997
3935
14067
038
352
310451
249
807
583
128
132
3113
502
051
247909
689
1231
114
024
805
417
9935
494
5121
118
4542
42557
943
016
259
6256
4438
5263
16445
1450
1906
145
072
1562
3089
5113
131
10572
13378
33027
045
1805
150
040
3726
1738
038
3533
4455
100
5100
131
188
1148
221
1465
542
727
11265
044
221
024
12518
5959
041
162
25620
10556
24430
1794
500
023
836
680
385
384
336
105
065
6521
052
4271
7014
677
128418
1306
615
128
2521
922
24655
277194
8081
231
157
3820
301
13066
089
40044
2870
6255
76027
1073341
5382
116
336
051
683
1729
044
1857
163
103
062
360
10172
491
471
283125
037
1153
811
2047
043
3084
1703
859
006
6866
902
3432
975
81256
138
1507
5244
652
38311
090
142
025
4388
109613824
2307143
547116
11660
116
869
16898
348
307
38666
1903
189
436524
018
060
1004
1794
191
983
726
056
192
044
066
017
029
023
41246
145
334
385
7404908
35074
324
5716
083
1018
448
070
016
1009
1558
293
1286
010
511
126
1147
141
25743
217
122
11587
205
15753
432
099
1195437
1776
2017
702
20568
12995
077
201
2665
632
20293
108
1100395
1176
1076
807
467
089
18293
1765
3450
4161
4666
426
008
006
276
34451
6377
913
552
1023
028
196
2893
873
1524
114672
057
080
2515914
2609
3274
023
133
709
934
1394
1917
3255
2991
087
657
67021
449
087
929
5282
17630
1975063
2166
015
3981
043
2130
167
664
4850
2188
1304
814
050
9943
153722
181
28610
116403
1436
1591
291
633
1925
1942687
079
443
259188941
207
075
154
5521
3166
055
095
019
597
186
011
46568
52249
968
2217
1618
687
657
881
1408
1805
2370
30518
326
762
242
488
266
052
401
3405
1196
070
019
202
1838
591
33812
100
3277
293224
2992
1914
069
156
622
6018
786
497
717
61462
162
872
605730
7480
337
020
8423
6631
68232
272
519
1909
414
15982
22190
213
141
637
087
9515
2652
25484
044
297
697
764
324
102
178
512
229
043
6054
44542
059
884
1743241
113
135
4567
4998
124
808
23885
13112
2724
688
172
13762
2213
32245
015
323
715
409
2367
074
035
1190
78754
2812
1292
099
22595
8735
027
089
314505
146
7388366
043
436
121
39381
029
1408
2985
016
858
354
1567
483
41141
078
1324
121
3280
1224
775
062
73456
14186
287
4032
1182
6108
151
11582
086
026
84886
2229
2650
235
449
095
710
70316
343118
048
134
131
315909
254
045
2951
16469
6373
4061
4917
088
280896
21619
208
329
4758
4719
5168172
099
6118
8018
010
089
16164
643
340
3630
23066
1586
1065
181
063
103
5226
042
135054
9288
11915
9906
447
3687
083
7217
13083
177
378
029
632
033
210
147
026
5887
20364
106
062
785
3559
671
839
54255
175
2283
284
2828173
10509
503
160973
7613
024
196
476
1473
622
1697
158
885
138
197
152
20507
1820
116
20338
4099
440
4349
057
18055
011
34712
039
59661
2818
419
1835
086
3087
034
973
171
1485
1119
9166
119
2674
260
026
685
049
1168
053
88693
14811
2192
28136
020
238332
540
116
700
302
022
2922
093
014
285707
9678
60637
1441
33373
195
1492
15241
321
2490
659
063
051
5657
204
071
096
2313
1977
1969
14914
81382
597
071
1207
1872
015
433
076
274863
070
277
102
745
4199
172
046
023
1535
74015
997
66872
46218
656
2595
1489
2825
269
013
083
332
658
470
567
112
045
43246
1332
4282596
574
371524
442
400
1002
5067
28441
055
137
2575
25494
1645
106
404
640
416
8191
7428
3357
6640
1307
68283
132
240
290
806
139728
070
2330
1519
6953
3304
132
061
185
557
2262
93200
055
287
097
11733
490
7134
1647
227
6881
229
308
2308
057
6053
388
71388
119927
338
390
091
311
690
187
2011
25628
18699
277
6101
248
2409
832
027
809
161
2943
015
215523
153579011
099
5974
5108
144
036
026
426
493917
19305
019
492
359
534
5492
022
2054
566
502
2876
9668
1148
894
060
060
545
054
248
480
402914
3942
008
13395
1662
038
17222
842
025
70581
3464
6972
11543
13755
8358
7242
111
3230
13553
100
240
3261
244
218
853
052
392
064
082
115
085
084
1260
2717
2127
894
1275
216
091
850
43630
775
274
2478
18941
29525
1728
27867
8700
2178
47633
148
120
97891
25660
824
337
16052
331
113
200
607
1073
32888
704
017
042
036
281
131
1744
26897
083
275023035
131213
215
3588
42117
7385
032
138
3946
217
041
9651
182
29015
025
043
122
16126
076
114
078
2435
012
022
224
601
12903
441
7835
823303
5252
136
210
450
625
15405
028
14372
428659
232
282
776
316
853
128
20075
109
573
88822
044
061
960
3900
072
129
113
545
128
138
954
56407
428
835
079
2326
078
982
2358
498
4353
4722
39360
1050
081
15657
214328
050
044
42441
4569
6404
191
3075782
2453
1200
227
23187
1419
23613
014
3643
1040
542
106
078
040
1326
2985
9426
906
15621
253
016
3691
112
15176
2585
1085
568
018
231
066
1027
1222
368
045
193185
738
4942
245
328
124739
446
1506
2439
13030
228004
114
020
777
116323
028
191
294
029
4046
093
325775
29640
023
461
923
3098
536
062
751
120
3888
10315
969
107
044
4247
10137
157
9302
043
239
175
48074
087
274
169
2656
161
28887
836
7831
043
109139
066
1390
26815
8717
038
553
13475
1141240
2966
174
2836
438
047
513
1012
14147
645
374
214
12407
1148
107
204
7980
243
089
1830
053
078
43413
209
74286
5122
236
80165
062
448
4500
13828
8778
19432
2941
056
9484
2564
053
262
1137
1840
11340
1786
3564
1960
148
204
012
038
801
159
1924
33336
3513
137687
246
324
934
235
241
1082
629
992
277
1636
4236
1820
12098
2223
12292
097
1080
1840
562
038
34702
054
051
396
458
718
096
12257
738
573
23492
126
36098
343
155
033
1861
577
532
552839
027
1249
3289
144
58985
097
093
1516
31540
019
032
281
225152
081
102
492
198
499
549
95460
43066
2901
1959
064
221
2214
11766
390
1541
301
22321
277
278
198
2192
48239
7806
256
165
145
2836
017
984
212
1968
610
150
032
069
042
33415
362
1950
2077
4203
464
300
035
11145
087
087
032
2907823
334
112111
221
561
181
936
115
5251
2194
085
554
150830
36404
4422
063
398895
141
065
039
1170
39053
457
69854
031
076
646
6849
2609
044
1196
148292
11801
123261
259
015
6776
082
380
028
874
133
220
21551
1598
13149
065
1433
301
2518
401
6644
195914
313
065
7583
788
3752
354
042
934
1785
878
724
1963
037
821
093
073
1022
1523
4054
502
013
95559
20718
82468
017
186
1259
1189
1029
2460
090
16796
299
092
125
2847
180
2734
081
8161
1528
1090
751
2114
1588
3491
4527
2805
611
423
102
2197
1876
590
3256
508
2726
180
654
206
5667
2782
2377
597
027
75624
9505
497
613
097
036
009
4485
996
251
1330
1309
329
165
1267
034
368
064
14359
2319292
423
212798
349
1828
14669
329
623
114
074
2071
5049
22815
299
1628
8499
9677
14528
30184
527
163
069
18237
1600
3292
122
081
050
103779
32019
5369
14903
226
027
554
342
244
4842
8633
071
063
2513
1660
133
623268
1727
370
752
9406
26649
083
121
846
076
2549
1706
244
4306
1187
14525
688
217
101
091
2365
196
1365
1003
181345
49830
162
028
027
230
12566
242
16131
989
4456
10913
097
193
54222
5085
350
2027
13438
023
182
17587
1303
1009
1523
1796
061
022
060
061
481
55032
279
2011
039
102
430847
356
4352
8439
417
124
6082
456
479
027
387
344
187
051
356
360
34877
1270
512
138
368
109
1280
310
170
229
1271189
2282
2073
362
349
43535
027
25040
160
41747
19459499
103
514
179596
1178
7978
201
129
966
093
2500
626
3573
1203
106585
1775
3443
185
108
2076
1388
120
148
28406
17022
1446
360
3431
1615
15224
692
4116
053
461
1273
058
301
3726
22303
1470505
333
6817175
032
1779
013
018
45569
1024
4789
442
2792
15799
462
123
378677
915
481
437
601
032
1672
243
162
098
4851
059
082
7603
191557
1235
63754
006
4505
070
8087
23928
029
080
28054
140203
189
304
2069
1514
1063
241
108
6560
35683
127
321194
072
409
501
025
270
007
436
805
685
1371773
186
024
053
250
303
1432
158086
61026
6440
440
107
529
012
012
4124
729
159934
051
1405
151
471435
884
24034
098
214
13063
9821
242
6712
4232
072
119
700
509
68026
293
6620
313
035
543
1790
223
116
26247
315
071
18067
1487
403
111
1446160
5392
89467
7463
15705
088
8752
1622
463
057
754
33970
1665
115
227
864
1764631
360
4020
1407
9043
353
121531
024
2615
4256
33471
161
20312
5039
240
76300
229
076
33099
34226
9661
13607
7003
2582
9707
078
31176
1208
293
630
199
197
582
748
21992
353670
080
23057
262
369
5982
4398
2427
12411
846
021
564
987
094
1004
143
305679
401
1008
6931
664
97592
117
039
345
216925
1959
040
405
189
632
1067
1888
008
584
657
1238
1091
297
46851
079
054
5678
57102
308
3326
179
197
771
256
092
051
72388
033
7636
7897
526
285
4268
018
091
1652
299
27611
346095
1471167
4818
053
3781
2262
006
3331
715
2744
426
3698
105
2264
4149
038
164739
946
356
081
312
11228
044
140
049
1011
30393
3523
12612
8761
846
103680
484
045
044
170
067
108
1290
378
067
045
11720
14456
436
1977
19293
36702
064
037
6321
202
088
14741
273
1807
2898
11379
691
1057
382
1629
125115
127
574
6840
069
9096
445
1256
240
19204
792
1525
11635
089
7995
228
204
1378
231910
665
198
153
175
337
711
258
17092
186
7721
59995
15664
18206
1848
020
10124
313
1085
2011
182
465
1300
2107
034
1330241
2011
357
7474
009
036
23732
33612
352
3517
11953
099
014
143
062
1945
1082
329
336
103
1688
1731
1601
19779
227
9628
248
1408
3976
463
450
51906
7205
4281
170
138
187
041
069
066
5591
2026
430
99166
4417
453
85487
1812
070
1307
2234
614
1001
42005
195
287
558
5063
146
16792
071
7112
2204
1694
117
866
536
172
5049
303
7539
218
1244
176
126
547
929
25589
1858
35219
064
4856
158
1736
5747
37040
1618
433
465
143
10485
279
706
038
169486
292
276
11366
006
2537
015
134
1295
210
363
317855
602
87365
7476193
170
1094
18312
282
066
3657
71421
312
569
476
7239
085
269393
4155881
016
759
042
16551
4630
5932
562
225
949
434
5835
030
84173
583
084
237
958
037
4812
2164
20069
1061
242
199
318
3236
684
13450
9453
38367
599
5524
3415
550
1197
056
1510
705
9636
959
051
1343
025
31344
2307
045
59743
577
55296
012
079
209
892
5110675
29472
183
264284
1326
262
120
4050
2428
422505
020
58657
170
460
4735
087
217
232
187
5044
166
055
845
102
789
033
4327
235
29202
2998
149
2550
037
901
2387
695
1251
105
298
1175
031
1529
017
007
141
6806
348
272
2673
4264
064
1775
120
341
5467
079
1338
182
032
113
4939
9138
8512
23000
12813
1251
1287
9066
1858
202
33938
258
75701
68776
283
517
1629
1940
1386
74100
3124
100
060
070
077
235
071
11402
10317
29906112
7482
740
087
1778
316
015
112
689
2685
13389
3386
045
528
302
360
108471
39110
1704818
865
8005
345
1803
2382
031
80938
60039
4836
10625
84455
033
3820
2865530
125
6854
534
100379
753
042
8968
1389
3221
3321
4587
337
444
6266
4689
4970
23189
268
074
031
14605
3372
316
386
129
202
1438
045
303
12997
16361
276
1911
48898
2189
5200740
34906
315
2010
070
1490
037
1456
150
2097
106
1768
161
199
1162
1034
983
041
3770
391
2292249
1247
1306
3000
5559
2794
259
3737
3127
562
91147
258
54297
174
5970
3780
026
224
061
030
51161
3746
099
054
25490
037
938
3089
152694
152
580726
2352
531108
25481
6362
28338
3065
34224867
043
467
3303
073
171
026
54501
108
028
1667
1897
397
2233
267
111
560
301
054
049
1376
1943
244
812
1033
200
221
586
049
19458
641412
066
50514
158
646
91489
118
023
1854
162
149
27462
4858
032
9736
2783
1400
1974
035
9609
6146
718
063
3835
284
398
264277
5017
399
28626
084
127
255
131
097
977
63466
657
008
3486
117
401
4471
17562
150
411
1356
1296
805
1001
172
186
023
2134
1472
207
2559
62420
348
059
1587
760
12269
2774
854
10973
949
076
460
797
1130
139
399
262
1031
381
76898
368
029
2879
905
022
274
36284
1947
546
014
113
1192
314
254
041
042
7761
528
674
22987
1285
141
155
4192
026
845
1303
9306082
227
232
058
226001
75823
234
19721
158
2575
600
034
018
554
404692
179
206
449928
168
518709
134
195
7802331
065
8307
2602
138879721
063
81260
15805
364551
213
410127
085
1843
1042
281
152494
233
487
3014
874
311
2684
391
288
242
1100
738
2249
21053
1782465
114
1094
870
9604
334
551
15140
3968
2780
211
30550
072
8137
209
227
558
1244
055
184
1927
287
328
013
033
976
059
1656
475254
535588
638
118659
23414
202
072
062
4445
1450
11329
196
047
8041
999
060
763
265
229
2837
925
425
149
128
709
358
237
059
627
007
678
290
3560
1059
234459
44312
1871
27449
15408
187
1877
1043
162
711
206
254
2026
3793
258
204
177453
155
106
133
042
050
111103
159
63812
471
026
32913
326
321
1949
3836
13248
16902
28634
576
3097
1337
29986
94190
333
1861
166
2171
403
4171
068
851518
325
209
459
023
241
19630
1266
7208
454
059
33088
1269
087
2956952
101
1810018
6087
032
2074
026
1163
060
2757
960
541
062
033
261
917
864
130
067
075
232
336
081
198
779
071
909
094
312
013
5866
14933
535
4164
579
253
502166
480
055
1602
746
376
1121
017
5265
256
398
187
1950
316
6491
103
362
12096
405
315
268
237
020
8573
157
053
2162092
224
051
17997
9398
124
12680
234
179
11132
202
014
503
30307
3531
8627
439
214
038
139099
1233
058
225
048
533
11927
103790
25877
1440
378
12005
2975
12432
172
148
131
82414
14982
039
051
664
653
9847
1216
640
239
3342
4097
033
404
57406
5871
22323
10722
2224
15802
575547
055
953
093
287
3251
093
34461
5099
2683
2882
035
345
1869
65414
50000
18961
1484
283
508
058
421
075
10927
035
2017
6846
279
014
4628
086
537
3660
16454
546
188
10180
188
10518
055
4813
54472
449
595
3593
163714
880
041
227
102
2406
430
1089
54791
102
2168
160
1703
3293
1472
386
014
099
1824
2876
3885
335
2017
370
46319
035
2608
590
029
18286
160
2050
282
8774
850316
478
7891
23335
676
4655
295
689
541
565276
59920
031
233
033
765
049
294
064
338
520
619
014
633
1156
1262
43086
6137
4856
223
134
184
3404
293347400
48966
355
8491
092
124
1674
016
2870
2478
1378
372
3106
360
111
135
83533
755
13199
030
190
107961
703
026
439
037
3444
1195
9598
107
1245
388
149521
456
666
2753
369
575
681
2192
168
048
256
051
107
854
178
1245
266
46397
753
52453
119
089
745
225
1276
29247
021
30150
726
4525
125
4786
206
7646
094
84432
32359
2484
2532
236
491
064
80534
176
49773
184
573
1288
023
003
1224
735
131
225
107
093
3404
17321
004
017
33537
087
668
1430
777
143
092
029
5517
1642
578
156
2878
563
5107
1483
066
10877
687
069
097
103
025
238
107633
396
065
187757
209
2298
2071
102
27772
20489
105
1382
117
5287
1584
403
035
162
3038
518
121574
2053
113
063
1526337
50794
081
1063
034
45104
1492
3483
17004
56588
1264
166
200
298
997
008
063
308
399
994
4222
1181
323
76448
526
6637
1533
3739
318
055
326
023
222
7429
089
219
807
1824
1001734
206
298
458938
37091
067
671
180480
041
262
6822
262
550
1048
1858
349495
236
272
1919
642302
041
019
346
030
325
758
317
059
718
149
042
203
535
153
117
359
538
607
564
023
083
52056
374
362
3664
2566
381
214
161
047
70946
107543
1374
1489
11173
568
043
6892
2163
2723
330
810
2486
159
1888
2757
130980
16383
2975
4017
2089
148
006
041
1055
1992
19886
106
191
1524
160
3482
1843
637
842
040
023
488
028
9635
131
3729
662
2370
7291086
3748
123
1808
16349
010
104
1298
158172
587
466
1170
650
28626
45430
824
9640
184
160
4588
302
465
067
1599
1365
116
9919
2399
258
253
097
012
1837
63291
2050
3914
2436
3432
6475
517
17708
81328
314
045
927
105
17085
829
9345
089
38996
31107
135
8010
074
064
64655
1401
032
648
4738
29385
1415
182
12425
2358
351
030
076
7676
1245
294
1960
147
41774
2980
53888
694
678
31560
14741
038
1057
2210
357686
632
049
283
103
500
179544
042
907
83437
117
2275
4059
323
284
8503
1659
5426
220
543
177
1632
322
1117
100
1108
057
1048
700
434
591
052
568
14169
11144
16433
5685
6049
6032
437
063
7023
28612
473
5285
219
128
193727
36742723
077
1769
1603
1051
1991
4890
177
3131
21816
323
4547
345
013
185
217
011
270
3982
512
758
016
995
5470
497
1121
346
40498
255
258
7526
2952
18345
035
246
1534222
021
123
3684
465
234
3579
323
296
4000
125
3052
153
585
171
2876
352
2447
17295
1019
330
071
241
12333
022
054
486
6501
060
094
160
1265
259
637
1717
10085
242
10307
504
565
80143
4676
144
238
93307
086
762
1372
073
4083
080
1364
1414
1364
16437
256
2123
381
4503
6986
4360
6378
061
087
6117
1226473
1100
1259
3195
162192
106
456
3830
1375
497
1502
51771
7893
426
1072
164
463
148
735
152648
034
42311
22619
127418
074
097
446
407
643
201
196
654
7483
2952
611
276
029
583
471
883
553
6351
220
78102
8808
773
39568
6492
197429
503
032
049
143
7143
2842
073
162
082
3251
281
7570
058
2694
846
265
4193
8553
171
095
3773
053
159
036
142
191
163
4198310
3854
1162
7755
219
712
632
921
386
987
176
211
336
547
1671
28174
1316
1740
2726
9109
3211
19185
8110
872
1643
19780
222
677
115
6153
90886
19818
078
135
2595
1207
891
010
3446
616173
509
590408
200
708
33664
48856
3290
51641
8387
107
34616
135
185
2651
1576
5425
097
716
187
113
1875
406894
020
1644
387
791
025
1250
20478
068
541
24609
433
7458
1769
439
23718
404
156
6500981
370
286
849
620
623
37323
437
1016
093
123476
511
148
821
030
036
244
770
044
77834
019
1694
7077
339
374
870
9719
11831
5747
6075
598
1877854
713
064
200
267
371
523
150
46715
313
012
965
16837
2828
056
645
10178
222
3648
1162
676
20219
032
843
860541
2744
13850
8863
8405
103
340
290
033
54070
425
099
352001
1533
5998
183
023
331
050
12006
17494
2950
394
032
076
074
296
2960
842
161660
972
162
043
379
5862
446
2290036
76378
329536
72956
177
12241
235
052
723
1034
416
093
345
9127
1652
5112
555
240
1242
269
1928
928
4199
221
026
005
172
103
741763
382
556121
5564
3213
36895
056
430
826
10898061196
3498
12654
788
4257
88650
1640
477354
116
124
477
229
466
330
044
235
473
10257
987768
2735
352
4347
1487
1474
8600
014
2343323
253
67469
081
474
2771
425
18814
12356
24617135
51306
1027
036
028
15292096
2118
085
5288
226
832
187
194898
715
241
17833
088
014
1809
164
12757
2991
3823
62381
16009
154799
911
028
26119
083
781
150
2210
090
1061
259
1211
124
17048
089
679
2630
947
764
423234
087
2073
068
3382
1443
784
4074
120865
3441
2179
8444
769
345
036
2148
253
190
534
7976
247
135
35711
471
1215
803
40962
389
4262
088
44457578743
749
129
195
185883
359
1567
597
5958
49628
138
330663
658440
086
1088
1725102
6417
7318
221
030
20329
301
1044
169
015
390
1409
2018
30580
75562
27018
3850
030
1843
9236
709
2816
18564
706
6438
1549
400
239
119
611
4682
048
13769
120
082
225
402
3363
182
206
8073
5776
080
1508
23007
062
290
189
010
10000
351
1118
108
084
671
047
9822
2974
52393
1746
584967
2046
091
8867
025
139
034
107
144
11176
17797
212
671
1056
038
1086
4760
1170900
051
078
4455
415
222
8330
743
674
146
093
033
146
117983
1451
5471
399
175
2623
570
1524
1005703
31456
245
881
2058
1155
7742
1112
4965
13660
10449
1462
1387
382
3259
813
2108
1500396
54722
045
228
22515
351
49326
806
282
103
220
014
659
197884
129
086
11399
080
090
357
88755
453
011
138
2815
079
293
269
90578
797
428
769
253
264
818
13074
040
1559
054
4570
057
1902
116
1591
657
3908
092
238
186607
2933
245
070
565
697
108626
732
006
918
022
6607
1453
270
116
137
11088
577
260
786
263
1595
1906
088
064
584
291
598
116
2690
017
1117
123
080
140
16707
97618
576
47308709
2273
242527
981
045
889
183
116901
044
450
110
153
1004
219
726082
228
2945
039
051
2607
790
162
1247
1119
260
5154
887
107
050
1463
4255
379
176
305
4310
263643
486
263
13175
249
602
9599
2165
928
092
1910
063
549
1587
243379
1211
12391
160
4931
144
276
5244
151
18744
105
016
50679
3153
1750
033
411
14250
5859
558
107
108
217
022
937
201
633
52868
372
308
9991
562
079
392
8020
30110
035
825
2469
174188
245
177
188
100
15312
1202
9883
1275
23958
7576
137
042
082
175
093
057
808
3040
947
074
506
116210
281
421
3840
302730
214
6971
1557
1226
5634
9470
3032
130963
047
035
108127
157
2291
11798
151841
851
142
31473
472
093
190
613
070
1125
1239
4617
628
674
165420
119
339
203
086
061
149
7040
955
5081
265
8563
5817
1586
012
958
1031616
023
103523075
263
2763
73122
862
1212
034
10660
4651
1882
440
39328
461
294
472
2589
76331
206
135
078
066
3936
059
438
63908
134911
019
266
1159
040
086
5825
12674
1527
31201
9518
60964
652
249
8298
997
050
430
228
258
706
1542
093
1629218
222636
396
063
115
038
770
553
540
131484414
7557
032
060
2008
1500
18384
082
307
884
1886546
3524
231
1363
016
048
19779
622
677
020
112161
079
099
055
1248
85532
81850
254
011
74397
444653
1954
497
254
2073
1938
011
7912
136
140
3858
895
256
21601
067
38393
093
037
343
413164
43722
3521
754
3948
198853
444
175
171
291
685
1363
2439
081
1652102
4431
373
056
096
066
1668
625
5936
2334
912
153
296
512
12578
535
23853
531
406
33099
2711
014
176
2513
2036
3123
420
482
1194
1751
179
1570
1421
493
2797
22486
123
100
241
252
2791
862
275
1502
048
1410
890
2516
212
245
3700
184
400
507
14563
034
594
44204
27213
262
2364
24927
077
129
1050
25793
040
030
3849
145
42619
1308
12829
122
078
865
059
68893
13615
060
1286
295
269
093
601
193
295492
34716
309
354
14327
128743
078
4202
4062
961
406
3266
32700
2509
270
2541
325
026
1782
302
3584
860
542
9077357
67561
2202
64795
1813
494
775
320
2178
440
4655
9095
214081
110
1277
300
64785
258
15970
1319
7007
3460
037
164
139
54160
346
2931
229
361
149943
49608
36086
218
1405
480
14829
668
014
300
1142
171
4678
4104
256
129
211
294
185
185
1187
108
191
14851
077
136
018
355
3002
2386831
145
4794
764
102
7624
167832
109
903
051
060
060
017
152
297
4791
11702
12629
2435
531
120
638
393
073
11069
490
314
157
5528
1619950
231
2441
044
7269
2034
428
042
052
279
1042
1092
088
023
1756
1955
042
580
20313
4018
694
175
322
62828
77421
4665
241
22594
056
232
6433
4664
423
722
108
018
2502
827
390
1287
91068
031
135
774
042
171862
164271
752
5701
282
2805
418
091
3036
074
106
019
158
16756
2212
500
066
7853
30561
130
090
071
592
091
10702
526
983
5199
938
108309
2168152
098
545
31023
167
514
2210
034
464
893
1718
437
34127
072
7940
3901
316
71514
504
3296
007
24763
061
073
760
13247
621
373
064
87632
4063
203
010
251
222
112
8769
164
112
3637505
108
49359
800
119
131
6425
028
7872
494
036
039
2776
11723
15001
369
466
056
222
40494
662
214
417
151884
135
134
803
020
8242
2372
133
211
10146
37473
843
1479
8574
022
616
114
36109
1276
071
626
096
154
1024
182
028
2518
091
1216
566
168
15188
98858
040
240
15058
040
25299
129
039
2475
050
173
715893
008
067
196
263
036
91020
14496
50466
241
482
044
2831
689
6313
791
094
085
2309
3983
138
060
009
15421
11881
441
238
154
150
116
214
317
092
403
955
1453
013
043
66348
245362
192
2025
24365
6542
3303
1014
101
676
9456
049
858
143276
2004
275
9139
6627
4398
113875
683337
446244
5099
945
1707
325
1165
016
027
498
3832
2645
822
1503
20113
260
983
510
14097
064
892440
011
2032
101776
039
1144
269
359
113
121573
13263
47340
4755
7831
14755
609
2644
223
1216
370
1450
098
282
702
169
19422
19696
9861
8652
263
202
11398
156
018
1988
057
199
871828
255
210
6861
12902
1145
839414
109
073
529
1042
771
312
6400
156215
017
63783
427
567283
2076
15486
562573
128
155
15183
1072
233
555
172
37876
125
2159
115
438
223
344
3927
1003202
535
045
851618
499
108
402
036
045
5092
11953
1176
067
10687
2157
325
194
020
087
53185
1416
077
703581
365
322
270
152
1455
215
133
051
720
7465
364
074
8064
035
4977
680
107823
146
967
3986
12692
1750
1808
273217
6562
1163
114
20269
59703
441522
32127
140
395
3729
102
475
802
140
569
2425
46751
232
240
33509
2336
2155
205
9054
1868
433
3347
25720
56967
2898
24267
4212
16179
019
769
374
2113
051
018
046
179
024
18456
552
033
9286
1128
408
675
049
5605
95739
425
020
8494
019
195
309
2405
048
4560770
1070
229
043
051
1745
579
12365601
17760
7990
5160
128680
17073
493
1026
121
3210
474
041
2006
911
36774
1090
643
562575
127
230
020
3487
440
247
3138
1345
765
117
615
705
027
134
560
028
648
1147
142
109216
137
1481
1886
571
258
218
605
056
283
087
1743
023
7805
2166986
182
20433
1811
455
145
238
179
026
610
206
514
220
045
1790
643718
198
520
1328
2601
8249
516
147
821
4203
1962
184
100
224949
027
10731
132
1177
2163
697
2084
345629
029
2020
4843
27555
469
1440
14985
6751
343
2291
715
026
3275
41950
333540
18661
1287
032
15765
154
35443
67517
73781
136
433580
097
2531
377
201
344
825
121201
2461
77301
320
27411
919
60329
2073
492
1787
1962
192
2455
206
050
3655
226
100
2337
389
018
3298
3636
3416
4164
453
1280
2832
034
480
520
12319
9915
