602
943
468
998
953
548
872
878
849
999
979
999
720
319
707
978
937
938
834
999
450
992
892
972
985
964
638
522
869
973
725
810
365
852
547
993
999
999
999
979
463
999
999
797
944
777
846
821
421
778
830
426
684
998
999
843
937
622
342
983
991
638
563
946
781
687
970
594
842
994
902
783
431
974
798
915
980
644
528
996
940
999
647
996
999
941
744
738
928
894
993
979
670
914
364
709
833
978
999
704
654
946
875
738
616
866
872
976
835
627
991
555
994
997
498
746
759
712
729
453
871
999
996
989
991
866
696
784
999
913
948
978
965
537
719
995
999
519
603
998
617
998
652
941
876
999
990
989
999
681
993
996
937
541
913
714
982
703
999
660
893
982
875
323
999
997
907
475
823
985
829
480
356
682
949
700
786
906
901
515
823
877
434
496
914
998
986
526
999
935
561
994
477
519
979
470
440
831
756
786
993
973
984
904
476
937
534
586
922
677
607
841
879
611
987
939
975
983
986
992
985
1000
986
961
410
401
996
679
815
895
996
667
977
696
729
679
617
846
770
664
999
498
786
992
969
483
928
710
850
852
992
507
914
915
951
949
543
997
961
718
829
949
867
999
610
705
737
999
994
991
574
982
766
957
990
669
997
997
976
699
622
996
381
979
910
998
962
962
851
766
895
726
503
550
945
865
770
494
459
762
915
601
781
571
996
709
990
965
397
439
842
999
736
599
556
994
997
963
955
686
994
839
973
423
994
511
999
438
999
770
480
807
846
879
997
788
414
999
999
600
685
991
878
988
999
489
855
424
963
729
522
937
406
432
998
788
533
620
454
949
418
815
992
999
992
583
869
954
570
981
491
964
952
993
624
990
924
517
997
606
924
792
860
792
999
425
802
712
885
491
985
939
975
662
723
727
990
418
995
994
967
687
999
997
748
703
969
965
487
695
779
998
951
673
907
999
929
494
561
985
903
840
999
581
997
955
808
912
999
999
914
916
452
984
823
880
997
957
620
479
340
557
593
963
994
995
771
721
579
515
705
858
928
999
983
976
728
862
891
907
896
826
987
625
913
792
858
957
500
698
999
632
439
994
409
996
534
985
432
998
712
996
921
874
659
530
884
666
999
999
986
993
986
524
552
996
976
485
926
999
869
955
684
926
782
942
968
636
854
867
596
652
996
583
789
900
999
668
998
776
990
855
694
376
775
524
869
937
999
958
894
839
541
941
999
999
843
595
731
915
391
998
746
752
832
443
974
999
991
452
682
995
998
751
999
873
548
999
786
980
628
971
961
881
727
816
717
285
594
899
578
380
996
414
540
387
933
526
750
972
412
467
999
520
980
973
386
988
598
705
886
999
989
894
758
998
434
734
958
617
647
992
439
992
362
858
978
687
998
889
849
525
802
908
669
904
887
819
450
989
999
693
748
641
999
519
598
628
864
989
999
425
775
904
855
992
997
983
566
944
969
619
902
594
991
402
735
767
945
916
981
460
549
656
374
718
973
984
484
399
893
499
585
387
794
394
645
997
566
941
997
974
983
500
691
956
877
541
999
998
969
746
935
763
896
999
972
971
987
479
935
464
990
954
999
945
885
873
771
852
404
989
463
683
908
527
989
996
999
999
584
910
890
698
680
934
888
339
946
718
980
869
999
951
999
999
706
982
984
999
966
803
747
439
909
999
816
503
759
905
985
980
816
498
877
415
999
536
524
894
736
339
656
711
457
735
598
642
998
887
915
730
862
956
818
982
492
985
941
960
549
581
647
854
640
908
351
975
789
871
564
999
907
575
816
844
736
579
999
984
995
711
754
961
974
761
398
902
459
933
986
628
737
860
449
997
512
992
437
627
919
639
656
832
506
963
885
964
815
903
888
985
637
599
678
555
943
987
965
959
998
645
623
971
782
297
999
999
828
839
858
481
626
865
988
991
897
485
999
989
911
999
819
822
582
896
880
363
622
773
999
410
975
757
999
851
644
998
636
914
643
999
861
590
965
862
978
936
500
954
426
829
994
774
753
782
999
875
960
999
949
305
769
834
580
918
781
930
986
670
937
809
997
993
999
981
727
722
943
844
531
975
971
727
636
986
982
912
829
986
905
894
908
854
788
737
632
995
794
864
999
914
967
999
999
918
392
354
520
992
770
762
598
997
772
748
641
627
748
967
586
812
745
552
407
797
998
870
817
998
556
998
996
727
985
988
762
805
809
690
868
999
709
964
991
938
842
373
999
904
496
788
969
553
999
997
534
625
999
998
802
998
644
999
864
677
801
864
388
980
311
991
972
985
989
715
572
999
575
994
293
915
854
918
590
815
741
952
987
382
999
999
948
771
908
985
802
937
520
922
826
971
518
552
981
611
694
996
999
993
769
930
999
826
530
385
876
947
655
989
496
495
950
999
705
998
824
454
848
625
788
576
999
989
455
518
909
982
764
985
783
370
993
886
464
980
785
996
865
399
982
999
971
487
941
997
878
866
997
998
822
469
668
574
902
827
856
785
998
428
968
992
832
992
830
999
610
700
892
754
341
998
910
999
359
996
999
702
558
592
972
999
727
518
520
531
545
415
989
486
524
845
968
769
925
993
794
886
601
580
981
875
999
394
888
999
995
500
772
990
898
491
877
358
959
716
573
972
937
988
351
999
912
878
967
859
598
921
703
952
521
995
550
502
981
589
660
668
616
488
862
993
940
453
997
955
986
806
983
638
934
679
736
751
625
455
998
904
456
969
988
848
925
926
446
773
999
981
569
799
966
398
995
675
992
421
999
653
582
783
999
961
739
904
805
820
810
488
998
709
990
966
600
753
867
999
497
802
527
856
428
961
827
925
822
996
999
676
746
848
951
311
491
611
562
999
818
635
508
600
827
981
677
732
999
333
997
988
672
842
978
995
465
633
623
685
848
471
940
994
495
498
557
948
888
950
995
952
964
903
994
999
936
585
794
972
989
793
578
990
988
982
996
998
639
736
656
539
993
438
999
993
747
586
598
984
886
966
999
987
908
987
744
307
548
905
519
999
998
991
965
788
763
996
569
721
999
640
965
891
887
528
943
997
881
647
672
989
999
591
826
660
610
836
999
981
993
689
979
958
705
937
558
850
581
873
898
771
855
498
976
961
843
832
753
593
675
383
848
836
942
935
960
560
919
975
994
476
999
723
504
998
643
716
512
983
474
761
999
832
545
928
924
746
492
999
992
755
436
987
808
996
658
595
876
700
909
998
995
808
413
483
930
561
732
999
557
498
494
856
948
979
766
963
733
599
707
898
555
551
870
449
979
967
775
673
922
317
469
999
999
521
669
999
795
997
999
673
995
723
376
670
782
951
982
635
906
1000
526
917
381
884
967
810
478
999
358
979
999
386
979
637
714
727
497
742
992
953
434
997
989
521
808
675
516
740
963
748
253
989
913
550
859
999
992
903
999
997
664
626
568
989
798
898
625
712
631
999
987
571
633
801
604
756
946
995
988
782
576
920
994
553
870
993
732
345
559
364
967
347
946
999
973
999
627
989
746
864
612
452
995
375
723
539
792
998
527
617
762
470
767
403
999
888
905
985
996
949
896
954
427
320
943
999
841
714
960
962
893
694
915
961
763
763
998
701
999
982
743
751
650
604
833
999
868
972
954
999
978
951
899
769
571
970
726
754
987
998
961
994
991
999
918
517
959
883
989
842
904
854
999
756
799
550
598
896
990
502
385
979
730
886
999
570
964
473
988
968
453
961
734
997
993
905
996
789
514
928
701
999
920
270
881
812
234
994
489
739
674
748
983
924
389
882
780
978
554
373
990
883
668
938
537
971
804
933
987
428
979
648
816
899
999
720
670
519
777
651
584
646
689
976
672
997
999
906
873
399
369
869
991
946
986
979
527
927
445
461
667
638
916
994
999
856
808
993
491
945
872
697
737
872
621
997
520
951
477
954
970
545
972
999
994
379
753
753
799
984
704
522
419
628
529
762
998
972
846
737
999
732
562
493
799
550
992
970
796
998
898
965
668
993
997
824
937
564
568
995
882
407
810
825
958
978
997
996
524
989
763
844
972
999
957
827
916
606
451
710
981
994
999
536
561
947
868
853
985
416
607
999
976
999
994
839
522
391
999
786
992
860
669
953
961
998
997
999
542
609
430
844
979
734
982
864
668
951
824
974
408
391
981
549
830
455
999
825
373
998
953
999
914
999
305
991
406
707
999
990
924
845
898
570
333
997
452
998
466
961
771
832
539
926
763
999
999
987
490
600
907
684
964
958
597
999
758
793
520
997
749
999
828
997
842
999
897
883
880
858
509
996
737
999
523
706
844
953
998
612
650
552
996
839
539
888
999
769
976
988
642
834
526
687
851
530
998
992
839
997
813
999
397
979
733
750
717
560
821
999
589
981
917
978
560
873
995
334
957
800
561
999
560
533
981
988
999
996
665
576
991
824
827
523
855
881
950
748
991
654
994
955
585
855
963
802
676
601
488
762
999
998
732
568
835
868
965
999
846
999
580
999
970
930
536
937
450
985
986
936
946
955
567
994
956
621
526
510
727
993
999
532
868
663
507
717
921
999
999
538
643
678
997
338
762
517
915
798
640
953
496
953
958
685
931
422
994
767
354
805
625
877
957
726
998
404
447
852
960
970
560
999
962
640
636
872
548
743
585
397
597
382
999
636
804
999
777
665
929
713
816
314
391
961
981
616
518
843
464
354
818
996
658
987
659
614
420
995
993
894
630
454
983
739
875
667
979
999
826
816
829
998
774
911
740
757
696
689
869
557
917
999
969
409
936
662
999
593
875
989
450
983
929
984
960
597
926
793
763
990
959
893
421
846
887
706
963
926
486
323
940
506
986
526
387
717
999
982
963
737
523
995
658
982
989
907
940
799
989
919
971
814
960
995
999
727
715
998
974
964
845
995
677
932
996
974
997
997
594
856
982
698
616
764
938
595
993
785
561
496
452
959
939
944
996
999
805
431
608
477
962
952
996
585
435
998
687
413
998
997
817
999
641
860
996
409
693
916
968
998
830
621
545
496
362
816
315
999
514
746
882
952
697
996
459
568
998
360
759
695
754
759
600
446
994
939
435
984
811
977
999
592
844
799
374
986
999
709
998
942
388
722
953
570
637
940
436
651
580
582
946
997
966
929
598
944
958
975
810
783
927
975
678
563
814
980
931
917
999
535
449
600
423
548
760
545
689
739
838
675
997
993
858
993
899
939
967
702
491
831
822
872
845
994
997
893
997
791
963
610
626
998
999
670
480
998
776
998
384
964
944
775
539
241
999
910
955
390
963
522
938
916
979
552
902
998
970
827
989
925
791
993
885
911
874
843
218
883
995
565
903
999
600
541
606
801
910
899
968
912
635
755
691
741
562
991
843
974
982
813
999
999
741
922
425
999
550
955
996
999
771
877
439
587
985
884
672
981
544
999
624
245
875
999
806
661
341
441
512
770
525
716
756
777
953
600
998
967
576
955
860
857
652
715
997
716
859
529
897
788
665
956
805
513
724
622
286
531
626
831
998
997
608
995
996
680
998
999
916
907
972
439
769
932
461
962
999
660
991
990
765
821
998
943
752
999
776
544
400
924
905
835
710
911
980
807
986
496
475
908
984
920
407
518
677
996
999
999
504
984
982
998
526
994
995
383
998
607
569
532
886
973
942
966
982
274
992
473
998
998
702
999
840
997
638
980
360
999
422
549
497
617
891
980
866
925
997
589
991
997
949
757
590
587
984
954
875
860
849
962
999
633
464
943
441
797
443
539
992
584
483
935
870
617
957
770
999
722
929
838
581
946
862
917
696
997
856
854
653
999
999
834
751
585
998
540
811
628
868
888
987
592
927
880
998
999
998
402
980
666
912
538
930
994
886
514
999
483
707
582
739
995
842
994
997
969
948
997
527
859
886
520
737
998
894
930
999
382
996
999
737
932
995
875
987
969
549
960
501
859
601
808
998
877
993
996
436
803
958
924
850
997
718
968
483
746
729
531
349
937
855
442
640
996
967
998
990
635
430
998
719
973
938
780
530
953
911
360
707
984
963
349
700
997
685
568
968
994
841
844
823
616
663
766
739
576
960
928
999
803
875
965
935
740
566
901
719
740
966
999
991
914
534
838
973
999
999
985
516
962
996
971
904
984
999
953
562
988
829
999
703
428
762
744
995
299
988
884
974
588
772
672
973
981
404
999
341
899
621
458
985
810
828
636
807
918
998
394
990
684
614
998
878
958
644
998
726
595
721
914
579
915
998
928
495
988
795
412
759
645
955
739
821
990
855
999
768
976
992
760
708
904
991
522
941
891
913
982
485
613
996
496
502
985
865
405
677
541
457
633
936
994
440
599
873
999
996
965
405
910
911
549
504
868
625
990
884
927
961
707
546
749
940
869
888
981
887
999
443
900
948
360
262
999
992
966
921
485
526
889
930
812
928
999
732
943
591
973
999
982
808
692
544
991
485
663
264
988
994
846
513
552
422
620
1000
921
870
663
805
746
955
565
999
974
876
476
997
899
440
836
997
395
899
938
357
857
962
790
929
362
877
939
898
952
628
544
885
947
917
907
973
861
441
999
447
691
983
925
895
935
996
553
683
999
982
485
627
557
921
482
706
988
536
999
526
928
527
598
689
999
370
489
998
999
999
988
524
955
450
791
995
557
741
984
933
762
689
722
978
967
984
871
963
448
991
476
650
978
703
738
579
970
938
545
554
560
750
999
981
517
976
974
509
891
890
796
977
999
995
716
520
724
933
768
990
590
791
561
696
472
999
617
679
759
992
472
999
980
988
475
272
988
961
843
425
560
779
519
415
999
523
991
698
730
787
601
979
438
343
529
993
954
680
918
977
899
998
987
987
921
896
993
974
966
994
546
999
624
954
305
486
613
912
623
838
731
999
262
891
505
594
979
999
749
901
713
832
999
323
662
707
830
649
994
889
843
975
577
988
999
960
347
995
816
625
362
744
950
582
498
997
984
475
987
975
991
675
790
890
999
741
570
598
587
583
890
733
296
643
981
992
511
481
491
954
878
986
540
490
943
978
561
823
999
998
540
843
999
783
999
611
800
866
858
904
700
974
843
946
980
697
991
993
995
509
753
998
344
957
947
599
513
473
644
994
499
738
997
373
864
960
996
987
716
999
940
790
936
989
922
744
998
934
504
968
672
512
694
687
762
816
480
996
689
438
999
701
924
950
999
424
846
780
998
953
341
996
410
972
926
921
986
999
958
400
663
950
766
936
873
999
914
998
741
960
618
398
980
907
526
964
819
816
877
772
444
956
999
943
555
822
999
966
798
841
552
384
978
994
981
999
987
999
636
993
922
532
676
970
654
686
948
801
999
554
671
316
811
881
495
635
940
999
999
913
830
997
763
950
426
945
926
713
998
636
998
526
603
888
834
892
552
666
965
997
987
988
997
994
931
994
873
551
998
497
784
969
887
976
988
996
880
997
467
967
906
629
567
999
968
758
666
621
521
998
974
993
738
544
960
459
945
933
919
888
751
999
997
984
999
490
984
849
810
802
536
913
728
971
982
991
999
997
999
670
993
869
545
792
744
827
947
462
993
978
712
975
975
723
835
515
674
667
981
999
629
843
658
562
999
967
646
553
999
574
989
530
331
910
402
999
587
986
821
517
453
679
882
998
384
998
955
956
838
996
625
971
999
999
941
721
667
999
977
719
859
423
708
763
500
998
635
999
997
710
804
974
906
773
459
999
886
936
711
750
926
772
999
999
989
869
995
969
963
968
767
999
910
758
792
888
463
592
957
836
937
703
463
552
756
887
440
999
818
982
908
963
333
595
945
770
852
883
924
615
683
509
995
697
470
998
426
925
603
696
704
754
925
958
744
763
527
840
936
985
998
903
885
547
477
759
997
644
638
489
448
616
387
998
650
999
995
799
982
993
646
966
565
915
999
814
816
795
894
849
991
836
996
798
739
999
805
940
999
956
573
810
978
973
899
994
929
994
873
675
999
695
521
788
701
989
918
921
791
762
961
486
787
987
885
959
675
637
965
968
663
929
855
998
995
999
990
887
466
557
808
935
783
925
611
446
999
494
528
738
354
997
591
999
330
954
653
648
567
468
987
996
795
707
690
999
872
790
525
652
695
700
609
979
693
920
819
310
994
502
826
803
922
783
495
996
978
594
939
977
951
846
999
954
623
978
993
825
266
993
999
865
372
881
998
953
679
903
995
978
535
516
866
264
926
527
914
737
990
911
713
965
868
882
750
988
843
999
999
454
990
823
329
698
592
616
936
706
920
534
879
758
744
877
770
976
996
956
980
534
586
469
429
968
676
501
749
576
937
988
625
740
721
999
400
611
906
996
484
940
646
840
744
463
398
992
609
993
801
747
942
621
987
301
995
652
535
888
595
445
970
992
714
996
555
791
842
953
665
993
694
458
969
303
553
550
995
942
615
961
407
999
473
494
909
450
752
505
526
997
996
284
986
583
649
848
646
779
999
999
920
999
667
849
999
988
755
705
936
966
993
994
434
869
906
533
996
861
831
859
614
668
999
443
978
740
977
995
293
692
992
909
999
997
669
963
936
595
513
901
854
876
992
770
857
868
818
745
995
998
996
870
999
733
999
764
642
999
996
577
860
684
665
496
430
839
999
894
984
999
999
851
999
997
662
996
662
848
614
882
710
998
985
421
973
997
994
994
844
912
259
841
938
797
641
988
999
986
513
842
999
729
999
847
908
847
458
935
818
736
899
971
999
757
981
996
676
997
903
999
877
585
998
498
500
770
978
693
992
999
943
913
519
747
917
500
999
931
650
874
999
999
970
975
913
963
607
917
511
562
824
524
980
964
999
315
927
941
742
947
999
599
990
999
462
595
714
926
942
339
999
889
452
625
919
999
732
942
572
643
431
996
887
894
499
595
383
767
839
550
911
739
841
999
724
979
597
838
999
993
533
787
960
858
648
972
997
744
877
573
926
816
862
597
891
719
909
917
860
547
716
624
688
942
847
820
977
980
999
994
760
558
998
966
987
779
748
385
964
771
281
775
767
997
501
996
984
996
941
575
987
984
665
588
962
586
997
962
621
970
399
947
949
935
932
797
997
826
972
998
958
652
633
641
478
991
999
902
974
916
998
861
314
382
668
790
820
882
994
422
560
854
936
993
773
416
755
996
999
988
946
999
948
579
999
537
607
999
565
306
613
992
995
876
822
713
311
468
823
852
906
919
738
977
589
425
255
995
982
749
443
956
526
898
968
985
939
730
999
996
536
679
977
786
470
606
990
940
853
947
951
806
651
328
868
739
695
926
996
475
999
677
851
960
420
934
973
930
938
822
716
942
963
995
998
995
757
573
979
988
935
463
549
581
999
661
701
993
618
999
503
999
423
801
892
990
718
920
971
952
683
914
912
677
507
832
652
984
576
776
999
822
467
625
380
477
365
942
587
668
913
919
954
484
710
588
848
973
974
914
832
967
304
535
718
628
985
646
557
996
667
999
997
564
812
569
765
411
418
968
536
728
523
643
953
529
941
998
999
797
648
999
370
435
649
744
642
586
398
999
727
999
991
934
997
983
986
574
974
703
647
348
999
504
961
877
999
999
847
999
728
998
409
679
738
961
686
739
460
470
613
785
996
999
924
672
889
631
995
941
586
552
999
923
998
972
845
993
463
942
998
821
998
467
628
855
906
966
991
989
716
640
872
998
907
851
686
316
667
618
872
878
508
379
830
782
876
988
664
513
885
999
500
957
682
491
999
705
524
614
964
910
994
999
305
999
933
989
832
760
977
728
914
994
489
615
972
700
998
713
993
942
490
988
843
999
779
999
945
999
542
978
641
956
612
895
999
999
952
474
999
973
535
688
709
340
554
934
990
489
985
534
552
997
613
666
751
955
503
995
580
822
999
693
998
314
970
548
352
823
979
987
999
999
998
907
981
984
958
840
586
995
997
606
999
533
971
841
997
994
722
771
544
728
594
787
672
282
494
990
849
820
639
797
646
997
963
677
998
973
976
703
977
999
428
915
679
914
998
650
925
978
997
766
853
221
996
781
996
832
406
376
851
996
367
648
791
983
956
897
997
792
381
750
668
938
471
849
475
659
994
505
428
996
996
997
466
483
975
811
875
572
734
941
854
334
462
843
995
999
999
770
983
642
951
459
271
999
596
917
747
697
966
725
683
998
983
610
954
931
975
877
671
982
777
962
663
999
430
953
514
757
997
732
903
994
973
686
963
999
470
998
941
539
828
877
483
928
998
767
993
845
976
500
976
914
736
999
614
508
999
950
601
995
676
799
994
800
913
999
900
988
985
988
494
961
915
913
998
993
658
999
695
999
505
903
971
746
955
487
928
542
748
910
723
945
876
929
787
949
636
934
801
506
397
943
982
622
809
963
916
299
959
995
864
985
686
999
675
903
737
992
997
713
998
604
993
902
779
935
645
710
477
974
959
875
998
439
999
547
873
483
989
970
384
998
852
994
487
633
975
998
763
990
394
903
999
507
985
917
451
987
673
889
938
980
817
644
861
730
806
875
961
673
998
314
562
720
476
820
710
996
937
948
490
547
995
636
623
672
951
403
820
929
400
999
997
992
838
999
613
905
870
743
990
590
830
988
638
622
980
522
999
998
928
685
960
643
435
665
946
865
943
936
800
469
991
890
868
992
999
377
994
996
970
879
538
573
989
793
817
996
753
994
952
982
999
987
999
858
970
938
483
937
717
945
908
816
858
695
409
902
671
658
975
954
611
996
993
416
999
722
999
983
738
959
990
996
794
986
999
703
999
524
612
373
358
899
334
812
532
951
662
999
714
547
514
962
528
993
725
292
525
389
384
997
640
955
564
847
982
575
684
280
749
999
678
487
785
713
981
605
999
722
390
984
694
759
997
791
917
994
825
981
948
574
941
884
827
794
819
808
959
985
492
655
725
908
963
816
995
991
941
856
412
959
991
470
998
999
792
835
999
747
924
981
553
999
905
690
992
770
979
638
480
665
936
986
789
836
999
358
486
784
456
720
491
906
975
999
947
991
296
999
766
616
388
723
704
999
988
970
840
714
999
699
579
999
983
637
407
974
540
850
991
999
708
976
550
667
995
709
297
502
996
971
720
789
867
977
644
522
871
589
995
955
895
970
998
593
946
864
580
591
998
562
977
997
843
674
389
970
994
581
919
542
677
882
946
757
916
998
739
977
943
824
999
569
740
998
922
618
508
500
708
795
647
988
578
897
965
918
506
934
997
378
940
864
385
871
638
416
641
995
368
999
401
673
994
933
744
848
993
997
755
497
456
727
993
624
570
815
980
341
836
863
506
701
370
995
884
537
965
829
551
915
478
998
999
848
886
593
672
971
996
936
930
483
932
569
996
869
999
320
696
849
994
781
602
778
549
998
568
945
984
999
997
923
999
484
997
393
877
983
940
694
999
965
772
954
912
425
826
875
758
612
622
559
925
681
571
622
768
672
448
938
981
526
877
959
703
833
981
795
511
414
901
808
748
999
978
781
528
419
907
829
413
999
379
516
623
672
982
434
484
450
939
905
869
620
962
995
426
697
998
986
683
999
999
976
999
997
999
916
879
565
972
371
596
913
722
734
767
419
501
888
999
322
419
933
711
703
590
780
500
963
848
998
991
925
918
684
999
995
736
999
874
645
999
610
796
999
625
615
435
900
781
999
924
716
992
491
906
479
824
488
967
710
410
955
655
735
966
945
999
999
995
910
308
890
796
394
928
988
950
999
994
758
830
999
927
800
438
998
865
666
966
579
403
504
1000
490
998
781
470
1000
511
823
496
674
918
354
667
927
983
419
662
604
567
944
660
990
583
788
800
974
687
978
892
517
816
843
632
916
872
999
865
392
985
787
840
999
646
979
460
853
856
986
753
666
999
810
528
951
546
529
362
432
877
714
951
864
999
875
853
833
771
421
839
957
500
924
999
748
959
585
595
891
707
607
987
527
944
859
909
610
673
990
905
880
841
966
999
952
481
511
543
453
743
971
618
917
999
963
554
998
991
617
910
897
954
605
998
485
989
636
809
994
603
943
931
748
693
714
974
984
976
786
945
498
494
599
942
735
565
916
999
886
823
999
604
857
861
590
911
681
879
936
714
782
999
773
380
741
999
886
704
666
965
996
991
526
354
564
508
860
708
719
999
973
586
673
578
999
737
543
982
707
997
952
510
999
999
595
553
732
978
617
640
851
461
823
794
917
576
981
646
705
884
675
640
664
740
729
449
997
879
997
874
975
957
633
942
310
954
826
854
995
749
458
947
999
450
922
996
915
558
999
750
286
973
586
901
584
932
785
998
475
980
805
999
992
937
823
536
859
999
996
507
988
706
993
680
615
366
734
999
750
525
896
600
665
997
988
720
372
994
567
999
997
998
920
997
782
951
619
769
824
810
498
969
731
997
670
991
516
648
900
733
923
307
857
808
976
659
934
905
803
587
896
989
938
447
854
673
477
949
999
744
734
979
515
887
984
963
363
926
354
999
636
450
988
995
838
973
853
940
873
999
922
990
305
997
999
936
441
999
702
867
551
825
997
874
977
612
987
620
756
770
989
848
405
554
999
954
981
684
982
985
791
998
999
974
975
962
908
915
897
953
847
999
861
483
728
993
925
999
993
985
978
779
291
942
549
985
708
591
834
834
917
686
527
983
911
987
670
454
975
999
843
581
928
655
976
967
479
965
926
893
917
472
948
373
746
551
757
963
754
995
571
998
635
702
999
629
710
989
999
918
978
555
999
995
995
989
678
969
792
995
617
919
998
672
452
903
903
482
444
948
742
963
672
607
846
996
776
598
464
849
681
786
963
998
485
661
738
691
795
873
997
532
784
950
942
956
963
596
460
994
505
847
547
718
992
751
964
683
742
995
449
909
696
999
950
349
901
924
919
960
997
984
998
998
993
541
498
995
998
999
999
863
946
621
750
999
494
979
709
508
703
648
590
888
964
504
409
901
484
926
910
999
583
935
693
948
262
875
985
999
479
979
698
762
925
974
814
982
614
901
975
913
657
650
882
841
593
634
996
815
949
999
991
982
965
403
976
428
978
363
928
834
999
940
741
439
999
536
942
959
381
815
601
999
999
882
363
725
832
987
995
933
999
433
999
738
837
998
999
999
653
999
985
970
985
942
976
909
800
976
680
970
591
914
946
935
657
919
990
748
985
775
918
999
985
457
352
280
930
792
981
537
768
869
960
972
411
990
440
693
926
941
471
879
475
472
940
531
604
726
979
874
583
890
888
599
944
920
525
662
847
785
680
787
851
439
860
987
472
350
996
999
945
563
924
997
982
660
515
987
704
1000
930
776
921
545
350
465
434
955
777
903
933
473
982
970
999
957
995
845
758
581
442
584
970
829
518
348
998
989
618
624
465
759
998
992
948
728
914
946
775
495
794
867
974
865
980
637
885
653
598
434
970
996
998
317
694
508
856
935
651
819
612
962
985
519
938
666
996
983
949
993
995
586
476
962
646
619
859
971
963
834
444
953
809
992
866
917
985
776
374
785
584
999
998
503
826
1000
868
993
999
712
979
994
625
616
423
888
471
821
692
745
615
643
606
989
932
363
897
428
740
696
873
985
998
866
991
836
546
987
457
461
989
961
561
335
774
582
703
862
533
998
386
966
661
568
623
739
760
968
794
399
793
907
675
723
866
939
577
766
976
911
981
760
853
586
984
952
814
957
949
999
572
999
895
941
653
972
791
889
935
999
980
973
991
898
682
999
759
543
735
571
632
981
999
760
917
614
993
892
575
689
995
995
578
810
900
656
996
940
988
825
691
457
616
549
710
659
999
877
601
887
861
541
998
865
767
868
795
435
941
743
994
998
989
977
770
657
999
877
762
827
889
460
671
940
919
898
913
491
999
613
707
356
840
448
916
630
972
503
624
998
840
961
998
510
819
996
655
742
831
543
974
991
898
851
950
479
976
974
751
999
998
986
437
867
845
742
873
877
316
723
990
699
445
638
890
992
987
999
910
939
933
625
953
516
987
989
608
503
551
750
998
972
786
736
832
720
969
955
821
524
999
939
690
867
715
981
991
999
838
963
978
508
994
793
999
673
824
571
494
922
564
988
999
637
753
999
992
778
968
580
984
467
829
809
862
735
725
998
294
474
960
999
981
987
999
507
946
827
466
632
609
362
532
662
405
998
595
999
515
995
822
537
994
999
996
999
634
817
999
986
840
769
668
931
834
959
505
941
424
982
999
616
984
494
994
301
999
599
622
735
752
982
596
805
779
902
838
952
444
419
915
999
933
731
726
752
834
708
331
734
772
559
883
874
626
940
500
650
998
870
864
545
784
650
864
791
802
903
590
996
455
572
996
922
762
998
779
757
498
887
887
630
998
381
397
792
995
995
855
732
850
513
595
597
712
343
846
921
900
991
999
594
467
801
604
672
753
674
873
819
927
966
852
465
742
802
930
995
946
962
948
791
875
763
985
823
671
836
463
577
716
981
628
664
996
993
899
381
931
991
680
799
977
843
365
968
845
995
929
881
531
655
975
668
631
760
707
743
729
967
462
984
957
412
973
697
525
918
856
978
710
966
983
856
527
999
989
715
505
999
693
694
936
760
796
717
509
999
855
963
853
859
901
997
462
650
660
845
999
903
934
995
690
631
779
997
980
898
848
479
987
901
885
966
999
978
698
665
920
339
535
961
799
705
941
973
935
999
250
993
997
969
999
906
585
582
905
965
753
979
975
381
988
922
473
999
687
542
815
816
999
642
966
420
699
961
817
911
987
579
956
516
663
868
802
944
939
977
897
943
999
795
837
990
514
726
996
986
999
999
999
789
930
963
994
927
875
999
471
829
962
853
456
415
885
911
914
902
538
950
857
569
589
993
489
994
532
935
999
967
999
980
999
852
590
993
998
689
873
519
761
502
510
741
668
411
967
748
999
896
822
962
999
793
990
748
937
999
714
887
512
921
611
985
499
588
544
999
784
930
788
407
997
574
738
988
983
964
877
994
822
905
990
808
641
989
978
993
996
994
932
855
946
572
936
610
468
997
885
686
999
725
982
940
893
672
962
497
370
706
710
991
727
519
674
941
807
923
662
806
909
468
938
924
926
599
785
989
865
652
946
502
677
999
666
767
716
999
629
998
701
410
734
789
925
738
830
919
872
836
528
655
863
999
999
913
792
922
545
828
585
999
303
548
396
959
652
488
774
714
590
525
951
851
844
852
901
885
525
367
596
986
924
977
867
781
986
813
699
655
999
992
892
986
998
469
997
998
987
999
997
647
497
591
551
988
331
893
999
998
978
984
401
999
996
994
878
521
999
999
752
999
986
901
497
998
983
559
865
942
635
607
581
997
722
383
663
999
894
972
951
423
993
619
995
848
970
978
569
999
726
396
998
906
828
999
678
973
460
997
990
979
607
988
727
953
869
994
815
720
649
601
996
689
930
748
958
787
942
995
985
999
493
859
999
993
641
927
999
900
749
998
654
970
971
999
791
840
676
486
982
994
998
986
329
883
473
999
412
588
955
813
997
577
524
353
738
588
896
989
990
804
986
973
938
949
907
720
991
944
999
969
994
347
713
581
576
762
873
998
965
824
999
987
838
574
974
353
992
961
996
612
480
994
980
788
844
393
656
459
927
355
987
810
736
554
998
487
489
927
978
946
427
456
998
806
901
999
481
848
999
476
995
987
996
454
511
938
832
482
549
701
428
789
802
950
543
996
997
520
766
957
994
565
994
694
465
676
993
740
532
711
963
880
999
999
700
391
768
640
713
972
843
365
801
920
508
429
852
699
737
950
984
456
879
999
889
327
534
894
997
998
997
848
989
955
664
974
550
804
987
403
995
650
606
983
996
903
995
982
543
930
978
368
838
954
510
976
458
505
706
850
664
999
959
973
884
992
926
739
988
995
919
935
839
999
466
400
727
646
999
959
952
962
984
921
729
706
999
985
936
859
748
813
901
974
932
970
779
548
413
999
907
790
362
999
792
900
725
500
523
908
649
927
985
980
997
987
999
999
609
902
823
397
999
616
999
998
587
937
628
897
442
998
910
999
301
356
648
521
996
982
502
644
595
998
555
457
459
726
980
905
822
993
866
964
608
495
725
998
797
994
822
957
990
959
922
394
982
931
977
969
935
723
525
556
848
966
698
999
413
506
289
989
998
555
998
613
382
705
751
999
658
780
544
370
840
318
778
659
524
636
477
438
732
980
342
996
913
652
476
701
654
934
581
653
999
919
966
915
982
996
991
867
999
621
995
504
937
398
982
964
998
999
697
938
995
901
360
699
634
735
764
962
477
488
906
674
686
826
974
752
997
930
896
867
965
405
908
847
573
933
885
917
593
681
836
642
846
999
964
925
690
976
422
988
664
751
579
950
996
999
277
905
903
976
942
976
970
999
621
973
855
481
612
999
985
994
871
568
986
720
711
999
480
876
854
514
698
756
895
900
858
987
440
800
854
589
727
818
999
851
438
931
961
908
464
364
681
687
910
991
999
783
993
999
811
483
923
976
994
538
978
960
724
995
998
909
978
714
688
710
999
904
590
995
985
985
919
890
890
780
999
804
864
931
965
945
813
348
774
462
750
441
985
922
886
972
651
424
978
992
996
391
800
993
470
678
733
987
987
691
981
479
890
996
820
703
509
998
735
762
584
709
709
907
749
906
999
977
897
661
991
940
582
681
922
637
842
762
505
888
974
738
985
810
949
576
996
992
820
606
999
366
799
584
995
970
690
503
789
999
767
997
740
972
550
478
455
565
383
947
569
508
428
906
985
606
313
772
999
999
914
999
586
731
527
940
980
639
761
959
336
552
957
931
975
799
999
891
997
990
814
674
858
999
775
455
762
830
921
999
942
816
592
853
805
939
958
517
518
821
988
450
632
575
765
441
588
975
456
790
870
630
969
489
987
750
356
984
995
632
545
979
995
996
828
563
643
947
982
912
984
893
353
672
727
743
689
996
998
787
823
988
644
810
955
643
660
882
932
994
980
553
961
999
998
728
942
968
951
935
997
989
421
835
387
986
744
950
980
764
996
987
757
988
967
789
992
437
926
924
518
989
995
990
549
534
651
580
494
870
992
561
999
903
999
847
928
448
922
538
533
532
999
862
285
900
692
999
776
535
982
493
970
792
505
917
974
513
583
847
521
846
535
982
977
546
867
821
982
912
906
999
856
604
497
761
506
549
936
748
941
651
870
314
517
589
775
685
957
718
995
926
994
997
913
731
993
675
936
840
935
813
562
567
656
892
652
905
925
938
867
670
824
999
478
766
515
965
998
474
917
999
533
316
566
984
607
853
644
782
914
460
833
786
793
999
944
999
801
992
915
828
606
464
520
924
999
297
999
496
534
925
975
481
999
864
960
423
400
999
970
637
995
952
767
971
537
916
613
999
378
761
974
614
520
622
989
553
793
813
930
960
382
866
568
992
939
923
920
481
448
708
994
430
678
995
579
576
999
999
841
999
813
999
906
965
999
997
997
481
916
978
525
763
537
989
893
907
892
999
690
950
955
690
998
999
991
999
998
725
977
720
266
539
999
998
794
688
705
484
998
934
925
986
632
934
976
555
514
321
910
870
557
728
975
997
845
704
386
480
980
373
938
972
755
615
559
999
634
944
993
975
524
523
996
990
639
606
928
828
916
997
598
576
608
927
452
673
849
985
732
869
946
671
968
466
999
948
795
914
837
971
986
587
997
951
809
579
999
935
988
836
736
894
806
923
447
963
513
844
958
931
999
969
892
421
503
737
698
709
417
844
998
884
496
815
392
875
682
984
632
991
656
987
991
793
980
375
980
978
606
995
772
855
997
573
954
822
960
998
636
705
449
626
960
708
651
325
743
539
769
992
795
999
674
992
625
436
979
998
977
999
793
963
779
398
860
621
480
904
998
427
584
995
999
997
766
510
653
313
951
830
995
974
303
790
714
994
577
595
539
855
788
979
851
751
853
999
867
897
688
446
995
854
612
500
975
882
900
985
509
881
948
648
978
764
944
677
892
933
941
996
994
999
665
676
775
903
879
775
999
998
998
997
639
535
547
957
622
999
999
573
998
908
528
808
717
987
804
958
851
948
860
995
946
994
922
973
842
950
999
806
999
998
995
373
911
982
999
912
989
999
999
852
711
567
472
638
630
998
842
996
393
997
999
979
416
703
551
661
518
973
772
269
682
730
891
900
921
343
429
965
989
430
866
997
937
929
997
786
728
596
889
978
527
999
283
951
538
804
906
475
603
838
701
522
999
597
851
984
909
445
999
993
993
551
999
790
812
991
970
920
760
999
753
948
453
497
685
633
792
907
887
520
811
926
714
996
634
662
874
989
980
973
514
540
465
452
875
801
512
863
719
998
990
800
647
936
792
597
944
694
369
999
976
725
959
329
729
955
982
562
918
632
714
825
789
707
535
995
891
698
955
683
824
998
381
833
679
824
652
813
600
869
999
996
911
962
558
926
806
840
627
869
315
993
990
679
565
758
994
983
729
822
963
659
893
478
716
428
364
917
999
993
978
917
573
959
786
999
998
314
940
922
898
966
844
700
638
599
640
993
988
974
393
609
999
618
957
927
832
810
999
856
437
695
975
789
998
626
827
276
742
991
883
926
972
391
960
977
968
794
852
801
572
675
509
982
979
867
928
696
913
528
803
999
886
596
862
993
991
866
979
566
675
999
518
705
996
957
999
998
597
567
777
643
961
450
933
984
515
957
950
661
806
974
537
537
920
993
361
825
862
892
965
760
543
750
999
631
962
821
853
965
957
487
636
760
915
999
971
590
924
771
522
855
860
875
852
999
966
705
706
986
786
523
999
729
945
998
997
899
838
610
894
998
401
912
999
770
945
842
909
613
716
997
637
879
918
971
999
998
999
355
947
608
986
795
521
649
993
500
697
976
446
991
998
692
641
999
856
909
443
990
823
986
811
700
998
552
684
776
962
891
979
803
946
973
569
854
988
958
404
900
949
938
999
907
973
335
999
920
484
999
981
516
965
999
544
995
955
764
999
752
506
963
570
943
837
730
618
626
981
795
914
706
670
995
945
871
952
664
656
986
908
855
532
917
737
970
360
989
836
999
842
528
934
438
983
315
950
777
879
607
825
998
996
985
600
997
801
948
785
940
999
391
566
979
492
479
641
569
966
945
929
717
382
583
995
599
998
703
888
741
861
561
793
999
981
983
386
474
933
926
612
811
631
851
937
599
927
999
714
746
405
992
828
999
985
805
642
999
929
649
828
491
483
997
998
972
971
459
966
907
999
733
958
978
653
993
941
537
857
560
709
999
999
996
982
549
398
741
516
461
735
998
733
790
437
646
959
999
995
586
983
609
809
519
947
874
765
629
874
949
965
626
922
948
574
570
795
999
460
481
957
998
891
974
448
462
653
783
744
647
948
407
928
975
573
572
412
750
888
363
887
982
472
711
759
999
997
679
941
997
999
758
983
670
998
902
517
684
969
654
967
516
984
882
997
680
863
983
998
971
888
823
993
760
784
793
906
962
509
888
538
701
999
502
999
836
659
580
977
999
592
569
951
972
752
822
498
551
960
991
477
654
346
966
743
991
988
243
574
414
969
474
838
996
996
977
792
776
621
854
999
823
789
923
688
994
899
911
996
996
950
772
995
366
754
894
864
789
866
503
850
335
973
841
965
928
881
523
999
510
742
862
684
547
995
648
906
511
444
995
458
980
991
996
779
404
946
718
285
800
528
817
444
562
452
804
940
835
832
787
999
552
452
710
555
592
879
999
999
896
483
834
354
865
947
954
551
996
731
873
880
426
997
967
317
825
996
903
581
849
724
830
987
414
711
679
622
999
999
991
988
999
967
986
999
999
964
837
373
464
849
968
963
977
996
573
998
480
921
858
988
516
898
658
863
720
986
535
997
339
829
458
852
348
797
720
411
999
882
546
721
922
606
775
542
423
949
565
556
587
586
594
701
508
532
945
783
977
618
588
998
489
881
716
999
896
980
806
999
999
963
968
869
960
728
728
997
856
996
964
638
991
706
929
724
891
940
940
466
619
555
867
951
408
423
394
976
393
987
799
818
478
951
386
983
999
662
581
490
938
943
925
519
941
598
543
605
862
994
997
482
986
981
748
999
999
966
667
785
999
986
988
741
724
379
995
979
999
595
976
794
609
996
887
999
702
989
992
936
995
957
878
970
995
451
949
930
780
939
984
919
516
651
999
982
999
505
989
999
449
980
681
955
905
997
885
683
996
814
522
525
898
989
790
871
637
443
382
875
858
567
966
370
994
782
985
797
691
494
826
460
551
977
902
794
729
963
966
967
995
446
999
447
554
432
914
903
934
758
995
849
831
531
692
354
985
319
742
907
827
678
899
999
550
816
999
400
747
942
468
974
510
998
989
994
415
901
822
485
663
825
994
860
524
679
522
980
983
496
916
793
762
432
540
999
675
732
706
694
512
983
709
889
916
798
806
744
456
983
959
545
474
978
994
647
720
791
937
569
726
979
872
902
715
993
963
960
845
911
958
932
999
998
997
898
439
785
999
991
403
675
996
997
773
476
895
426
920
651
793
642
999
927
958
825
997
698
865
671
926
456
728
289
981
988
995
858
575
377
999
693
460
590
358
746
919
988
564
959
791
999
616
991
983
671
725
773
979
999
426
999
975
531
999
989
967
579
667
938
707
894
632
465
536
708
863
503
792
904
948
571
913
920
829
989
479
815
770
905
907
864
340
469
800
650
942
996
995
391
962
989
959
971
624
963
818
999
564
366
941
968
585
633
880
583
998
996
976
999
973
746
580
918
627
549
785
772
592
592
305
991
941
504
916
874
980
803
949
668
878
429
953
982
917
997
996
976
999
950
356
640
753
560
999
976
967
939
868
893
532
902
999
835
433
555
896
995
979
826
999
995
903
999
999
999
569
928
971
996
988
992
922
875
616
933
490
733
819
634
778
913
935
972
564
911
624
986
990
989
960
907
930
956
999
465
990
360
667
931
612
983
926
998
999
845
981
962
761
863
996
977
673
689
989
868
894
698
922
417
984
488
747
917
707
997
606
832
979
831
521
708
563
425
819
998
690
930
997
525
299
560
999
567
528
473
999
723
959
860
803
990
838
673
400
999
976
980
964
967
999
999
934
763
547
300
443
467
611
730
664
967
983
577
776
993
901
324
980
999
994
820
527
616
598
511
561
850
711
614
571
878
679
512
999
505
749
990
985
995
499
529
912
899
939
908
525
742
633
992
991
969
747
999
883
999
239
267
958
599
777
945
819
999
960
876
999
593
999
381
724
727
708
954
957
920
923
651
990
947
502
957
652
926
343
918
952
728
991
845
776
557
972
968
487
996
983
999
444
350
965
562
999
415
787
491
574
999
688
553
640
856
994
522
677
853
381
992
518
991
999
771
999
835
804
648
910
999
652
899
996
648
999
701
999
465
879
874
853
913
960
776
999
785
986
859
338
998
341
468
883
944
944
690
948
999
978
973
517
690
998
534
389
678
850
295
679
694
275
718
564
643
873
635
779
689
981
552
999
327
833
991
998
448
943
993
974
930
575
994
993
999
734
809
828
944
907
482
949
996
504
985
641
590
884
998
999
561
530
461
836
686
686
965
958
817
925
997
942
894
999
751
742
574
513
970
801
733
980
655
917
993
961
996
986
917
512
393
907
999
674
644
748
747
990
559
903
981
998
837
582
938
586
999
999
502
956
994
761
823
521
998
641
956
928
967
866
537
984
996
934
515
727
774
669
534
820
746
828
818
509
642
746
996
988
910
484
994
749
491
924
964
404
536
999
823
994
434
940
738
857
778
603
875
994
945
999
673
596
958
958
983
586
778
999
432
948
999
467
424
909
547
732
999
999
459
965
364
816
701
459
999
997
844
583
620
975
797
482
394
646
543
696
983
434
667
814
669
999
819
925
991
874
974
479
980
869
843
929
990
743
990
933
964
997
740
994
881
824
913
531
890
639
999
868
614
709
998
460
911
775
990
377
790
515
799
467
796
953
660
977
995
609
556
991
576
593
530
965
912
865
778
579
785
997
987
998
687
420
970
932
550
999
475
576
480
999
998
598
999
999
799
993
963
987
999
946
995
836
982
978
959
445
999
971
993
939
905
716
619
758
993
661
797
415
962
999
822
915
988
999
996
990
999
998
996
931
804
388
951
993
538
989
799
594
997
977
999
998
462
719
961
394
583
447
991
757
779
750
791
865
498
939
792
958
970
999
999
975
894
971
854
999
983
867
961
998
705
937
793
989
875
414
464
474
978
729
995
873
218
922
966
757
958
630
861
552
796
694
973
984
988
995
997
968
999
998
536
997
957
467
958
974
956
786
995
989
999
997
999
965
957
976
957
485
971
589
649
762
755
997
824
997
765
316
888
564
887
630
938
936
859
999
854
557
999
999
714
616
962
634
718
849
677
532
997
645
691
967
573
972
618
558
446
521
994
714
336
995
996
819
823
810
992
843
630
887
956
602
998
739
989
997
999
998
988
901
984
772
722
831
645
947
330
578
999
770
990
937
591
824
919
717
402
999
895
835
479
997
653
567
512
998
560
966
825
915
994
876
525
963
552
712
789
999
605
610
783
999
998
994
667
661
593
978
553
538
689
999
926
926
705
678
807
927
997
446
990
995
978
612
587
789
999
783
993
620
535
979
993
883
992
894
999
576
501
937
803
439
997
585
