001
056
008
001
000
010
167
004
018
000
005
000
004
001
000
003
001
002
001
000
001
001
008
001
000
002
000
000
001
001
003
001
002
001
001
003
000
003
005
001
002
003
001
022
021
000
001
001
002
002
000
001
001
001
004
004
000
000
002
001
001
002
150
000
001
001
004
001
001
001
001
001
001
002
002
000
001
001
001
001
002
006
015
000
056
001
211
001
000
000
002
004
004
035
005
000
001
000
006
000
313
001
001
097
027
009
006
001
002
001
002
000
016
001
001
003
001
001
000
001
001
001
053
003
001
000
032
001
003
000
237
002
001
103
001
017
001
862
053
001
162
001
000
004
001
080
070
003
528
712
016
000
030
001
044
000
001
001
001
012
022
003
003
001
000
003
2461
001
001
000
002
001
001
001
000
000
054
018
001
058
013
014
002
003
015
000
001
001
001
110
001
001
001
000
001
001
002
000
012
6053
000
002
002
007
001
001
001
015
272
001
007
003
001
000
019
000
004
055
001
001
000
001
002
003
001
023
050
000
010
000
003
030
001
002
048
001
001
000
5435
005
006
006
050
018
142
002
095
000
066
000
000
001
001
002
014
004
005
023
003
000
005
001
1875
010
003
002
001
081
000
072
001
002
000
000
010
005
321
015
000
009
003
000
001
001
000
006
001
001
002
048
000
003
001
000
002
019
006
001
050
000
060
001
001
086
002
002
000
000
002
010
000
001
073
005
000
002
008
000
043
001
001
042
005
019
001
000
000
001
563
002
010
006
000
001
000
002
982
080
001
000
001
000
000
092
000
019
007
002
002
007
490
001
011
002
022
001
012
000
000
000
000
001
007
016
000
002
002
009
003
007
001
000
000
001
007
005
001
042
000
002
001
001
001
002
000
003
001
000
021
003
001
001
276
002
000
001
151
000
001
004
085
010
020
001
001
000
010
001
3473
000
079
001
001
000
001
017
000
003
003
002
001
002
056
005
125
997
531
001
001
003
001
001
000
002
001
004
020
001
001
005
001
003
000
270
000
001
1233
001
040
001
003
001
001
002
000
012
002
687
003
003
001
007
003
032
040
014
041
004
004
204
003
001
001
001
002
001
043
064
029
000
000
162
225
002
002
102
008
056
001
000
000
001
000
157
065
001
028
717
002
004
001
004
000
001
000
001
001
001
002
005
001
001
054
000
10796
023
000
000
003
001
010
012
061
008
000
001
165
001
183
007
473
014
26861
011
004
001
002
001
005
001
001
087
003
002
031
002
963
000
001
006
005
002
001
000
001
002
001
000
025
004
001
104
007
000
002
050
075
001
001
017
003
001
001
001
000
007
001
011
003
001
001
009
003
004
001
001
001
003
002
001
012
000
000
001
001
085
002
000
000
001
004
000
000
000
001
002
001
001
006
000
000
001
004
174
000
001
004
001
039
029
002
001
003
000
276
004
002
000
012
001
001
042
001
001
003
000
005
063
001
001
001
000
002
000
003
000
000
000
002
076
001
004
014
061
009
001
8447
012
008
001
001
003
001
002
000
000
000
004
001
013
000
007
1886
014
000
001
022
003
002
001
176
012
001
013
000
006
416
011
256
001
001
001
000
000
012
003
001
000
013
003
002
001
000
000
035
000
012
000
001
002
006
001
001
000
000
001
000
002
003
112
043
001
001
001
001
000
000
000
001
000
001
001
001
038
000
015
015
000
007
001
001
000
342
001
008
001
000
279
002
003
063
019
001
001
001
001
008
014
2230
001
007
018
001
029
001
039
001
002
000
000
001
004
001
034
677
000
001
001
001
001
001
002
000
001
000
002
001
000
002
217
000
004
003
001
020
000
001
020
001
002
2719
005
001
001
002
035
004
004
002
000
077
747
000
002
084
008
001
000
001
001
001
001
001
001
000
000
000
011
001
001
001
022
003
000
001
241
001
001
000
001
001
010
431
004
001
127
000
003
517
004
000
003
002
001
001
000
1621
006
003
000
005
5640
002
000
009
002
000
001
002
000
033
001
000
002
001
001
066
016
001
001
001
001
001
004
001
160
000
014
090
000
002
001
003
014
001
001
001
007
000
408
001
004
001
001
000
001
009
002
003
005
001
117
002
003
000
001
005
003
001
021
001
003
001
002
000
000
004
007
001
001
009
092
94835
1003
000
006
175
542
001
014
002
040
000
004
003
001
018
001
006
000
003
027
029
006
009
000
001
000
004
010
026
021
210
197
000
003
001
002
010
000
000
034
001
001
002
001
001
001
002
003
005
002
000
004
000
002
003
006
001
009
002
001
010
001
001
202
069
005
014
004
001
005
003
001
022
000
019
003
001
001
003
013
001
008
001
000
007
002
001
007
021
031
000
000
000
000
000
294
000
001
022
008
001
031
012
004
001
001
000
003
012
000
001
019
002
002
000
001
004
001
001
004
000
001
011
001
001
168
000
001
001
001
003
031
001
003
079
000
001
061
000
000
396
004
883
013
000
001
000
35625
001
015
006
002
000
063
076
006
014
001
017
074
000
001
000
001
003
001
001
044
001
000
001
001
000
000
005
001
001
333
001
005
006
002
000
000
001
176
022
070
001
002
010
252
000
350
000
001
035
002
008
437
001
001
2270
002
000
037
000
002
003
079
004
001
001
018
000
001
002
020
003
001
017
048
041
006
051
062
001
003
001
011
003
001
000
000
033
005
001
004
021
002
001
000
000
005
000
001
001
005
072
000
207
009
532
001
003
000
005
001
001
001
005
001
001
000
000
323
001
003
102
001
004
002
000
002
001
9662
002
000
003
000
001
001
001
004
001
000
000
019
139
084
001
045
006
006
001
003
001
006
002
000
000
007
000
001
000
001
000
019
001
035
002
001
000
028
001
002
3156
000
001
013
001
000
001
007
000
002
001
000
000
001
020
007
001
001
001
000
002
028
040
005
009
001
054
000
004
000
025
008
002
005
009
000
001
001
007
000
001
001
001
003
001
003
028
001
005
001
001
000
001
000
171
001
029
000
1305
002
024
944
023
001
000
007
004
018
000
000
002
042
313
001
001
055
001
018
013
001
001
035
000
015
004
000
021
005
001
008
006
027
002
001
016
001
260
001
003
000
019
001
001
003
000
003
001
000
003
001
032
005
001
005
000
001
002
001
002
001
000
002
005
001
187
004
002
056
021
008
1327
000
011
001
001
005
014
001
001
001
001
020
005
002
004
005
094
002
2101
001
001
001
001
027
008
000
001
001
001
001
005
001
016
002
001
002
003
000
001
003
007
001
129
000
003
000
005
000
416
009
008
002
001
001
001
000
155
000
011
001
000
001
054
002
032
000
000
1004
004
002
003
004
001
012
000
001
000
001
000
001
007
001
000
010
230
000
002
001
002
001
151
000
022
018
004
103
001
012
002
003
000
001
212
000
001
002
013
001
007
002
000
000
000
003
005
003
000
000
001
001
007
001
001
002
001
17761
000
004
000
001
001
000
001
000
000
052
000
005
000
001
041
004
002
001
013
000
4609
000
002
000
004
073
254
001
002
001
000
001
001
932
022
076
001
001
002
001
1129
026
031
002
001
000
005
000
001
001
001
003
014
003
087
001
002
040
000
006
000
000
2298
000
115
001
003
000
001
000
023
026
014
001
001
003
000
001
006
002
001
002
004
051
003
000
001
001
1334
008
004
001
008
001
071
001
001
007
007
000
000
001
000
002
001
001
000
000
001
002
001
133
002
000
000
004
001
232
003
003
000
001
000
010
000
005
001
099
001
001
18511
1450
003
003
004
007
001
001
002
003
003
004
015
281
372
001
001
001
000
000
008
001
000
000
001
001
001
11176
001
001
001
000
001
001
003
246
001
000
008
003
024
008
016
004
000
032
016
014
000
001
000
077
003
004
006
004
000
022
007
000
000
004
002
000
009
001
001
000
000
051
008
001
000
003
000
000
000
000
000
000
002
003
001
015
001
009
004
002
002
001
000
003
001
001
001
001
004
000
000
001
003
002
028
005
012
043
002
001
000
1946
001
007
066
000
002
001
001
000
001
151
001
001
096
001
000
000
003
001
004
000
000
003
001
001
000
004
001
014
001
001
007
006
010
001
001
000
000
009
191
107
009
000
019
001
000
002
007
000
148
001
005
000
000
001
000
003
026
053
000
000
003
001
038
028
238
444
005
079
002
000
000
004
001
000
001
001
002
004
003
001
002
133
012
001
000
1158
000
010
001
003
001
016
005
001
010
001
004
001
002
002
000
000
027
000
001
015
002
000
001
000
001
002
003
000
000
001
000
000
012
004
002
001
001
000
001
011
000
000
003
001
001
004
005
000
019
005
005
000
000
015
000
011
6559
004
028
003
002
001
001
001
000
001
004
006
000
006
001
001
000
068
000
000
008
000
001
032
001
009
000
051
009
126
305
002
002
000
000
000
000
014
013
001
002
001
001
000
002
002
002
003
002
278
005
005
046
002
181
138
002
008
001
116
001
001
015
002
013
000
001
001
001
002
001
002
002
001
002
001
003
005
000
002
001
012
001
024
006
004
005
001
010
002
001
001
003
001
001
001
243
003
004
008
001
002
001
001
000
001
001
002
019
001
001
000
000
166
002
008
008
001
000
011
000
002
236
003
002
029
021
000
005
001
001
001
010
223
001
005
020
001
035
001
001
001
033
001
001
002
000
000
001
1192
001
000
000
001
001
034
001
001
004
000
006
006
016
002
007
000
002
004
001
000
003
001
000
001
3929
000
003
002
001
001
001
035
001
035
005
003
001
001
166
023
007
000
002
715
001
001
000
021
000
003
000
001
3548
005
002
036
002
016
001
001
002
003
001
043
001
000
001
417
000
000
000
001
002
001
001
001
001
002
001
000
031
012
000
2672
005
014
001
001
002
000
000
001
001
023
001
040
2530
013
010
007
000
008
001
075
000
000
001
075
001
033
001
002
000
006
001
001
014
006
002
012
000
325
001
021
001
001
002
001
001
003
001
003
124666
000
000
008
000
001
008
001
001
077
000
356
009
000
016
001
039
001
000
001
000
015
000
6480
000
105
000
001
13969
000
000
000
000
001
003
012
000
035
000
001
002
004
000
007
002
000
007
5048
005
000
001
020
001
000
001
000
000
004
002
001
000
000
005
000
143
001
001
000
000
001
003
001
000
003
000
000
009
039
001
001
002
000
1479
006
012
000
000
001
007
001
001
007
000
005
029
004
006
000
006
001
125
005
000
003
008
000
000
001
000
002
002
000
000
002
001
001
002
011
000
003
000
005
007
003
001
001
000
001
002
000
000
006
000
045
003
001
001
000
000
001
001
001
001
001
002
008
005
004
191
009
001
000
006
001
018
000
004
001
003
001
001
000
007
016
001
031
001
005
004
000
003
000
002
001
001
007
000
001
001
000
001
001
001
000
000
001
000
005
000
003
001
005
909
000
035
001
001
001
001
002
670
008
000
000
106
000
003
012
002
000
001
001
014
001
005
020
024
014
003
002
001
003
002
002
001
000
000
003
134
001
001
005
1397
008
000
000
218
014
009
000
001
030
008
002
855
001
000
002
005
001
010
006
000
093
001
001
009
002
002
000
005
204
000
001
005
001
004
001
000
004
001
002
002
000
017
016
001
003
009
001
001
100
000
002
001
001
003
001
001
000
001
013
003
015
006
001
006
002
000
000
000
001
001
002
011
001
003
001
000
046
000
000
001
001
000
001
001
000
004
004
002
005
001
008
001
016
001
002
001
298
014
001
001
001
001
001
000
006
004
008
001
002
004
1224
016
003
002
003
001
022
000
001
044
000
001
196
007
002
004
000
010
001
000
003
406
001
033
003
007
138
012
001
000
005
009
009
000
001
000
001
016
002
000
000
036
230
000
001
001
296065
001
027
000
000
2535
061
001
003
008
000
000
001
001
005
001
000
011
005
044
1650
012
001
003
001
000
001
009
002
013
001
002
000
016
000
005
019
017
000
000
008
001
001
000
001
003
000
001
039
001
000
000
000
003
024
004
000
001
001
659
000
001
001
014
000
010
003
001
001
004
041
5299
001
000
000
001
000
002
004
005
002
001
001
001
001
040
009
001
001
001
001
000
007
000
017
001
001
002
002
005
001
000
001
002
009
014
000
026
001
000
029
001
000
001
000
012
001
001
004
002
005
001
001
000
005
055
095
000
082
000
2093
002
003
043
003
053
004
001
001
048
015
001
000
000
047
003
002
607
001
009
001
004
000
000
001
006
015
001
001
006
001
004
001
001
201
001
000
000
003
13830
007
013
001
473
6445
029
320
001
24542
008
001
000
002
001
001
001
015
001
033
006
000
002
009
003
001
001
3545
309
000
006
003
003
006
005
002
035
536
001
004
002
002
000
000
000
001
003
000
000
007
030
003
018
529
004
205
001
001
023
1848
006
015
002
153
000
001
001
112
122
10960
009
003
010
000
004
002
000
007
286
001
001
001
001
001
010
022
001
003
001
004
058
001
001
001
028
001
001
000
007
001
001
002
001
002
000
000
007
000
074
004
264
004
003
001
001
000
001
000
083
006
007
000
000
000
010
002
001
001
005
001
000
519
000
000
003
000
000
002
001
000
000
001
001
001
000
002
347
004
005
000
002
496
002
001
078
002
000
000
000
313
001
095
000
002
239
001
326
019
003
001
003
041
019
001
020
000
002
001
000
022
000
001
080
011
008
008
015
003
002
034
001
002
002
049
001
002
002
002
000
000
002
000
001
038
000
066
000
001
001
007
132
000
001
005
000
001
005
000
000
001
054
001
000
001
010
000
131
005
000
011
000
004
003
097
001
011
002
006
001
003
017
000
001
002
001
000
003
003
001
001
010
000
000
000
000
001
000
000
005
000
001
006
006
003
011
008
020
002
002
002
001
001
007
001
000
040
000
026
001
000
001
001
000
001
009
014
001
000
001
030
002
001
000
000
033
002
000
000
000
007
055
002
000
000
001
065
001
001
004
001
002
000
001
059
005
000
000
000
001
000
026
001
003
2272
001
000
262
016
004
019
125
004
001
249
003
001
001
011
001
007
002
001
34253
095
010
001
001
001
468
002
160
001
001
537
1189
137
013
004
8786
003
000
002
001
34701
060
021
000
000
001
001
001
000
005
004
001
002
003
001
001
000
000
001
001
001
001
001
001
394
000
005
108
003
000
000
493
000
012
004
021
001
001
051
003
000
015
302
002
001
002
000
021
001
000
001
008
001
002
027
004
001
002
001
001
001
237
047
000
001
010
001
001
010
001
005
005
046
001
003
1043229
008
003
093
001
004
001
214
000
000
070
000
002
001
1539
002
001
000
002
006
009
001
001
001
001
001
001
382
002
222
000
001
000
000
008
000
002
011
343
007
000
141
627
003
003
006
000
001
012
001
001
002
001
000
000
007
000
005
042
001
000
002
006
001
002
053
001
056
005
005
001
1687
000
000
001
002
001
001
006
005
001
005
000
001
003
001
009
000
001
009
001
002
016
003
001
001
000
001
000
000
063
002
287
001
032
015
064
2049
013
001
235
001
001
036
022
000
023
001
003
137
001
006
001
001
000
001
001
001
000
001
000
000
001
000
001
001
007
000
002
065
001
006
006
101
000
010
000
001
001
000
001
004
087
008
003
001
000
011
001
025
001
002
007
001
005
001
001
001
001
001
000
002
003
079
005
001
001
005
001
000
002
007
002
001
193
003
000
002
001
409
092
003
120
001
001
001
000
004
001
492
4712
011
000
007
001
001
24823
000
001
307
014
001
001
001
002
004
001
001
000
000
000
003
001
000
001
005
000
007
000
014
004
000
17207
001
009
001
156
000
000
001
004
000
040
001
130
001
001
002
000
003
000
001
010
001
000
006
001
029
001
015
002
001
014
001
002
006
001
001
001
002
003
397
8945
004
001
002
005
002
502
000
092
021
11107
000
003
001
097
002
004
002
001
003
001
012
065
001
001
232
005
1066
009
015
000
000
3152
001
000
000
001
001
000
001
000
001
002
001
003
000
000
001
012
068
001
004
002
001
000
056
000
017
001
004
000
000
000
16421
002
001
000
002
001
000
001
002
093
030
020
070
000
000
001
001
005
000
001
000
341
001
057
012
001
029
000
017
021
041
008
000
002
003
001
001
001
001
003
001
001
000
001
007
002
003
171
009
002
004
000
001
005
002
001
001
001
009
407
001
007
004
001
001
551
002
014
000
001
000
003
001
015
001
001
001
001
544
178
001
001
004
009
001
012
002
000
013
001
003
002
000
000
002
039
000
009
000
001
1448
001
001
000
001
000
000
005
001
001
185
003
022
003
003
012
000
314
000
002
001
001
001
001
000
001
150
001
000
001
429
247
008
000
004
001
030
001
026
003
001
005
000
003
092
009
000
006
001
001
000
002
056
001
001
001
001
001
015
001
001
018
038
002
000
015
252
001
001
000
003
001
044
004
000
000
046
003
065
075
051
011
003
000
004
171
046
063
001
002
000
001
806
191
004
077
005
015
000
007
031
001
059
009
001
000
001
5608
000
003
003
002
002
009
001
001
001
000
002
035
008
001
002
6984
001
647
000
003
007
000
000
001
000
008
010
005
002
188
001
001
000
001
006
001
001
003
010
000
002
001
000
002
003
006
002
000
008
013
003
001
003
002
485
000
000
000
144
004
003
001
001
012
001
001
000
001
003
010
014
005
453
1733
002
003
000
000
002
000
003
068
002
000
001
000
001
003
004
002
000
169
031
007
345
006
007
001
000
005
014
000
010
001
001
001
003
001
000
002
001
001
001
008
006
001
001
001
017
048
000
001
001
000
004
001
001
040
001
064
000
001
003
001
001
000
002
150
007
004
003
002
000
000
000
087
011
004
001
010
000
005
000
001
002
000
001
000
045
000
001
000
001
001
019
001
007
008
001
002
039
673
011
016
000
005
006
000
001
000
004
140
000
574
005
012
002
027
001
001
001
001
001
001
000
031
000
001
2863
000
079
010
009
001
010
031
000
001
002
013
000
004
000
000
001
199
001
002
015
062
002
000
000
029
001
001
005
001
903
001
023
001
011
008
024
002
002
003
005
003
235
000
002
002
003
002
014
005
021
001
001
001
000
000
001
001
000
400
001
004
001
1217
010
000
000
010
008
030
003
003
000
002
000
014
001
000
002
000
000
024
212
022
001
001
001
000
002
000
001
001
000
011
116
000
012
005
006
001
007
002
000
007
156
003
000
001
045
001
003
011
001
003
005
001
000
003
082
002
001
002
002
001
018
001
000
001
001
023
023
000
000
007
023
000
002
039
001
021
001
001
006
001
054
003
000
008
001
002
000
001
001
008
020
083
019
004
030
005
003
032
001
000
001
001
015
000
001
001
002
001
016
110
4031
010
003
001
001
001
003
005
071
000
000
492
000
001
005
001
000
7170
032
989
003
001
001
000
338
005
072
012
000
000
001
001
001
000
092
000
006
000
002
026
001
1306
003
003
006
001
004
001
000
001
001
002
033
023
001
000
127045
001
001
020
000
025
001
001
001
001
019
002
001
001
001
012
588
001
001
002
053
001
068
003
004
001
738
005
002
000
001
014
001
002
059
009
008
1812
001
039
000
000
001
001
001
033
2750
003
002
017
000
2466
025
002
001
004
002
005
016
001
115
002
000
001
000
002
002
001
001
001
003
013
029
001
001
001
006
001
000
001
003
001
043
051
000
003
002
000
001
018
021
000
002
005
001
001
005
002
000
002
006
000
142
001
032
001
001
001
000
001
004
001
246
016
2917
039
001
000
004
007
094
003
000
001
019
001
005
000
000
006
002
000
007
026
001
021
001
009
001
541
000
044
086
028
002
010
003
000
007
000
001
003
000
001
003
000
001
769
026
002
001
4303
001
001
001
001
002
001
006
001
000
001
001
389
046
002
010
025
000
000
021
004
001
002
002
001
006
000
001
000
000
000
000
11906
004
363
000
007
002
139
001
003
283
079
000
018
001
001
006
001
494
001
004
001
13964
002
001
021
001
000
002
010
008
512
2228
034
000
001
6717
007
000
001
001
004
026
003
001
001
202
001
000
001
000
000
000
001
000
007
002
052
007
000
001
001
000
044
000
001
001
007
001
001
000
001
002
001
001
001
010
004
363
001
001
001
002
001
002
002
006
012
019
091
000
002
001
000
001
000
017
002
001
000
001
052
012
003
001
001
002
000
035
527491
33110
001
001
001
000
002
001
001
009
005
000
001
001
000
016
000
001
004
003
002
003
000
001
005
000
001
004
002
010
000
002
000
014
001
000
2077
019
080
000
001
000
000
000
002
002
001
003
006
001
001
001
000
001
010
010
001
272
004
002
017
031
002
000
001
002
002
001
003
150
001
000
000
020
001
002
005
016
001
001
001
000
001
029
010
007
004
004
001
001
000
001
001
010
001
002
2672
001
001
008
001
001
001
001
001
001
044
000
001
001
001
9205
002
006
001
000
010
006
000
001
013
066
141
001
002
001
001
001
003
001
000
001
002
001
001
032
002
003
1139
001
001
000
001
011
002
001
002
1169
000
018
007
001
002
005
001
002
011
001
003
000
13800
003
001
001
001
000
007
006
012
000
129
020
010
890
000
000
009
015
000
6270
002
002
008
000
000
004
001
010
000
001
001
001
009
2390
069
015
001
002
000
000
001
002
208
001
050
018
307
001
034
006
028
003
002
000
001
000
008
000
001
000
013
001
003
000
001
007
001
004
014
000
089
002
003
000
001
30716
001
79638
003
000
001
003
006
1465
001
002
042
001
005
002
994
4213
004
000
002
001
006
067
003
000
001
001
006
001
015
000
000
001
002
000
001
001
001
015
028
002
004
000
001
000
001
001
000
002
001
035
001
005
000
000
000
083
634
001
003
095
000
001
000
000
001
001
001
020
001
013
001
012
101
001
003
000
012
056
003
019
004
007
001
749
001
000
050
341
000
000
012
001
000
004
52910
001
2446
003
001
003
001
001
021
001
000
001
018
006
056
1625
001
000
003
000
000
000
201
000
000
000
001
001
003
000
000
103
000
001
003
001
005
003
005
021
000
003
000
001
004
001
000
000
000
000
000
051
005
001
015
303
072
001
023
003
000
001
001
001
001
000
011
005
020
002
044
019
002
002
002
002
003
010
002
007
001
000
000
000
001
002
005
001
019
000
000
000
079
063
004
000
001
001
002
001
001
003
020
001
000
026
2153
004
000
004
001
001
020
001
001
000
115
004
001
001
000
089
001
006
001
007
012
001
000
002
504
001
001
002
000
002
002
002
000
001
054
008
642
000
002
036
000
001
007
000
028
001
013
000
003
000
000
001
001
001
000
525
107
008
002
001
001
005
000
000
001
002
001
011
001
001
7325
001
000
002
073
000
001
007
000
000
001
014
003
007
002
002
002
001
003
001
005
001
004
000
000
001
073
000
001
016
009
191
041
001
309
001
000
288
001
4313
054
008
002
012
001
002
001
120
004
1714
000
096
006
002
007
003
006
002
010
002
000
001
001
000
001
365
000
000
000
005
001
001
000
001
091
173
002
041
003
000
000
018
296
059
000
285
022
000
021
012
005
003
000
027
023
001
002
056
001
001
022
001
009
262
000
000
045
001
001
003
009
003
000
005
003
025
007
005
000
000
017
002
007
004
630
003
000
001
000
001
000
016
000
001
001
000
013
004
001
001
004
144
001
000
916
003
002
033
000
038
028
003
008
001
000
000
021
001
001
4373
000
001
002
050
001
011
004
001
001
001
000
032
000
001
001
008
003
888
000
006
001
000
000
002
008
007
037
003
003
011
000
041
012
001
11579
030
27681
496
001
002
000
004
001
055
000
001
000
005
001
005
001
23494
000
001
002
011
182
052
001
002
013
1633
000
000
001
007
003
003
001
004
039
001
000
000
000
000
000
002
000
017
004
005
001
496
006
000
001
000
020
001
000
002
001
002
000
002
002
099
001
001
016
001
017
001
001
060
027
000
004
001
000
000
004
002
029
002
001
000
038
001
003
002
239
000
013
5782
008
001
003
007
005
001
001
006
000
001
002
006
39875
006
001
001
001
001
001
080
008
001
001
022
002
002
001
001
527
003
009
001
009
004
004
000
000
105
020
000
001
002
000
004
001
041
001
000
000
028
000
002
001
002
004
006
011
1460
004
001
003
023
000
001
2752
001
001
008
024
008
000
004
001
036
1951
000
000
001
004
000
478
001
037
001
001
001
001
000
000
001
000
000
002
001
002
001
102
000
018
001
004
001
000
018
005
139
001
001
002
001
021
001
001
001
001
001
001
002
001
009
001
002
000
004
014
001
000
008
003
001
000
001
084
003
001
039
000
001
002
001
000
059
000
001
001
003
001
300
135
019
036
002
7423
000
001
005
010
008
001
004
002
001
001
001
297
021
001
001
010
147
000
002
001
001
000
001
002
001
007
002
004
002
001
001
017
002
000
012
000
003
007
003
719
011
004
002
001
000
001
002
19381
006
000
001
219
001
034
000
002
002
007
000
003
004
001
001
001
002
207
001
002
001
005
000
002
011
000
001
002
001
001
006
001
023
000
000
001
002
000
001
001
003
060
001
057
036
001
201
000
000
001
1477
002
001
001
001
004
001
001
003
000
002
002
003
000
010
014
000
000
000
107
003
007
067
001
001
140
000
001
000
064
021
007
137
000
000
000
001
000
007
011
005
001
008
004
002
000
002
023
002
204
147
268
000
000
002
000
001
068
2762
004
000
000
001
001
007
001
309
001
005
005
001
093
001
001
001
005
036
001
298
060
000
003
006
007
031
006
055
012
000
001
001
002
001
000
001
000
005
076
001
003
001
1646
002
001
001
001
001
001
000
000
005
495
002
006
056
001
000
000
001
001
000
001
000
001
005
001
008
004
037
000
001
018
520
000
013
004
002
084
005
001
017
102
042
072
002
010
001
001
000
149
001
002
000
001
001
051
018
003
008
002
004
000
000
001
001
033
061
001
015
249
002
001
000
001
001
001
001
001
008
009
001
002
001
4129
006
001
008
013
013
004
002
001
012
000
004
001
004
001
007
003
003
000
005
001
001
001
036
000
001
022
008
003
001
001
003
001
001
003
002
013
000
003
001
003
000
001
001
000
000
002
006
012
001
001
001
002
005
008
002
010
000
018
001
006
001
000
002
000
066
024
000
001
001
008
000
000
006
035
112
005
002
011
007
001
108
002
012
002
001
003
000
002
001
012
001
001
167
000
001
003
002
001
000
001
002
002
004
001
003
002
001
002
003
001
002
000
000
001
001
235
000
000
000
001
004
002
001
001
001
001
104
184
001
005
002
001
001
000
1721
001
000
005
004
318
001
000
001
000
084
003
000
459
029
006
001
003
000
000
000
001
000
000
022
003
000
254
001
002
001
002
000
002
002
002
002
269
000
001
335
003
001
002
002
022
000
13092
015
001
000
000
015
003
001
001
002
005
001
000
001
001
000
001
050
000
001
001
001
004
003
001
001
001
006
122
001
013
009
017
009
005
003
000
039
000
005
006
003
002
001
003
124
013
001
012
001
003
000
001
013
032
000
001
000
000
006
001
000
001
002
006
053
000
000
012
305
000
001
002
109
007
001
001
008
000
001
001
001
001
004
031
002
002
002
006
019
050
041
000
000
016
002
011
001
001
002
000
005
023
002
000
007
015
023
001
064
052
029
138
072
001
001
001
019
000
001
521
000
002
018
017
001
006
001
001
006
025
001
4401
000
004
007
002
015
009
001
015
210
001
152
018
001
000
000
001
016
006
005
001
000
003
001
001
053
015
000
001
1646
020
000
375
000
000
013
413
003
001
001
009
002
000
005
000
002
004
003
004
000
000
001
002
001
000
19825
027
000
016
001
007
000
001
000
008
000
001
002
002
4955
003
000
000
000
005
003
844
001
001
000
001
003
001
000
010
235
002
007
007
012
003
003
000
002
001
006
001
000
000
001
028
001
001
002
000
003
011
001
001
4829387
001
001
003
021
000
001
008
027
002
001
001
002
001
000
001
000
000
000
003
018
000
003
002
001
000
001
001
007
002
001
000
003
163
004
001
010
000
002
041
001
001
001
009
523
007
027
000
000
023
008
013
121
001
000
000
000
065
001
072
001
016
000
001
003
000
001
001
000
001
002
001
002
001
041
002
001
000
011
000
002
157
002
004
014
008
001
001
025
757
000
001
000
034
000
047
000
006
001
001
001
001
051
001
002
002
005
000
000
002
001
000
000
001
000
003
003
000
001
001
011
001
017
000
003
000
056
040
004
001
003
001
2660
002
6014
000
002
015
034
001
000
001
000
002
082
001
001
001
002
004
000
000
000
002
104
002
001
000
045
001
002
002
002
000
000
001
000
002
003
005
002
001
002
001
389
4225
153
007
000
479
000
001
000
000
001
000
088
001
005
001
105
000
001
001
001
001
001
009
026
000
003
000
007
001
001
001
000
007
000
000
3721
002
063
002
001
000
000
001
000
001
002
001
000
000
154
485
001
001
015
001
005
010
003
009
017
001
000
000
002
002
003
001
145
001
000
000
005
000
000
001
5622
006
001
592
000
022
001
001
001
001
003
001
001
1468
032
005
000
005
015
000
021
001
002
001
000
063
004
285
001
10751
001
000
018
001
001
110
005
001
001
001
000
005
001
85612
001
026
006
023
000
148
014
001
001
008
005
000
005
000
000
001
005
003
001
206
000
002
009
001
029
010
001
007
001
001
002
016
039
004
001
083
001
000
001
000
001
000
011
001
001
001
002
693
707
000
001
002
009
000
001
006
000
003
005
005
000
001
001
001
504
000
000
004
010
005
001
001
000
007
000
001
000
003
001
000
008
004
000
001
000
146
001
052
001
002
000
000
006
001
000
001
014
018
011
000
003
014
004
001
001
026
001
002
001
000
001
002
016
002
001
004
002
000
159
001
007
003
001
001
001
065
001
001
030
001
835
001
001
061
004
008
233
000
000
007
000
001
000
003
001
001
001
004
000
000
000
000
022
003
002
000
003
001
124
001
660
003
002
006
001
002
000
000
019
004
001
001
002
043
001
2773
001
001
001
002
000
005
013
001
081
001
000
003
071
017
103
000
007
001
001
439
005
000
001
000
000
000
001
001
007
006
000
004
025
001
001
002
001
002
001
001
002
002
149
345
002
001
001
004
000
005
001
000
069
002
002
005
000
000
000
001
001
098
000
008
094
001
000
018
001
096
059
001
001
000
005
001
001
005
001
000
002
001
1019
000
002
001
089
001
005
001
007
002
000
001
000
002
004
004
002
001
000
002
001
000
000
000
000
001
018
000
001
034
001
002
005
001
004
001
001
001
001
405
005
014
001
002
001
004
005
002
009
003
003
004
000
013
001
011
003
002
001
000
3340
012
001
001
003
001
000
002
001
061
001
001
12628
007
001
414
002
001
001
000
000
001
148
015
001
001
002
001
003
000
000
000
001
005
8240
677
005
849
000
001
001
002
003
009
001
001
002
001
002
000
024
002
001
008
001
190
005
1422
001
004
002
000
000
036
001
002
000
2583
111
001
002
028
001
001
017
000
009
000
002
001
001
000
001
005
002
018
006
002
002
007
138
001
000
001
014
001
001
000
000
001
063
001
001
025
096
050
001
001
005
000
000
004
002
001
089
006
018
000
029
006
162608
001
001
005
002
002
000
040
000
000
009
001
000
000
001
022
039
067
004
002
807
047
005
001
006
001
019
000
006
000
000
000
001
001
001
004
692
004
000
017
001
000
001
002
001
009
000
002
002
000
001
011
021
002
002
000
001
002
002
001
001
002
000
003
026
001
062
001
001
021
003
008
011
018
002
005
001
055
010
001
001
035
000
005
002
003
010
000
001
001
001
000
001
033
12256
005
001
004
007
000
002
007
001
002
002
001
3388
002
001
001
001
718
002
000
029
001
000
011
001
014
199
000
006
218
005
160
000
001
000
003
000
001
001
000
002
001
001
001
001
001
010
000
001
000
069
001
193
002
001
039
001
001
001
001
001
001
001
007
000
066
002
000
000
010
361
003
002
001
002
001
000
000
000
002
003
000
001
190
001
001
004
000
001
001
001
000
009
063
074
18299
001
004
016
001
001
001
000
003
012
001
002
001
008
019
000
001
000
000
001
000
000
233
000
011
023
000
002
001
001
010
005
686
001
001
000
000
007
001
001
001
001
1654
185
047
001
000
000
000
018
000
005
819
001
010
004
019
005
000
002
002
030
003
006
003
000
025
001
1752
030
001
003
001
003
000
003
001
001
003
008
001
000
013
000
000
004
001
001
006
052
007
002
030
002
001
001
002
005
000
001
061
000
009
001
003
001
000
000
000
000
023
000
001
001
000
025
001
001
202
3013
010
001
004
001
005
037
001
010
000
000
001
007
000
001
362
001
000
004
001
020
000
000
001
000
000
179
001
000
000
010
004
099
000
001
000
003
007
002
001
003
000
001
067
000
001
017
017
001
001
003
002
061
000
001
002
004
010
1379
001
001
001
003
001
001
001
001
000
000
001
009
001
011
008
019
001
000
009
002
001
707
002
000
003
425
002
001
000
12220
002
001
002
001
001
005
000
000
024
004
026
001
001
000
001
001
008
071
001
010
000
037
002
005
003
002
4572
001
38741
219
002
000
000
004
001
001
002
000
001
000
004
001
001
000
002
008
000
000
001
002
002
037
102
005
005
004
001
000
000
001
001
001
001
1355
002
002
101
055
1352
000
001
030
000
243
001
049
000
010
001
005
000
000
146
002
001
102
007
002
000
14701
001
000
032
000
001
000
000
000
001
035
001
000
084
001
019
082
002
013
000
019
002
009
001
009
001
000
012
1225
002
005
942
016
003
030
001
001
001
018
277
002
41553
000
002
059
001
002
013
000
036
001
003
001
001
000
141
001
007
000
015
001
000
000
042
001
001
005
004
000
000
000
133
004
001
010
001
037
002
259
001
001
002
004
002
000
002
000
003
001
001
000
000
001
001
003
009
001
001
001
000
000
000
000
007
001
005
001
040
004
033
003
001
005
001
002
001
000
002
002
003
000
003
006
001
000
000
001
000
001
000
038
001
002
017
007
000
001
048
000
665
038
000
001
489
000
001
002
002
001
001
118
003
000
018
002
001
000
013
000
001
004
094
1471
002
054
006
001
001
038
000
001
001
008
001
002
002
002
000
001
002
003
016
000
001
077
005
000
054
003
009
001
1076
002
043
001
001
001
049
000
009
005
003
002
000
001
024
582
000
000
002
004
000
001
002
001
021
000
000
014
000
001
001
001
000
1292
000
113
001
001
001
001
001
001
000
000
007
064
001
010
001
001
051
001
011
000
002
004
000
017
060
008
137
011
002
002
010
003
001
001
007
005
001
001
010
001
000
001
002
378
018
000
002
000
001
001
001
4869
011
002
001
000
020
008
001
000
001
014
002
002
436
042
001
001
004
001
001
239
001
001
001
001
001
003
014
007
000
008
001
5902
004
000
001
001
000
020
000
004
002
003
002
036
002
002
001
003
003
001
000
002
012
004
001
000
000
008
010
001
157
001
001
008
000
000
000
001
1164
013
000
011
001
002
001
002
001
002
006
002
010
001
001
014
002
002
015
001
001
034
002
007
020
001
015
001
003
004
001
062
039
000
027
001
003
001
097
001
001
111
001
2026
015
004
001
000
010
001
002
314
020
26074
003
015
247224
006
001
034
006
250
001
000
001
000
001
001
004
421
001
001
003
013
001
003
028
004
000
001
001
659
001
000
001
003
001
005
098
001
001
001
005
005
000
001
009
001
008
000
000
001
680
030
000
037
260
001
000
004
000
002
000
009
001
006
000
003
002
011
016
035
000
014
010
001
003
045
003
001
002
002
037
006
009
001
009
001
001
002
000
001
088
002
004
003
011
000
001
001
002
001
000
004
040
029
010
002
001
001
006
276
000
003
000
000
001
001
001
001
000
007
000
186
641
024
1375
024
014
001
004
001
010
002
010
001
001
001
001
000
000
000
003
341
003
000
006
004
457
000
002
001
001
001
001
011
001
003
001
003
095
000
002
000
000
000
126
001
002
001
008
001
010
001
000
002
712
006
002
002
009
001
001
001
001
002
001
002
001
000
001
002
000
009
000
001
000
000
000
000
000
001
016
004
048
007
000
001
001
002
901
000
001
008
001
000
007
001
003
000
000
014
001
027
001
000
001
001
001
541
000
003
001
003
008
004
001
002
001
012
000
001
001
001
037
000
005
009
000
051
001
001
000
055
002
000
001
003
041
002
000
000
002
001
208
023
111
605
001
001
002
001
002
000
003
002
006
006
583
001
002
000
000
001
002
001
001
000
009
002
007
3155
011
019
000
149
007
003
000
000
001
008
002
004
017
001
029
060
001
001
003
002
001
004
921
032
000
001
001
002
001
002
001
001
002
001
006
001
276
003
001
001
008
001
001
002
007
004
001
001
000
001
013
000
043
001
004
001
002
015
000
000
001
002
001
001
000
001
005
002
000
001
003
002
000
001
001
002
003
018
000
009
001
000
001
001
002
002
000
002
001
000
007
000
001
014
002
003
008
8467
009
002
004
001
093
000
002
000
016
001
002
004
001
004
420
000
000
000
003
000
002
001
651
017
056
001
003
002
001
017
009
000
001
002
000
001
024
000
1606
001
002
003
001
003
000
028
001
001
632
945
006
001
004
001
002
632
001
002
009
046
3593
006
001
002
001
002
15964
015
001
001
005
002
001
000
001
075
005
000
009
002
006
152
000
001
000
000
000
001
001
000
011
1034
011
005
001
009
002
001
001
027
002
001
1051
000
002
036
000
000
000
004
046
001
001
001
017
001
000
000
013
003
001
000
000
001
002
000
014
001
001
002
003
001
000
001
1201
001
003
000
002
011
007
002
000
001
001
000
001
002
000
013
000
943
007
025
024
001
001
012
002
000
001
001
048
000
001
001
005
000
013
061
002
001
001
001
003
006
001
002
000
000
000
001
005
004
005
009
001
001
001
001
002
001
008
003
061
003
003
018
006
001
000
022
001
002
001
010
001
001
009
001
003
001
1292
000
001
000
009
006
002
001
000
001
001
013
002
003
001
001
001
001
000
001
000
001
001
001
001
001
001
001
000
000
000
009
007
017
091
004
001
056
001
007
000
000
000
000
003
000
009
011
005
000
001
001
003
000
001
001
000
001
089
001
003
005
000
000
000
004
018
001
000
011
001
001
000
001
25400
213
000
020
003
002
002
027
000
001
057
002
002
006
021
002
065
001
002
001
002
002
1979
003
001
034
145
7803
001
000
001
020
001
034
003
001
002
001
001
000
004
000
007
142
001
000
001
002
002
000
006
000
7329
001
005
013
003
000
071
014
001
147
000
052
152
002
000
001
001
082
007
012
009
000
001
001
000
002
001
001
000
001
003
001
001
002
001
3654
027
002
000
000
000
019
001
001
000
002
002
006
002
031
001
003
001
001
000
001
000
001
001
000
003
001
615
008
000
605
3930
002
002
866
000
002
005
001
000
006
001
013
001
010
001
004
007
001
002
008
001
001
000
001
480
004
010
000
013
000
017
007
002
2462
000
001
000
523
001
105
062
000
000
000
9055
010
001
001
011
000
000
000
046
002
002
001
014
001
004
001
000
004
000
062
001
001
000
001
011
002
755
000
2364
000
001
001
020
001
006
000
186
002
000
336
001
003
001
1294
001
038
000
001
004
001
362
011
005
001
039
000
083
002
001
100
002
000
000
001
023
001
001
007
002
000
002
000
002
001
026
010
001
002
001
001
001
000
010
005
100
000
012
000
001
002
004
003
000
000
001
114
000
000
002
000
009
001
001
002
007
016
000
000
000
002
004
000
001
1856
001
136
004
001
427
002
004
001
001
002
001
004
001
012
002
001
000
016
001
002
002
001
007
003
002
001
002
019
000
002
003
006
001
001
001
001
002
000
002
000
001
001
001
000
006
007
001
001
027
004
031
000
015
001
001
000
019
001
004
000
004
001
003
002
022
000
230
000
002
9645
1639
007
010
002
000
077
000
001
000
384
001
001
002
000
001
001
001
001
004
003
001
001
016
27195
000
000
000
020
005
001
000
000
001
001
000
003
001
003
001
037
002
004
1199
001
007
001
020
004
001
002
003
000
001
000
001
272
001
011
001
007
002
000
002
000
004
001
000
006
021
182
000
001
000
003
000
005
005
002
020
004
001
001
001
002
098
032
454
003
008
002
015
001
000
000
010
28117
001
001
000
001
000
000
125
001
006
128
022
4070
003
016
923
000
485
001
020
008
086
000
000
14480
093
000
000
005
019
001
001
022
006
001
003
14970
001
005
001
002
001
008
082
008
001
006
002
659
005
001
001
001
090
001
021
000
100
001
3710
073
001
005
013
000
001
001
001
001
000
001
043
002
001
001
039
001
001
008
000
007
000
005
001
001
003
001
001
000
001
2578
003
001
000
3921
075
003
020
002
002
001
001
1023
001
000
004
063
001
017
050
358
001
003
002
006
001
002
005
001
001
036
000
000
4756
005
095
244
000
1015
000
002
350
000
001
001
002
004
001
002
001
001
016
002
000
002
005
002
001
070
001
003
003
007
054
021
001
001
000
002
001
010
000
000
000
004
001
001
018
001
000
004
001
120
004
001
005
025
011
001
002
157
455
000
021
012
017
001
005
001
005
004
009
001
167
1045
005
001
042
072
001
007
003
2349
034
001
079
114
010
002
005
001
004
016
002
000
006
004
002
001
000
000
001
000
003
001
000
1449
001
018
016
002
001
001
011
002
000
001
002
002
002
9177
002
009
000
004
000
001
001
099
001
002
002
011
001
001
1388
001
001
002
1020
001
001
014
108
000
065
028
004
025
003
283
002
012
003
000
000
079
001
001
029
001
000
001
016
003
014
000
001
000
001
001
000
003
008
047
000
005
001
001
001
001
000
481
002
317
000
003
001
001
105
003
003
771
002
002
000
001
031
000
000
003
011
001
002
001
016
082
000
000
001
001
010
001
001
058
001
012
011
001
001
031
000
001
006
000
003
002
340
000
001
003
000
001
001
3936
002
001
001
000
001
000
001
001
000
002
001
013
041
001
005
002
016
000
001
124
001
001
003
000
000
013
000
001
063
001
004
003
000
041
002
001
134
001
001
010
005
000
001
140
001
002
054
000
000
000
000
001
005
010
000
001
002
001
029
018
014
001
001
005
001
001
000
002
001
000
002
030
001
000
006
4047
047
055
001
003
023
020
002
001
007
002
000
034
002
001
001
000
001
001
002
149
017
000
002
001
001
004
001
004
111
001
001
001
001
001
000
054
000
001
002
010
001
001
021
001
001
002
001
001
000
001
007
001
001
004
000
002
000
001
000
025
007
001
002
002
956
016
005
015
002
002
004
106
002
039
007
005
000
002
001
001
001
046
000
001
078
000
010
023
001
000
010
027
003
001
001
001
001
001
001
037
001
000
035
000
000
000
000
000
008
005
026
000
001
018
001
224
000
000
001
001
000
000
001
020
003
001
001
001
001
573629
005
000
000
001
002
002
000
000
003
018
001
001
018
045
017
006
004
004
002
001
001
001
000
086
003
001
002
004
318
000
001
001
001
002
002
110
1006
000
004
003
001
005
008
000
007
002
020
001
002
001
001
001
035
061
601
060
000
034
001
001
010
000
001
001
000
056
9575
006
006
001
000
44821
001
001
005
001
000
000
001
002
001
013
001
000
004
001
000
002
010
001
187
001
000
001
000
087
006
002
001
001
003
001
002
002
000
144
288
004
000
012
198901
004
001
844
000
002
096
012
007
001
000
011
001
000
000
000
032
149
000
000
006
000
004
000
002
082
006
004
001
001
025
001
001
001
000
138
003
011
006
001
000
054
000
003
001
005
010
000
001
017
002
002
025
000
005
005
000
002
001
003
001
007
002
001
000
002
000
001
001
000
079
001
001
211
029
003
002
019
000
851
051
3469
009
013
008
001
002
064
001
003
000
005
3577
001
001
000
017
000
034
001
010
014
056
001
000
007
001
007
005
000
002
001
11574
021
059
092
002
072
002
002
001
000
002
002
001
000
003
006
004
003
016
002
005
000
000
148
000
179
001
003
001
001
006
001
046
000
534513
003
001
002
000
017
002
000
001
181
005
001
002
002
001
004
003
002
016
057
000
015
025
097
100
009
000
004
002
059
1063
000
001
001
001
004
001
000
001
001
004
002
001
006
001
000
001
002
000
000
001
000
004
096
000
007
000
001
011
009
004
003
001
004
001
005
011
001
002
007
001
001
000
001
002
001
001
033
003
018
001
000
001
000
001
008
1343
012
000
010
000
681
001
004
076
388
001
000
000
002
025
005
010
001
000
000
008
002
038
001
012
001
004
001
001
016
036
000
000
002
001
000
006
001
001
002
004
000
002
003
002
000
000
011
053
001
007
834
005
014
002
000
000
002
001
006
000
000
013
1656
002
005
003
149
005
011
000
001
004
000
000
002
004
030
012
095
000
005
003
004
020
373
000
002
051
001
011
039
000
002
002
001
000
198
001
241
002
005
001
001
028
001
000
001
001
000
000
008
001
000
001
000
001
013
068
006
000
014
001
004
001
026
021
015
001
000
003
000
000
094
001
000
002
007
001
006
001
004
018
002
002
000
037
010
001
000
005
001
000
001
005
000
001
001
002
039
000
001
001
000
002
005
001
007
004
000
000
002
007
004
001
002
003
067
001
001
001
000
001
009
001
001
000
000
015
005
008
017
000
001
000
000
012
019
000
001
001
004
079
000
002
002
000
007
002
000
058
003
001
003
001
032
004
026
006
051
000
001
000
1578
000
001
744
002
001
003
006
001
004
002
028
001
125
001
023
001
001
003
009
000
000
010
003
174
5717
021
004
010
000
003
002
003
001
003
000
020
000
001
000
000
001
005
001
001
044
002
001
012
000
001
000
001
001
003
001
001
015
000
