1259
4178
12894
4557
7361
1759
51713
8310
2726
1291
036
194
9988
934
085
105
332
4863
036
3441
024
261
9150
212
8317
033
1346
6959
244
1206
989
1089
128
041
098
078
427
040
134
222
089
2906
42935
294
184
1266923
811
815
651
2427
4594
978
051
41046
158
582
2425
99603
375
242
8845
4371
272
411
042
19787
1117
14931
163
079
181
105
15210
7451
294
062
201
8252
419008
286972
552
089
11370
10277
2769
4207387
3394
8392
37485
055
138
170
29945
5050
3610
341
5498
16787
10577
2450
439
1526
202
16359
256
632
2326
2475
057
483
2869
2882
6992
082
374
1053
34097
14010
4209
2136
7506
1436
118
1548
122
572
3345
8659
7555
9841
053
316
102
1122
297
1311
2402
263004
512
473
3716
204
24028
223
119
15823
922
058
091
81700
407285
4547
632
248
219
879
653614
5455
639
266
097
38336
14060
104490
051
42044
199
196
118
6332
413
8779
2702
3139
298
161
327
1291
6892
1119
219993
2613
1468
726
24501061
079
661
033
069
7945
569
34094
808
342
3941
14940
2447
038
077
1094071
4853
652
559
1107
174
376
029
390152
5441
2432
5148
1857
078
127
8850
68653
6105
14014
4118
581
16165
1318
291
4690
11317
95345
567
10603
3122
270
232386
134
325
843
7108
151
4301
488
427
388
22202
1372
717
126
049
108230
063
158
096
795
198
6759
30171
259
8146
6123
169
3922
1286
58002
521
790
232
1353
1587
16459
24531900
383
240
248
1736573
1984
4039
6157
2523
11248
578
12441
128
037
2355
768
5074
279
96122
183
249
232
189
2783
105
265
165
335
796
313
068
16729
110
48944
830424
1107
702
722
41412
2073
10053
147
276
27812
089
6768
135
424
104
15180
103
3421
1684
1902
043
19052
643
20645
20660
162
037
566
2732
475
217
1839
5167
2694
125349
1553
263
774
2899
67888
12913
490
939
209
2015
662
835
525
4731
730
1309
623
413
444
192
13277
995
1644
21731
816
093
1191
7310
16347
24314
1329
128
236997
088
19892
17119
9298
144
407
14209
135
173427
176
027
6922
823
086
140
1139
279
16939
4261
073
111
3287
131
072
2164
1563
375
2036
1246
424
102
2652
16527
776
367
5093
6023366
1141
420
576
210
619
228
080
1610
1506
357
068
137
116318
502560
053
1441
76085
1094
913
1102
1158
470
4244
1045
724
112
1521
744
2283
30760
11715237
4539
15102
185
133
858
2739
410
628
25683704
082
6481
193
2619
23293
2914
85479
1955
325
548
300
1753
274
200
366
290
16646
14297
103
118
7324
137
41568
96156
407
125
034
4223
314
94645
365
3533
143
208
1106
12969
148
372
2684
037
12288
232
1284
504
018
14589
6776
037
811
298
61602
245
2333564
33371
11904
9376
1417
1666
102
1818
4790
147
12319
035
815
130
572
054
7587
089
147619
12506
2566
1324
444
477
3378499
402
105
296
31469
161
463
19240
058
527
972
895
2077
4541
073
110
10299
498
2613
090
194
706
18695
6303
2630186
2936000
191
271450
4130
702
2613
521
187
22629
85073
095
453
070
15208
739
2476
189
3587
097
4736
083
233
2770
171
731
993
062
3199
294
10910
82422
173
150
102
2554
620
5319
150
140
5067
3463
519
1655
6938
137
092
12290
360
108
044
339231
482
1243
142
2104
32699
597
2708
1345
653
600
2408
10104
1678
3879
125
757
99899
167
580
567
767
7402109
209769
301
267
043
054
217
039
528
1199
303
706
4457
368
3507
467
3822
1685
031
181
455
607
5472
1402
392
443
17746
541
045
14956
15824
090
897
12322
186
068
3033
53616
2095
484
855
221
2275
210851
097
241
2310
112
3063
599
933
522
645
155
094
23901
105
1576
301
655
662
111
5449
1169
445
2373
6540913
219
302
592518
285
171
172
067
745
455
651
439
659
22783
19626
12937
678
3054
3432
143660
870
1123
3475
196
359
037
12656
070
179
070
305
1103
065
2310
23449
1527
817
164
2815
2125
2173
055
888
41599
202
391
9566
197
430
6006
739
22133
1327873
181
396
4878
17843
23159
18002
43820
16385
142
5088
27774
5659
16992
46053
84197
133209
059
526
2074066
963
074
15973
574
6533
168
2075
5776
26154
101
175
819
91476
2001
077
321
207
201
805
327
2988
548
14097
302
410
38555
029
209
2265
115
1610
5059
1107
699
9049
354
16950
6742
2911
3391
159
21617
1851
250
74417
992
5799
678
060
1414
131
284
106
4733
4111
20072
2582690
10229
3662
8812
097
2373
221
2103
101
209
22841
114
504
147
1880
785
1823
38597
1012
2230
063
1504
153
038
525
132
272
912
2940
2761
275622
1136
028
126
6974
627
020
070
907983
2875
153
154
074
9433
1003
104
8248
590798
12695
623
6527
7158
17318
183
5336
056
331
134
360
564
042
703
924
186
2907
8139
090
114
1750
7452
154
765
791
456
036
3096
3574
17066
4600
593
1678
4435
2326
1133
610
31246
474
294
565281555
592
062
801
213
34682
418
13643
090
150
279
895
163
355
755
662
046
435
130
477
1460
18315
878
2772
129
66965
155
531
916
30062
427
5230
189703
7877
2664
1039
557
2212
2435
337950
252
752
1066604
1124
550
050
244
691
609
340
125
2830
17511
55261
021
1002
5043
4688
059
2772
2599
216
14108
050
7226
303
104
492
094
314
395
136
9357
449
14834
1331
220977715
733
078
2712
2883
082
145
45976
17756
050
18585
165
22868
034
326
288
3795
170
674
232168
088
624402
218625
1943
327
1435
11574
855
077
276
1305
484
127
3321
077
3677
629
029
72481
14928
786
2699
261
109
305
235
672
669
242
5775
414
1791
983
2264
188
892
117
029
1062
354
175
16556701
306880017
2178
166
8165
16452
2660
9219
118
58739
96716
1675
078
10793
273
268
241
990
1593
078
3197
10510
8234
339
047
1890
021
243
882
089
10817
570
8835
2013
3094
18678
052
10757
526
706
801
349
2762
506
39190
186
337
9061
1386
45982
38160
604
10503
187
248
4886
25696
1104
855
493
13731
093
1068
244
17384
366
1374
71205
176
452
3539
212
1149
622
6678
3029
532
090
1565
434
083
13883
056
4307
8758
24654
617
537
536
129
313
064
788
6270
125
2067
163
241
3833
4333
992
085
340
5730
326
39019
110
584
70377
1730
899099
045
1720
5451
356
284
9272
224
3382
3417
11148
880
1119
280407
4089
266
3275
209
286
8349
220
640
249
118
2201203
157
1754
305
16428
183519
621
6754
6521
1245
202
38341
337
600055
2847
4937
547
399
2345
82419
21973
1036
117
059
046
874
242125
11072
1477
1802
606
097
317
155
160
4659
1114
2560
791
056
891
751557
033
047
1899
139
017
11575
2456
13512
8532
20124
12099
51821
5997
46306
354
1864
793
1364
044
1902
146
122
218
4859720
110
41022
434
2290
323
959
3160
272
232664
630
102558
345
40971
097
104
728
048
5052
9334
154
941
17474
281
5630
20913
026
141
3281
1979
035
033
566
5637
17291
550
217
29456
571073
66070
151974
2377
054
2625
105203
4504
2153
103896
390
8668
221
025
331
116
9856
1205
121
2514
1134
973
423
141
052
4375
1780
14806
270
361
249
183459
19938
149
758
2023
299
1259
66985
305
154
437
37049
100490
6383
232
107
11039
195
8997
168136
8281
034
224
196061
394
7771
2048
1224
796
28035
122
11382
703
3747
16180
7927
5136
442
240
7211
045
190
068
1461
5535
1146
5629
405
2926
511
281
1596
25196
12849
1960
572
7142241
2016
70444
344
21722
972
11550
213
2389
5363
89454
040
407
1637
861
218
127
168
1064
083
124
800
419
123991
10901
439
1862
26568
653
4762
1341
3729
569
836
311
15235
1277914
144
243
595
606567
468
191
3762
045
799
3189
1541
1675
568
95870
25202
388
353
225
144
123
132
183
093
1543
4011
1198
2099
5619
43644
1856
22747
041
2826
59941
57906
643
1374
1202
1031
3159
7835614
2683
6706
344
5093
184711
157
146
13264
9679
14631
35520
28001
1551
13522
1188
11903
1122
096
224
6221
072
130
119
281
1642
066
310
1861
158
323
080
167245
11065382
44209
215
2628
22293
107
645
1561
462
318
210
296
80190
30088
1333
215
53475
553
070
043
365
9355
501
1710
100
68864
310
832
5051
4568
261
129
245086
7474
968
190
219
31510
30412
4446
1447
087
93799
22802
594
283
486
309
116
6424
612
7031
063
3566
1783
162
659
242
101
076
268
1729
5682
19913
383
425
411
704
642
136
220
285642
575
10376
3742
094
182967
673
17137
067
213
339
37615
1520
2910
7445
76927
942
913
241653
2976
13156
142
4936
041
1653
1685
726
1470167
981
1513
6482
038
171
297
2648
2330
023
2499
439
444
902
040
1522
810
269
2798
556
11116
40589
1109445
107
906
104
546
1052
1669
8258144
4566
569
1826
743790
1082
267
445
78433
203
1214
123
1419
4939
3133240
029
074
293
7539
488
2101
225
32367
3783
1337
038
22928
6900
1466
1157
309
951
056
572
6742
210
120
224
994
867
189
1028
4347
227
073
2989
260
3337
1868
3594
2950
256260
829
272
286
4028
1399
1458
091
3620
136
847
786
1512550
130
1503
082
3960
7079
448
106
367
754
49511
202821
1130
287
4281
9030
396
116889
4533
170
516
42571
41081
13279
4765
1941
14187
18079
273536
4764
346
171
622
075
8152
3732
243
231
897
2847
947
19101
514
2430
136
11946
135
042
158
20281
173
265
852
28325
2344
1386
1106
272
139
1541
284868
133841
19695
091
10188
1979
3194
26105
093
644
087
1269
1082
12376
408743
1970
8617
905
196
60031
3900
926
146
1809
5210
787
642
787
050
153
19298
2076106
052
329539
2296
1082
1802
025
135
817
098
117
2312
1801
5712
250
2365573
9565
094
260
301
131499
188
278
78809
308
4650
200
043
59952
197
271919
166
070
3593
2713
183363
038
080
073
121
034
160
324
799
12629
1559
24375
50497
47510
611662
4697
241
370
1246
397
1639
1243
855
839
35579
266
1943
17245
1575
977
071
145432
404
244
3004
119984
2280
414
200
2451
2457
101250
5443
1148
25989
3952
2499
704184
1239
110
039
891
1096
14392
125
735
653
9975
240
178
3949
047
089
313
500
105
457
622
1309
22786
500
044
032
025
183
899
050
236
318
414
1779
4849
12031
502
1050
550
2591
75818
887
2432
1391
022
1271
39710
1086
1376
1886
91628
875
1093
2855
671
527
136
127
634
1646
174
1755
6323
244
78727
604
258
1863
046
216
079
416
232
22766
139
127
2097
59869
439
20807
589
3036
211
115
581
189
216
2029
246
497
9868
11390
2171
638
140139
1998
070
37307
104
473
223
036
604530
237
7091
37396
1622
9760
101873
58007
2225
1351
059
439
559
1060
344
596
383
307
897
16483
400
1888
12976
105
110
565
13662
637
2813
293
7792
244
1104
1505
8770
253844
938
2091
207
776
5306
5324
4368
2830
136
5649
2132
14796
4370
1329
2291
2466
33156
5071
289
048
390
446
544
1020
1861
4261
1930
452
7707
824
5582
048
4567
73784
347
771
063
1490
086
1208
251
707
165
29066
3455799
242
265
2396
075
3803
398
1033
2882
627
1002
1553
109
2387
1459
125
057
509
1383
686
240
060
260259
037
106452
095
138557
623
2146
1697
150
5941
360
1562
093
086
2030
437
2034
2787
541
259
769
827
035
098
185
073
455850
988
9330
292
1233
13437
17647
527
657
153393
899
344
1393
668
217
7517
873
237288
504
10908
491
886
4748
337
3979
153252
102
1155
047
895
800
1843
5763
1152
3336
6877
3007
560
245
23450
188311
211
233
1005638
586
302
391
1279
566
085
9557
2221143
14406
879
120
1729
116
163
061
402
714
1152
215
451
094
2441
254810
49068
1278
452
154
347
1229
337949
191
5088650
027
18602
3474
4162
4380
324
22761
438
1836
728
441
069
897
422
4614
525
347
278
3151
1899
70797
334
281
1935
208
4753
54392
074
46945
739
062
140
33285
101751
19037
409
23545
3277
16698
1717
162
113
044
1972
148
3156
304
226
216
2734
121
566
277
3629
534
1092
518
235
350
11479
77051
336
2483
077
049
541
15602
569193
502
331
1184
1058
1235
2835
867
298
447
133
2409
1169
2987
027
83389810
406
117
1409
1338
051
356
24497
15236
3551
22966
096
287
1492
423
2388
8868
491
29552
99004
624
084
14618
12681
9438
54351
120
155
927792
23850
319
779
371568
3191
3478
3254
14226
145
444
095
115386
1258
1794
067
251
142
16665
204
7143
181
1557
1058720
9418
123
040
304
1945
32290
1693495
973
211
565
13920
256
623193
7456
1676
4015
15646
395
85131
3870
098
6410
3259
157
4647204
1693
502053
495
207
6670
125
061
464
081
1805
046
17941
27748
414
20700
5785
7177
6258
20511
3735
223
102
5553
057
202
189270
088
1365
8403
053
370
042
18400
3101
118214
1307
083
1146
481
3040
104
095
047
073
246
196
14243
206
2733
461
27361
380
803
268
401
994
221
35681
837
079
1155
043
14249
9197
149
19561
34728
2818
257
443
856
19895
1819
43726
939
278
6606739
5253
231
029
1519
248
399150
67135
350
101
2134
183
2781
2115
1279
3857
866
612
4147391
6885
54642
1207
202757
125
1708
863
1039
4207
16529
085
8112
431
4050
042
1226
2126
826
338
420
027
134
474
7400
7527
714
1106
1769
2818
16251
195
28516
25356
1056
034
1743
659
194
15217
626
487
885
16256
310
193380
4214741
128
329
51208
2451
1399
1995
190
259
204
047
145
1496
346
482
269
5083
379
620
47485
219
38856
1068
11388
545
507
781
170
19438
904
1223
2015
7704
837
210
1648
19932359
1259
277
033
721
744370
970
221
408
045
1701
272
961
229
936
17357
376
8430
390
3331
922
14913
47983
19220
465
3772
15762
547
783
476
1328
1233
1429
087
941
813
927
153
1217
086
5524
51398
16305
2874
735
3247
248
1047
2106
10099
697
875
213
121338
62267
528
528
408
6656
069
499
517
2861
1254
8729
4260
5251
4284
659
564
122467
533
1642
612
299
157
9168
096
3564502
4144
075
1764
171
087
8928
4797
381755
1211
070
139
1666
8718
1044
4753
144
144
294
3106233
256
183
678
175
3243
237
154
8505
652
138
174
167
24923
076
219
576
1243
533
084
409
7113
32577
5041
064
972356
188
182
3857
208
268
636
590
436
14228
317801
5530
708
8015
1663
200
550
193
208
341
212
377
121
8159
063
1005
535
2576
2129
506
36576
503
479
588
56239
394
5112
1429
19338
592
483
4585
2223
385
5373
1785
1044
338
135
1865
2188399
2327
316
287
3041
022
085
2417
234
12707
35479
746
3007
578
5039
3013
1635
230
3717
1240
3539470
330
176
879
24041
790
552
1303
041
075
29591
793
134
2873
6007
266
4005
4686
515
199
379
7502
091
048
1410
055
151
168
820
249949
381
9100
275
034
378
2971
8183
14128
193
1386
487
267
508
883
045
1250
754
579
2845
115
050
565
262508
3834
040
872
5395
825
3555
100
184
39997
048
4361
9277
1444
923
1439
167
111
55936
1486448
802
3090
1471
577
681
95467
107
142
13281
308
1072
132
214
1569
176
10270
187
1060
398
4937
178
131
4266
1626
375
341
3495
37218
1633
19447
106
1806
2014
2014
7461
2837
1901
5246
1470
386
5939
14525
3653
050
1011
821
1577
3269
104
186
7189
1188
179604
086
44392
6785
1855
16730
1117
133
629
3096
608
63603
233
778
181
2848
1607
922
795
1671
402
143
840
158
6481
1891
373
466
12473
1128
827
067
190
163
8915
540
275
1633
522
349
4200
894
1666
71621
062
567722
62076
16832
231771
61266
111
252
471
10746
1560
193
042
512
601
1028
12602
498
040
471
266
357
3486
86986
4180
255
8349
10675
1815
085
2334
5942
300
36709
110
40862
215
304
1681
120
135969
5864
824063
82978
183
104
155
072
306
1139
123
1395
2128
1281
389
7709
12783
077
1532
474
90676
2515
571
1629
1156
7174
789
1525
136
371
155
31202
468
3514
5403
6700
536
605
921
279
871
684
168
4581
288
744
330
5390
239
525
099
1691
1107
11694
908
056
3069
155
170
2437
1155
20701
149
19382
410
1056
283
057
2398
061
370
7590
097
207
784
15964
135
194
595
794
20942
536907
3570
221
118
12509
054
1947396
2305
570
097
557
71348
275
817
123
371
6764
305
031
596
35667
124
295616
78187
862
084
7069
1000
341
291
29786
2828
778
116
309
2590
58380
960
2847643
11457
1141
77238
60902
201
18386
31033
2494
55394
249
7601
698387
492
857
460
539
6492
112
877
127
2830
312
070
1592
055
1014
2435
145
152
723366
073
520
287
107
58982
698
1271
2498
2427
270
3911894
438
2278
667
30542
19066
330
1482
250
18630
4290
580
49929
75764
19545
33512
1542
414
1951
3525
3215
542
474
2723
47463
2125
446
141
693
135
88088
100769
542
24215
2137
1153
157
465
245
130
1249
034
9800
207429
3003
916
51641
2137
2836
1436
133438
17876
141
068
295
2210
959
1687
8462
579
121400
940
075
4378
4397
261
16830
3882
1620
352
24122
1703
058
85363
4863
1533
085
14484
280
591
129
051
66185
1140
101
120
3226
3404
147
87839
13679
762
100
685
3807
284
1096
2674
5916
668
050
851
11076
924
562505
2805
859469
14556
714
2132
7816
30073
2067258
304
7592
061
53720
1768
266
846
360
3887
2418
109
10942
069
25914
307
507
144
1227
1757
2029
6097
2684
1434
9888
396
4489
581
139
6242
31687
077
3413
193602
310
106
107
25999894
3020
1245
16545
6833
589
116
66288
842
138289
43694
5166
1464
116618
984
481
136
807
025
76692
096
1438
1320
071
129
3414
202
246
3297
36466
3659
837
6742
279
15497
598
547
452573
3734
1340
4779
096
1006
077
157
3400
043
136
116
4603
7061
1927
339
179
100795
518
261
2188
055
18619
139573
45508
052
947
132
288
226
830
530
354
024
154406
3584
288
59815
10338
6224
142
6232
25150
10923
036
262
3519
2407
201
182
873
642
166
500
524
16700264
196
8644
2392
166
1561
366
13807
3747
2678
3642
135238
138
480
494
915
12330
8392
753
173
686
345
623
1068
716
1161
376
2460
307
700
541
148
236
112
092
773
905
622
4967
20074
036
753
7288
80733
10661
391
070
243
4419
815
5182590
153
179
3794
436
932
1183
6195
185990
486
9617
52790
1295
73093
363
056
027
4873
5969
637
48535
17987
577
564647
2906
082
188
4641
311
1306
179
520
198
6084
197
2561
66328
457
3409
16127
034
613
382
12198
840449
178
3104
1098
295
322
84065
1890
13002
3195
591
106
1780
4057356
6065
239
115
87355
14328
047
123
4596
1249
261
35485
5504
2347
3872
82951
423
188
1604
238
10161
21300
137
052
22467
3188966
2898
252
122
1972
2962653
727
1526
233
179
2616
2070
483
634
650
94598
163
2927
1788
3178
48704
11238
170
045
9850
598
152570
053
748
17213
164
135
12114
441
029
4757
897
194
049
604
13063
404
371350
412
189
078
153331
54926
361
483
422
425748
696
8578
1563
5202
1170
524
24555
13441
217
118
37387
113
206
025
222
220
968
239
126
9008
27168
063
1184
391
112
101
94966
136
293
1378
827961
3469
611
13905
126
42211
620
5986
127
053
2833
2738
253
2158
292
214
164
611
602
957
869
561
1007457
77314
4576
134
344
352
30245
683
320
1384
792
049
5469
12267
26432
776
267
3813
157
4401
108
097
188
19245
288
339
327
2590
091
55592
1657
307
7120
164
959
35353
35724
57203
073
269
394
20503
590
44484
378
447
4586
136
13479
134
041
141
651
8772
2265
244
65678
328
316
126
066
629
10575
171
413
1359
6538
3674
263
093
088
2734
989
193
1611
067
110
2118
049
168
3775
1533
091
255
128
3415
2460
380
1316
167
3359242
549
312
20975
3512
181
673
1856
090
243
094
2800
112
129
6309
13677
16040301
40609
108
17238
882
1090
4027
171
5656
6293
177
060
425
122609
1155
41976
459
899
671
028
224
202
142701
410
328
28897
3996
1189
5653
3096
148
066
7080
580
43774
244208
127628
2092
19189
2246
1083
524
441
4763
340
093
7220
367
141
3069
088
27399
36308
12024
435
4670
3256
860
2190
1620
214
3675
690
1243
172
1312
3957
2240
1037
4808
409055
053
11959
096
294
033
3843
216729
315
948
141
965
662
143
2534
1747
281300
278
066
472
1544
41618
15964
291
527
18305
782
18037
6974
088
206
258
12990
1374
894
148
426
116
1774
257
131
223
098
039
701
4093
764
2563
9141
39616
438
1495
6596
3996
2730
675
051
1717
7859
118
189
607
264
11207
16144974
368780
2692
082
432
1643
781016
1067
1111
4009
4664
538734
2607
112068
223474
5763
107
2463
111
534
054
491
101
3254
3448
8447
9330
020
3312
261970
16147
063
6075
16633
60527
1091
23958
152
10076
2110
1755
139
408
308
15685
043
735
4868
457
038
77414
545
150
506
105
080
466
1157652
156
3970
3217
194
3945
454
367
3312
164
1552
29757
1285
1475
440
4496
6065
25666
321
072
13057
090
258
1394
088
105
1086
291
602
474
678
040
3037
8288
5694
182
128
12574
046
2681
079
13632
113145
3465
1054
537
565
087
486
226631
10442
36413
4035
2716
283007
416
999
4125
2106
5896
716
219
3203
071
1531
123
211
1436
21273
28274
147
341
057
115
20982111
030
1096
026
174
25481
770
642188
042
409
399
1323597
696
235
427
136
2186
123
6107
435
113776
121
085
1072
1440103
6503
1576
821
091
678
41470
10585
1320
068
094
335
13753
19056
58297
202
046
773
1086
127
1856
105007
102085
10532
1991
269
400
253
2598
358
44174
088
8908
2745
2090
817
1148
426
527
20735
096
052
538
2037339
057
771
250
111
510
309
9486
098
1189
249163
1389
886
483703
48340
049
3417
4494
2947
134
21750
074
10316
086
033
388
427
137
831
262
213
091
130
195
246
939
066
188
318
615
3370
1161
394
1939
4009
1054
165
1109
37622
2230
2274
826
906
714
879
444
197456
5053
8832
144
020
9521
1232
1954
6807
1608
6024
524
509793
15163
409
3545
2904
1307
141
165527
366
7035
232
18906
2656623
927
2983
083
412
222
1342
458
1767
1281
163
826
212
115
14394
2525
2751
2908
2538
2633
397759
6692
081
280
070
39149
211
26240
239
2114
096
396
1190
119
197
6621
902
2382
1125
941
040
1078
2259
235
419
4831
731
70555
258
2624
241
1323
454
310
055
559
602
310367
075
11546
1072
18486
542
8529
4641
381
322274
1359
360
053
38456
572
059
055
1254
7133
37032
711
480
5896
10434
14162
300
1904
38408
063
3364
457
122
2034
077
051
929
1033
222
074
6162
766
2108
379
954
177
97382
7091
808808
15266
168
085
048
2589
236
5234
054
103
179
1036
051
309124
550
421
1108
760
488
1087
434605
915
783
1054
37915
420963
4361
095
129233
541
091
1762
526
74746
436
049
16508
216054
920949
6214
105
43002
322211
169
056
160
364
585
1404
967
38229
202
514
395036
3667
128264
546
102
1010
3142
6405
10988
3130
081
132
9434
1104
42470
132
702
2762
113069
044
275
342
457
953
518
3187
23807
79263
222
238
178
087
1178
1916
279327
183
259
753563
437
537
4619
462885
540
300
4780
18482
820
476
158
18111
344
619
079
229
211
35755
160
042
181
1522
37073
1064
3354
8447
918
167
259
775
7556
9566
4144
428
223
12079
060
1327
2938
067
426
1593
5030
3797
105
3303
133
474
1228
276
1538
131383
060
459
080
1610065
628
357
029
390
244
075
1311
1392
44049
1377
2153
3597
210
594550
927
634
549780
1298
11601
092
29180
85557
434
33215
156709
1108
143
829
4106
606
5715487
501
2625
2440
42623
8257
1099
112
97349
208
2940
7393
036
1770
863
33173
307
664
906
068
47054
140
168
244
258430
747
1216
306
12376
1758
8463
311969
2395
15340
101
6465
532
5803
3650
447
307
2271
190
1633
985
5768
13212
13324
113
3446
2962
13231
5978
1546
505
748
1439
1670
62283
2535
584
335
275
8529
461
443
074
466
418
403
055
38957
3088
3120
6128
1024
635
823
270
466
958
3721
1261
1606
889059
097
1475
141619
141
118
960
58594
170
36206
395
385
677
116
220
101
938
075
181
1266
432
934
6216
27682
721
2579
214
12100
3298
601
16328
1546
39423
1731
464
3344
344
7068
3204
070
423
13643
3596
6952
1197
1414
799561
15885
111
1305
110
8265
108
922
529
5223
212
443
335
459
719
1587
517
106
122
213
089
142
174981
093
1041
11810
3400
277
875
18800
1469
374
1731
382350
24266
371
1011
461
3649
042
3682
2239
127
060
4728
406
1839
13349
092
248
952
116708
817
11513
139
1816
2557
1155
077
073
8077
121
2206
537
1422
301
269
090
260
042
471
803
310
14761
1277
18236
078
3138
2092
321
4788
086
47358
1355
348
530
068
2677
904
705
625
17312
3220
2247
32119
1478
133
117240
1222
16630
8268
1149
1967
8466
383
1230
041
181
390854
622
6288
185
2491
330
215059
3832
061
100327
136
384
2476
545
064
050
718
243
786
34886
807
10888
41573
1317
025
363
964
14441
6028
42319
1491
6306
098
7168
5226
027
312
320
2637
1183
2350
871
2411
35421
1796
37718
129
500
9156
458
8758
280
11930
322
158
372
1100
1883
803
038
243926
1387
093
1007
3397
275
200
8998
1054
309
1246168
467
1972
24166
750
1794
10493
1165
587
755
1455
1275
416
2919
162
3216
2926
10673
101
1143
186
3169
2180
2419
214
089
1670
1178274
368
146
544
274
3919
5627
1755
044
619
130
089
222
5006
321
111
66294
71017
18809
132812
229
1245356
264128
1382
433
097
11733
3171
329
489
086
166152
3281
293
489
136
656
1575
129
102
050
5307
9070
680
1355
099
65983
899
1325
1753
133
8768
085
175
7187
61615
10186
3783
901
199
133
114
216
1790
12477
275
3153
035
18470
13102
4729
118
201
10876
717
17719
226
150
194
7954
093
684
55823
9241
1959
123
25212
2964
296
692
700
284
817
794
3135
056
78216
744745
778
13062
467
1604
879
785
036
1498
1019
2007
673
1278
150
109
068
1942
588
127
1006
1749
065
7952
1921
27678
105
1560
93983
4084
149
430
963
131
1103
50855
118
049
658
560
29043
986
215
3827
2216
647
1244
660
1710541
050
3642
337
19660
555
2133
2605
1858
5348
312
2259
267
67386
2381
181
3994
40626
7031
1598
896
4932
14459
215
51528
540840
682
5606
11751
14269
1408
3712
331
11370
337
357
1139
12171
1483
045
466
162
170
245
1879
563
748
502
350
2327
131
6452
3377
19588
40708
135
207948
5269
4228
12667
61397
202
60270
4643
546
149
982
133
113341
28291835
9492
8055
13137
934
761
400
238
191
038
1669
1212
13176
1107
1100
139
648
178
1584
311
396
13606
4686
300
1423
1326
1972
116
2967
040
160
668
386
5967
670
1907
3777
447
324
5096
074
141
14195
551036
19502
469
593
1573
1517
555
4250
286
170
918
510
4287
786
2281
081
10915
103
81693
16656
1889
718
2211
22427
125033
736
11525
4606
14890
172
1641
14691
020
614
5286
59087
2447
1816
368
1598
058
1333
3468
18244
14251
572
2926
9151229
905
24327
327
983
051
288
190
402
072
2004
24363
1920
1456
078
6771
26308
648
29371
043
252
1744
590
3966
1725
2239
67833
133
140
1449
955
3385
2910
041
650
084
41514
20144
188
12497
1028
10550
1802
1154
224
461
819
186
19718
271
3502
13519
648
33624
3228
269
1392
176
777
764
1234
567
1645
338
609
297
24846
1531
078
523
5758
69782
132
132
627
12238
162
2201
6119
9080
118
223
381415
374277
131
1550
263
071
688
1933
2061
14598
149
065
099
085
097
356
144036
7201
3361
311
21909
542
175
5344
265
1128
258
086
3355
1053
39882
745
103501
2051
2659
424
030
8348
21448
1020
216
267
179
1251
1351
252
143
966
3252
1982
374161
2133
407
422
1013
175
111
074
069
253
130968
412
3996
2611
047
29657
594
3103778
951
650
23665
22586
12058
073
40835
2234
10957
216
296
3877
42094
353
062
1700
10205
040
8277
845
438
3842
167252
1057
12921
871
132
226
614
1633
3503
201
041
208
089
188
032
6651
106577
206
219
114052
371
423
13195
85097
2418
223
214
1066
091
88859
361
550
187
050
11957
1484
4541
24792
116052
51631
1589
2673
327
618
346
063
721
624
034
21640
1319
2939
2245902
49178
248
283
83403
386
337
450
383
5554
96308
235375
091
37333
241
219
484
062
28833
249
4543
4417
065
219
064
1084
204
106
1763
21722
2612
146941
1323
670115
8184
1454
298
501
631
6991
2342
873
860
193
2784
2873
1241
818
13716
4570
6874
190
256
1607845
138
93695
323
613
47731
1708
1265
309
534390
078
020
1773
587
060
44632
6403
909
683
605
059
188
1023
2076
094
218
200
738
3431
11304
034
027
13145
1351
291
1062
3816
648
3214
91725788
925
203
273
118
186
101
5077
159
782
971
120009
108
7775
090
848
056
289
119
096
1155
607
163
746
277
41893
1914
572
10960
101
491
158
5812
736
122
702
2562
4922
227719631
30690
081
105473
2389
1126
338267
212
232
942
166
019
289
965
1554
111269
3575892
579
026
90054
1855
577
475
050
273
4599
23315
881
674
2915
13603
18883
140971
055
620
238
060
61606
226
245
15940164
954108
3569
3934
235
3233
173
7434
8101
062
102
204361
5661
1652
076
6721
1559
094
763005
134
080
12343
3360
725
426
089
2877
495
3426
10901
454
573
14111
2821
42680
428
863
1346
9699
341
095
4977
047
886
247
1943
42672
582753
226
13227
031
700
383
3838
3393
2655
172
238876
43175
2034
849
185399
141
964
573
048
161
635
1070
031
1066
27719
8237
5675
1036
457781
2447
1596
12381
669
1608
7434
2954
1789853
700
22472
114
198
109809
387
1354222
315
669
60615
240
8217
68496
1280
294
2465
21707
201
443
130
1784
076
3269
1803
030
333
087
4762
120
237
319
366
1501
16954
111
993
79086
231
3662
290
100210
2575
3514
151
474
456
2080
110
105
560101
128
690
053
347
3460
029
144
23876
64416
080
213
462732
2772
14359
3102
1434
6860
6822
4054
7095
746
088
217
1147
456
10045
552
2952
446
4479
879
12810
664
1038
321
759
223223
4869
26283
154
502
396
1594
4344
2714349
1341
26968
6810
9216
2890
1013
356
2676
068
936
218
37058
24639
1173
113
27948
11059
1135
349
1853
2552
103
047
052
061
209
5956
1883
668
197
202
3766
1250
918
635
133
051
306
3013
340
1181
683
1462
159
2486
763
308
922
8408
221
061
2400
660
1279
764
5935
874
952
703
025
1801
442
409
359
63645
1964025
981
11716
867
1744
242
13027
3092
1023
4818
477
123
2190
227
061
3120
1258
474
128011
413
26671
2053
2652
102
367
2133
201
532
624
4657
16353
246
1469866
3395
133
215
4129
633
1966
7120
1184
3579
811
854
1777
31506
30792
2141
131
039
2254
030
640
8462
943357
6513
11114
98478
129
1893532
761
7332
127
60030
7954
5034
780
158
425083
2426
804
1283
358
14543
273
419
090
18061
608
340
153
30699
1278
1022396
10804
064
173
1271
077
602
253
779
029
1685
10777
244
1363
38101
301
111
273
877
730
063
296
7469
082
708
052
901
621
157
768
16678
381
044
1383
046
686
1290306
599
8801
198
145
056
135
062
1856
1030
4568
066
075
098
588
1733
041
078
121
824954
082
178
104
2643
25087
884
775
5889
116200
5599
400
152471
2751
425
969
1382
498
10105
1036172
485
232
3922
27582
410
829
170
58809228
2436605
048
15120069
1829
287
095
194
366
7472
063
593
121243
2882
169
141
418
236
472
52037
799
6265
463
1024
086
10933
58528
16909
071
8278
337
863
061
63613
067
341
690
61295
626
9154
41998
509
263
76819
203
716
334
094
530
2190051
517
081
828985
611
4097
119
1512
636
076
5959
1452
28724
232395
587
2208
220
345
1699118
044
311
3171
1130
613
720
103
10885
3437
221
377
2255
121
5980
264
229
7104
1100
8337
534
243
1386
364
710346
25050281
3817
458
056
502
063
258
454
110
1096
3952126
255
3221
108
183697
26797
061
2225
380
56691
149
395
580
140
036
529
439
4547
476
6179
586
357
333
144
2086
109
13114
29181
2688
4145
941246
202
3240
663
137
1255
873
637
917
783
36846
978
1024
1104230
096
241
062
900
22341
158
069
035
12297825
078
371
5169
073
3741
6884
107
1197
17367
290
100
8785
544
1147
225177
893
263
20023
164
243
1259
24418
122
176924568
053
123
134690
377
11401
361
371
459
182927
905
069
3866
1064
362
227
290
344
7013
3322
2305
418
4218
359
1596
2202
627
1658
240
36236
321
103
546
12196777
126
548
064
482
048
24934
190
242
965
400
1935
153
534
14006
157
082
174
458078
916
80976
664
7411
8643
10653
746
5537
016
424
1182
1878
280
482837
2762
096
441
820
515
028
318
123
088
118
017
2375
095
77823
246
1223
1834352
3487
1869
62404
523
1761
742
3616
143
1041
185
317
830
544
857934
2522
3136369
2183
1862
285
958
260001
29192
8769
2644
1766
5941
62836
402
964616
1387
1002
4983
4520
267
035
29763
933
2308
73324
24066
282
1274
2520
1107
482
034
393687
313
592
180
590
10572
2633
2629
093
049
467
283
710
051
157
9509
15882
207
994
9943
120
5708947
355
2528
239
198
436
4610
174
245
1551
1210
075
3785
183
1029
1195
26633
1069
73975
4709
331
1025
080
613
243
3521
8797
1947
16824
115
2326972
177
130
1587
316
18259
3317
1146
193
346
325843
15059
3864
901
050
060
857
142
048
145
103
096
7485123
30449
553
600
905
1853
27283
309
2041
5997
2764
5739
146
088
1263
184
409
135
66232
51818
253
3599
2246
30719
493
172
1065325
297
1296
2977
084
472
243
781
6752
6994
277
8537
8139
184
901
13159
832
315
1652
264
11641
12934
294
3296
69828
1088
21838
231
060
1708
10756
735
27101538
8894
624
5438
157153
431
10126
1501
286
078
3518224
178
061
136
2572
230
082
015
5521
101
249
1904
26316
1781
495
1198
60952
58962
448
13320
9228
6620
105
10548
1196101
1227
1939
144
2473
170
524
144
1346
28864
477
1399
1954796
023
386
222568
1569
574
2232
1163796
1536
348
273
4956
368
2321
1634
1095
1548
164
20500
104
055
3350
287
100
058
2610870
080
14326
058
204
68611
595
6765
1843
704
1784
414
735
135314
39588
681
255
670
569
874
220323
61082
1114
124
1374
646
3350
67577
303
033
313722
7699
061
172
16633
078
186
508
1730
125
1266
123167
1592
518
17969
192
305
351
574
293
185
5675
036
1190
499
320
743
214
3009
113
212
115
452
625
18206207
2506
255
3645
947
115
429
2152
2711
78399
302
097
3517
1315
085
314
772
23482
1140
329
769
47576
303505
044
1244
75599
124
505
061
18649
835
237580
13919
144
122
350
643
311
088
443
037
1267
4490
173501
132
111
1832
1290
348
504138
126
20376
053
2131
634
367352
395
2945
503
62707
3502
1022
1680866
165
2309
349
7044
705403
936
094
1209
252
354
1870
3808
109
3742
1710
118
1263
1591
964
69570
090
6678
430074
840
5782
5326
204
4318
1688
20045
6427
166
16352
1114
948
1226
471224
179267
267
12235
046
2804
1546
4001
551
31103
147714
077
1722
160
045
15322
088
212
962
608
243973
125
17965
357027
718
051
106
202
097
403
71313
612
743
109
769405
70729
263
345
110
171
11604
872
832
4011
161
433
2283
232
47696
437
19629
3585
313
8712
64414
465857
955
548
1868
9043035
394
147
2605
379
1129
1120
849232
2624
2775
3405
668
136442
062
872
248
126
701
262
2179
406
036
1113
438
3010
304396
273
148
1063
086
8076
2442
157
8850
387
1741
236
180
533
041
1111
1209
2075
267
77712
61344
209
285
073
5856
446
1265
416
760
699
10790
189
1273
095
257
366
66730
3877
329
109
116843
733268
038
7914
61760
044
2028
936
1012
5431
1980
328
103
260
15554
041
1084
2918
056
825
38476
1134
10750
1077617
055
287
1215
096
178
154
638
68933
854
212
68530
8263
155
2695
9808
515851
17747
1623
219
1836
028
13893
12481
30248
4150653
19337
978
2180
725
328
2443
8909
363
184
853
882
052
6807
3731
3797
9962
040
5673
1416
98412
084
063
16780
059
408
24306
35172
5634
146
1955
082
42934
421
038
169
503
323
1222
472305
202
514
450
2391106
209
3886
5040
279
030
290222
633
098
4336
48567
50937854
272
179
2926
080
5029
1464
049
5413
2715
056
1088
3295
92685
828
052
1765882
173
128
556
1189
073
12523
771
026
349
1005
1145
37013
716
1512
517
4246
470
2781
055
034
111
205
53557
455
052
151
729
932
2558
19957
113810
770
051
18411
1043
505
7286
421
5810
708
8485
415
2360
122
430
611
695
6522
99344
078
32529
073
1110
2178
531
155
1130
2995
169
5879
1813
608
3455
3569
1011
201
9961907
154
8450
391
7962
7082
092
1632
486
93930
069
018
182051
32875
045
115
4013
1050
86412
6818
195
2344
073
742
39532
5308994
1158
548
287
329
4118
064
6616
311
661
278
091
091
4533
055
662
079
541
16531
1947
1091
8316
25217
2283
529
5748
187
13577
407
3667
1321
84044
073
326
1000
078
209
115
081
319
138
9500
083
1849
10481
132
098
079
17685
102037
2177
3134
200
277
4205
131
341
347
300
174
1237
210
23017
1670
25660
350
097
1189
517
131
904
41264
45055
056
2304
204
1633
1438
174
252596
101
167772
023
100
1113
3584
714
5112
8004
1811
064
083
449
14972
230
912
999
1720
1567
3336
8510
14881
142
37004
130
1001045
344
958279
1582
16931
2083
2690
287
216
4213
2989
23880
11167
42575
183
46994
513
13273
778
1885
041
492
9191
2762
282
169
1522
069
51194
253
11362
18538
1854520
308744
222
709
090
856
036
1211
1223
225
130
248
7701
2816
031
158
1507
665
415207
1290
127
1591180
116
278
284
142
518
127
172
106
6260
1368
39322
248
018
207
3195
43851
390
1295
174
338
1604
757
077
15539
067
3008
4491
1944
054
077
086
909
5516
404
5305
1577
3406
460
092
66824
28795
6530
121653
20091
12785
4351
2010
262
1397
8417
5178
6347
502
088
1949543
7558
749
094
2406
412
8816
11997
90550
19141
132
391
5123
180
13508
1245
233
1292
761
095
33679
52013
188
108
763
1151
2108
19857
163
5038
855
143
954
990
1518
644
477
1230
5652
533
190
5901
1868
15125
7589
241513
542
482
448
176
10879
108384
15096
1064
2048
313
1034
140
7776
42809
577
9580608
028
180
143
286
247
3486
845766
53814
3005
591
7362
5849
3116
20403
6347
2179
3136
590
2985
174
039
951
345
172
2561
29865
924
3600
505
2526
1375
1807
199
994
1211
858
755
478
215
201
043
1357
186
1843
719
2271
1305
4104
1110
1763
14126
113
2358
153
522
1853
568
156
973
5425
8779
23983
792
3157
2548
676
2931
202
1217
3116
094
1101
204
445
3891
603
2297
49264
046
670
613
144
3148
503
9796
2462
661
45094
12380
2118365
8031
075
8779
92670
6046
195
13088
1233
059
479
178
049
159
449
129848
45990
674
023
245
237
1430
13718
5726
171
16010
452
569
1997
6075
4406
69527
726
724
145
14892
6285
1207
11332
126
496
051
8333
4054
385875
651
1550
438
070
17407
356
730
1640484
7811
037
168
350
1034
037
571
17443
5873754
284480
3481
731
4325
631
11679
4372
1038
151
548
616
6533
2125994
153
8912
328
1988
5298
048
30033
69130
8638
087
2156
061
171
3137867
429
1288
5286
4929
10134
1821
8479
026
1702
921
7649
136
28939834
2576
4457
2412
095
607
6127
3062
4500
949
895
24577
155
1553
3245
2584
189452
510
277
1539
340
149
639
5052
425
040
6157
571
3174
10676
5607
13953
1867
963
135
818
071
134
049
1469035
159
559
405
2512
14933730
185
4125
11934
3883
2366
3409
152
2347
15014
1103
869
1151
7390
076
4839
2660
56472
774
7379350
596
8173
1870
215
232
652
8656
14225
486
135790
13595
2364
180
523
091
347
5532
1056
110961
136
82589
480
143
4236
849
324
087
1069
465
270
8513
1136
1445
649
035
259338
385
42440517
310
1636
1487
911
299
145
1074
6570
150
391
677
084
1428
3037
1655
243
2131
252
906
9490
8102
1142
8480
245
319
4049
1084
2572
13016
285
1767
029
126
4718
356
157
579
694
420930
6756
507
212
154
2176
359
730
1225
1664
364
4593468
4534
710
737
9806
1152
470
2605627
380
29615
1921
150401
054
1469
95402
15096
131
3518
45179
1742
2920
1245
2960
197
275
293
476
072
239
1230
308
057
2046
3355
2479
060
1140
2482
5722
4172
356
19759
4833
1496
1643
45027
76305
548
3734
372
101
15873
049
3948
230
8452
2054
1516
19632
1620
30731
2652
623
3688
7883
494
192
4171
817
2693
94564
050
5736
986
487
28941
1083
382
061
2309
1842
44335
2562
410
4701
455
068
050
2623
737
467
14324
1979
22191
065
2030
280
499
184
623
32751
185
5246
11582
068
3554
1168
2381239
349
284
81579
745
2038
572
223
2072
354
28236
26184
961
253
9233
1263
26813
266
427
082
517
4143
747
134
2210
1214
2022
440
1253
49672
2520
4622
1202
104
441
114
949
5336
3987
556
178
823
2025
312
7868
11444
3721
1834
589
3180
094
14519
31063
214
102
4127
147
1621
262
12396
642
964
122097
359
7505
2002
544
212
1648
145
746476
4357730
035
315
2451
277
13481
7291
288602
9825
242
178
277
1509
3274
3519
13075
093
843
913
1537
8091
218
509
14376
18931
2686
134
533
866
217
182
900
854
13480
2140
2799
285
4196
429
1341
21845
546
15180
875
3321
5515
824
515
229
223
257
1133
2368
284
969
397
10631
1078
70709
039
1391
034
413
951
850
326
242887
15461
2619
535
090
47343
271
1139
24731
912
2186
55738
253
1045
329
19753
281
395
325
7947
153
258
340
190
10599
14668
105368
487
34041
17618
1470
109
065
086
95705
1739
1392
927
056
1964
340
086
189
2614
355
506
2193
123
242917
1102
5897
380
2049
308519
136
510
76009
1405
2419
1328
7276
516
5923
134
5896
212
368
2691
2248
222976
059
507
2171
21566
6157589
11953
15113
771
107
269
028
326
181
14706
5996
1179
14649
891
895
8208
3967
171
280
350940
1779518
241
7944
261
108
3601
6163
100
698
2838
1560
925
1025
1228
301
166
2807
12822
161500
326
234
741
212683
384
620
356
9874
26191
960
567
142
6335
10392
745
1590
1145
109
1131
4847
024
4992
112
566
1098
1236
035
733
60538
11533843
80313
1805
5816
25124
1887
4983
185
334
9012
120
3757
071
631
252
049
1647
1667
2043
121
1228
4716
670
8982
58704
339
1176
1352
1835
066
073
2101
179
1462
339
14391
633
352
995
15930
8687
1635
336
120478
059
887
1526
171
853
1008
415
491
131
9518
112
6805
743
036
440
306
26233
045
685
191
2384
3736
730
273749
2145
764
169
3959
1109
2611
239
40975
229
136475
3648
696
2251
080
028
065
091
7385
033
456
5213615
059
11018
3171696
1999
670
49132
731
185
181
967
078
13378
234
6236
923
227
8293
415
1264
086
2239
523
200224
1939
3049
3535
178014
8383
559
3612
678
4042
3028
397915
2332521
126
15582
4673
1444
291601
6130
3694
041
536
986
5217508
590
1554
1104
16853
21520
181
2563
150
97398
073
2336
626
2184
825
083
4109
330
110
2954
9192
47299
601
10655
18293
153
599
484
4148
25471
91444
229
609
038
965
459
298
43301
160
485
587
245
090
2197
1413
3587
590
602
832
6966
2935
330889
225
094
3375
2153
6066
371
2253
061
077
3923
4574
118722
296
153
2949
079
1748
069
203
093
1482
71100
276
361
86916
25819
1635
9203
340
219
065
537
13368
256
8525
185
351
76453
54625
206
921
932
097
397
805708
796
813
1547
3330424
9882
849058
090
998
135
3030431
92374
429
179
474
588
1638
102
068
098
90142
343866
156
24854
038
3622
1750
14861
272
33858
36564
35639
4388
41517
11077
318
450
3266
408
078
9075
1341
17750
2403
870
1608
2210
466
2848
516
1295
064
577
2973
114
106
119
4243
161
422
880
1353
21818
34481
11237
1168
1936
187
88591
268
55521
1134
2190
2317
282
10506
2125
207
054
252
288
2717
22169
146
294
1316
30171
34198
883
138
10222
50969
8911
1671
110
5184
089
191
108
6787
144820
1427
78575
357
524
4003
9834
8636
048
482
3886
106
8797
15348
847
1778
379
668
453
425
368
3863
227
1348
097
8504
1768
251
1426
99672
056
1996795
176
2174
445
390
200
344
1620
2487
605
139
1680
241
351
143
084
372
254
258
4393
24058
4456
28667
545
048
4471
368
1382
8537
313
20598
6038
364
1216
420
131
615
148
4246
1905
11258
020
795
100
312161
191
082
683
74658
107
47713
9846
847
350
24578
091
545
192
132
194
062
1912
1300
104
038
019
2295
889
33604
1085
781
057
24968
11534
232
126
21708
24871
105732
21115
329
251
122
12380
358
13804
194940
308
2023
1982
4918
9407
23835
1442
2147
82591
625
175
769
4676
912
132821
779
6527
116323
799
4857933
485
1808
474
1315
367
6012
054
502
867
646
077
55456
15529
10387
422
292
166
2075
10487
1429
880
193
35461
6303
151
1211
14383205
192
167
1276
10262
4702
3572
371
342
129
2072
177
135
4835
76498668
10164
1238
1327
12315
126
12578
1232
29131
22495
24368
1817
298
854
974
201
376
4409
6789
4459
5678
3600
063
165
574
870
354
426
110
14953
7619
1342
3151
134
076
14751
34063
2440
2614
1060
295
132
10440
665431
2363
044
272464
54225
505
1570
232
124
233
220
9424
056
7865
1285
286005
491
266
93587
6505
1107
166283
1102
341
251
100
2082
494
13547
4438
263
506
134
8566
1538762
1659
243
2765
061
087
1620
040
23139
13819
141
1866
861
6139844
210
813
51856
32744
2080
182
12883
2309
27726
3090
432
3138
1950
1832
839
20868
988
632493
663
135
082
215853
22876
17492
9265
1670
529
135
372
074
231
66900
764
887
1998
230
154
033
147
749
7687
218
2026
5183
072
091
2534
502
1573
2545
518
297
711
316
260
13965
2930
569
442
135
1807
160
716011
248968
355
461
11348
130
164
105
137
2310
21957
075
1366
053
133
402
1775
26018
1118
2979
601
768
3541
4442
20401
5402
2728
7933
085
2066
151
403
15447
426
31375
156
686
206
678
062
580
127
185677
1386
7084
108100
110
155
1785
2314
326
7824
101
1143
205
1916
15531
090
1083335
073
300167
624
095
910
5701
3447
1871
14189
3497
170
2093
1656
2681
287
397
157
19370
153939
325
839
097
850
1412
330
227188
399
1555
900
1493
40054
7378
856
18542
153
1247
31255
3735
434
222
065
273
15313
15857
3622
3961
369
6032
653
048
1870
138
085
2138
5632
11471
1876
2597
105
8885
58708
773
093
132
051
1588
163
060
5079
224215
2064
1691
299
165
071
4142
7600
8220
846
680
035
130
893
059
12881
1265
600
147325
2021
651
1942
1211
12268
265
39193
240
439
151
337817
5290
774
2582
11092
370
1446
27548
421
163
108
36577
615
1033
051
324
1684
065
51729
11569
052
9910
15481
117
14351
061
666
162
662
28183
7618
3921
3680
450
252
087
146
165
3203340
178
092
39562
336
1175
2111
4382872
691
625
2021
1740
659
834
1381
29141
47712
1819
19631
330
47613
13080
119
1253
158
12434
433
1524
099
200
11819
446633
2195
228
1035
528
285
674
23843
396
1429006
1468
524565
067
136
175
32998
723
106
7219
146
171
3667
801
180
092
281
151
2224601
165010
315
1500
096
108908
300
186
469
5639
598
2925
265
2883
3996
2435
11142
296
208
29858
496
387
3031
2839
1475
065
2164
99788
1861
20337
095
5911
207
126
813
6160
1942
2165
78781
044
27407
628
425
242380
661
216655
361
2304
055
1317
222
185
107
7313
082
8559
36412
382
1554
742
90371
191
784
33106
1755
6658
197
11219173
26533
9449
185411
28684
705
123
6714
4081
110
386
153
176
12221
468
708
646
4686
584
1261
233
483
8304
159447
268194
4571
271
3286
527
7899
2297
4286
086
1848
1054
410660
5763
1029
12870
204
244217
051
633
2850
340
286
124
499
3377
544
177
82192
076
5856
10046
507382
025
212921
852
2423
2043
2287
417
112671
354
150
3833
4945
696
815
552
73964
3992
281
164096
29134
2802
1694
242258
882
062
303
204
058
528
58573
2628
079
104428
38718
207
077
227
220
969
053
1854
185
492
484
567
50036
559
085
075
035
5056
6772
918
3285
3078
1570
15795934
173
813
095
232
133
303
459
90434572
1927
997
12466
1502
14560
421
426
903
130
4385
11499
051
609241
2093
114
471
2323
31845
162002
210
222
26022
430225
323
5539
169
364
824
11247
648
146
084
070
221
099
5186
176
240
3021
382
644
163
1822
407
2257
545
240
34041
9013
239
3530
409
14182
705
148
8578
594
601357
054
3676
159
909
416
881
758
249468
2084
558
106
081
447
041
142
432
157
2829
058
5486
628
670
2795
111
660
6486
1533
108
086
13575836
816
149
875
2550
1546
111
1268
3074063
3197
2382996
751
041
1248
222
1499
477
1523
1933
040
1509
1167
1137
022
087
29448
41020
115
46131
027
17223
047
1715
2857
2286
554
1445
814
6932
156
1131
556
6565
731
1925
477
26075
089
086
3615
242
755
148
268
1278
1210
16487
585
199
552
13356
628
8586146
1935
061
4138
4791607
065
037
1463
4408
034
967
2349
7830
102
642
066
1146
3056
63913
572
5324
2176
342
053
040
1285
818
649188
149
415
977
037
101
303
2168
5363
41924779
710
3126
587
120
239
042
593907
048
171
247
271302
221
2107
132
12345
501
4663
718
8342222
158803
172
47380
317
090
13393
143
2812
608676
16519
61930
567
279
186
64781
6745
29156
97071
1409
149
2010
3007
6738
1845
273
127
1399
271
688
1258
189
655
819
616
3919
58514
10375
860
369
199
333
37508
176
4259121
111
467
1223
276
1332
4457
407
107
1306
1157
45383
34083
036
755
19237
707
5326
080
1196
3230
3931
67149
2972843
36233
18634
055
280
7536
998794
1548
048
518
312
605
785
304
059
128
033
172
420
2297
192
2477
218
109
381
076
526
966
1658
664
118293
1033
056
043
032
326
36960
025
184314
126
066
165
110
280
17157
531
353
1243
3940
107
1727
42527
10123
975
362
101
2722
13588
796
1663
321
1016355
1080260
181
4316
424
32257
6538
1932
472
3766535
28004
315698
528
1615
119
580
4861
147
648
077
559
22446
243
19401
14826
823823
110
6382
41233
387
2699
216
4588
2546
8956
1186
751
2126
512
13420
2754
329
47726
500
977
2982
651
2385
2145
22843
174135
789
297
8290
6720
090
083
2242
334
514
092
662
1945
14300
931
31532
809
739
974
76943
229
1716
397
064
30427
7507
252
8407
5577
550228
683
047
429
519
1821
4934
104
325
116
3067
048
1579
589
66016
1874
455
4521
128
070
018
568
3843
379
440
2580
2091
735
852
232
80475
15235
099
1169
056
13105
057
291
12945
572
10841534
7084
086
28650
26412
51860
861
3021
1062
2215
3797
1807
1170
2573
344
3654
1626
792
1586
2618
146
10294
180
9217
183
103779
435
457
036
1275
2205
192
1637146
9730
457
161
13886
360
21031
194703
47823
591
292
2165
13414
2920
102217
716
084
289510
2119
35631
57525
667
288
4339
105
6599
2945
58794
1168
25567
068
11059
403
2774
2031
1241
939
338
16037530
034
514
1238
082
5961
74327
234
8123
2012
348
071
301
15883
326
051
042
123
393
785
3665
1190
147
271
178835
11474
134
12669
2527815
570
287
1388
3929
353
2174
390851
422
2736
7498
1325
12615
101
204147
2166
1316
8272
29270
2232
2511
2301
32653
2502
1903
215
336
1415
225
2374
3654
048
549
5718
5500
116285
091
566
2229
127
749
622
052
370
3875254124
4754
726
7884
241
1697
1430
102
285
117
62632
060
271
1219
218
2108
5990
218
58529
2168
1750
2175
181
2353
81094
819
1467
4374
12521
1075
14916
4065
611
186
11751
3460
4017
2505
263
179
105
1572
179
059
442
092
18308
81323
150
3470
557
101294
158
939
651
106
711
57058
2203
694
172
266
111
2268
2327
227
161
630
1565
713
583
2779
9949
24954
626
948933
1755
5358
228
3036
3614
2293
241
680
1309
20888
089
223
384
171
1410
146
626
131
1440
280
044
14603
96277
2027868
085
654
1236
6626
288
88236
513
10840
208
1740
2293
570
25574
21303
1470
1405
1259
8416
8029
889
4929
338
120
28971
1310
985
1490
217
1233
262
253
529
222
266
718705
1447
2830
2800
225
85957
327
046
023
143
810
1137
532
505
153
073
3094
360
11533
1154
455575
303759
220
8013
076
117
24261
1238
2953
4521
471
7546
1315
37127
5816
2537
979
215
1811
3314
050
327757
4340
2671
130
143
1226
214
309
3023
503
048
081
047
7152
198
3755
2805
7457
129
10275
105933
173
1255
094
063
169873
159
350472
163
282
1758
111
11538
1327
39457
3246056
087
38303
126
2430
2012
1391
605
2485
1751278
1661447
1017
1271
10070
956
032
078
086
7922
497
59116
5940
30445
065
283
172
9439
287
049
8903
485
1572
6153
121
743
454
6734
670
472
4394
339
299
170
7900486
637
063
5962
130
332
157
844
128
99022
4237
4271
633430
167
088
1572
268
079
139
995
6019
30344
068
1261
632
4607
12796
16403
3479
3016
3040
157
5858
2552
325
1595
1553
6123
082
078
1829
993
166
046
793891
2375
1165968
46000
777
463
086
036
1127
2852
1722
396
2020480
129
154
117
307
12601
969
37673
5304
4648
287
045
946
280
639
4990
2231
143
35257
429
307
18008
16610
4680
8245
1407
2351
043
1451
2524
6877
190
2403
141
1599
076
193
9927
3512
16480
245
14383
101
090
23874
24641
46993992
937
822
448
1703
3959
2067
5714
3513
036
2202373
2065
397
1653519
193
456
930
985
918
8918
6307
19454
2382
2722
094
64744
650
330
50453
28860
460
2726812
95904
240
1773
5934
75033
197844
090
162
2528
342
40621
19408
13964
583
3454
113641
22060
1358
81535
473
1781
19133
381
109
16462
693689
8015
291
1501
142
4016
22454
174
810
815
607
2106
5371
1724
824
4493
96965
1758
121
106
081
1705
18465
033
285
1659
822
034
069
6473
13407
080
439
167
7473
157
384
8809
22503
11751
3128
148
072
18637
3348485
889
675
444
517
65630
1079
068
866
060
817
4175
371
837
1403
224
298276
433
2197
15029
1173
644
1361
653
1263
30886
898
4105
245
123
220
1266448
1669
2089979
448
1360
236
1860
1783
048
10442
4379
1749
1075
279804
074
1304
16704
227
225
106
421739
1406151
133
107
2226
355
071
5803
3065
1128
4026
914
929
045
833
2674
19231
54799
127
601
149
9507
165952
292
2650
149
321
8589
9313
15581
030
224
095
16189
081
114
262
105
