003
035
065
000
008
000
215
157
000
001
001
009
047
000
000
000
011
1571
000
002
006
001
016
002
000
003
000
000
001
001
000
000
000
004
011
008
001
000
001
003
002
000
000
005
003
209
001
001
001
000
035
001
18728
001
000
002
1470
003
003
004
000
974
000
001
051
000
000
002
000
000
022
002
000
014
192
000
006
048
043
695
058
001
002
094
008
000
003
003
043
000
000
004
001
000
11292
003
258
000
000
000
023
000
000
001
1503
000
001
345
001
000
000
001
060
093
000
063
000
290
002
000
001
005
000
964
002
001
049
001
002
011
003
049
002
004
000
000
005
006
000
000
015
005
000
004
009
000
009
814
003
000
004
001
005
007
002
001
228
001
000
000
000
000
000
020
000
3634
009
003
001
000
001
001
001
001
000
001
000
648
005
001
000
000
016
277
000
238
000
001
322
000
001
000
000
000
000
005
006
000
000
001
003
003
016
005
024
000
007
000
001
000
000
379
008
001
000
009
000
001
000
000
017
001
006
100
000
000
001
000
001
000
010
039
001
006
010
002
002
000
383
000
005
002
007
000
000
003
000
003
000
001
035
000
131
000
000
000
011
000
000
125
000
017
000
001
002
008
000
005
001
004
000
002
000
000
1931
002
000
006
001
000
000
273
091
054
002
003
001
001
000
000
000
000
001
003
000
001
001
012
003
015
000
000
015
000
000
020
001
143
009
014
000
004
000
001
002
000
002
001
003
759
002
000
103
015
000
185
001
034
000
001
023
267
001
001
679
000
001
001
008
000
000
001
001
000
000
019
006
033
000
002
001
003
002
537
009
003
002
069
047
469
016
001
000
005
010
001
074
000
002
000
000
110
003
002
001
000
000
000
003
000
001
120
001
2950
004
000
003
002
000
498
002
000
014
000
004
040
001
047
002
018
000
001
010
001
275
008
000
001
035
000
004
1451
001
001
001
000
003
000
000
003
015
036
001
000
001
001
000
001
000
007
029
001
004
012
001
004
033
264104
085
000
017
001
012
004
004
000
000
000
000
014
001
001
000
009
070
000
007
001
000
002
024
004
001
144
000
090
002
536
003
000
007
002
001
001
000
000
000
000
001
003
000
001
001
002
000
180
000
000
000
000
050
004
000
011
000
010
006
000
004
000
000
001
000
071
000
097
518
020
000
003
002
001
000
000
003
001
001
018
004
012
003
008
001
005
000
000
001
107
122
000
1726
004
000
005
000
000
001
077
000
002
001
006
000
001
000
000
001
009
001
001
001
000
005
006
000
003
000
008
001
007
019
000
000
006
000
001
001
001
000
001
000
021
001
005
000
003
002
001
000
001
000
001
000
000
004
003
008
002
000
001
1855
000
000
001
089
025
045
000
004
000
001
003
004
005
004
019
000
001
000
001
000
000
001
002
000
000
002
546
000
002
000
782
002
000
013
000
005
017
001
000
004
000
019
268426
000
000
12408
001
002
001
001
000
000
004
000
000
000
000
000
006
000
001
101
001
000
004
006
001
123
025
002
109
001
000
003
000
001
001
000
001
004
000
000
000
028
022
3212
000
018
008
2338
000
001
000
001
011
003
000
160
004
000
000
001
000
005
000
000
003
065
005
000
001
000
003
000
000
001
030
004
000
000
005
000
001
002
006
010
015
007
032
009
017
000
004
000
000
001
000
000
007
011
024
004
003
047
002
003
004
005
000
001
000
000
001
014
909
000
000
000
000
6417
000
039
1262
005
000
000
046
000
000
039
003
094
000
000
489
047
001
004
001
001
001
000
003
001
001
000
001
018
000
003
002
024
001
011
003
004
036
000
110
003
000
000
004
001
001
000
003
000
000
026
008
000
000
221
085
048
000
010
309
001
000
001
002
001
024
004
003
186455
795
002
004
000
006
000
000
004
000
001
003
001
001
003
007
000
035
002
108
017
000
001
006
019
001
098
003
001
000
126
003
002
004
005
001
000
041
019
001
000
002
003
131
023
000
000
000
006
003
001
001
001
000
009
000
000
000
000
000
000
000
002
004
002
2554
000
000
000
000
000
000
000
001
002
000
082
031
000
002
002
000
005
000
000
001
001
006
008
000
000
052
000
001
008
000
005
010
000
001
081
037
000
239
008
000
001
047
000
000
047
002
001
005
002
000
000
001
010
001
000
171
006
000
002
001
036
000
001
004
003
055
000
001
004
006
005
000
002
000
002
000
001
002
000
283
136
001
001
003
000
002
008
109
001
024
004
001
001
004
000
000
001
000
001
091
000
000
001
001
022
032
011
001
000
033
003
077
001
001
001
000
000
000
011
029
001
020
025
001
000
000
000
000
002
000
000
001
002
001
007
001
000
000
022
012
000
002
001
000
016
000
005
000
10660
022
004
001
930
000
001
000
022
002
000
000
000
029
000
000
003
000
000
002
001
005
000
002
000
000
000
000
000
001
002
001
001
000
219
057
022
042
000
004
006
010
004
000
036
000
015
001
270
001
000
001
000
003
000
000
000
001
000
380
000
019
002
000
007
050
000
002
076
003
000
026
005
001
012
002
259
000
111
002
013
001
002
004
003
000
000
000
000
001
002
000
1218
000
042
015
044
273
000
000
000
003
001
000
002
000
005
002
135
001
061
002
000
000
012
069
001
007
000
130
003
000
000
001
001
000
009
004
002
000
000
044
000
000
000
024
001
001
001
006
000
1066
001
000
002
000
52158
000
001
000
002
001
006
001
047
000
006
000
000
000
001
017
029
000
143
000
002
000
000
001
000
044
2053
064
000
002
014
000
001
000
001
000
001
000
004
007
001
007
005
000
000
002
002
001
004
001
000
690
001
003
002
001
001
000
001
000
003
001
002
002
009
002
040
000
000
31640
001
000
003
003
001
001
003
004
000
079
000
006
000
000
002
049
007
001
007
000
026
000
002
000
092
000
006
014
005
001
001
000
001
015
008
000
038
001
000
001
66277
002
001
24765
004
112
000
000
013
000
000
002
001
005
001
000
001
125
000
026
000
000
006
000
003
001
002
001
030
090
004
000
000
000
008
000
003
000
000
552
000
000
000
044
000
5625
7953
001
007
001
003
000
067
002
000
699
001
051
000
000
006
090
000
119
011
001
034
031
301
002
001
000
000
000
008
000
000
000
016
001
001
015
000
000
116
001
009
001
000
001
103
000
000
000
001
000
002
032
001
000
001
040
000
000
002
002
001
000
001
006
000
065
000
001
000
004
000
620
001
000
053
000
001
000
001
001
052
000
004
160
000
000
000
001
000
000
001
000
000
002
027
003
003
000
001
003
001
064
005
008
001
001
000
014
003
000
006
001
003
017
004
1293
038
000
000
012
169
018
000
001
020
005
001
037
001
000
001
000
000
263
002
001
001
002
025
000
000
050
010
004
000
000
002
001
000
001
000
001
000
000
000
000
000
000
000
001
108
000
001
000
006
000
001
000
001
000
016
001
115
000
000
000
013
001
002
5213879
025
003
2606
050
005
000
002
002
000
016
001
004
000
015
019
000
005
001
000
000
001
000
001
000
000
000
000
011
445
003
000
002
040
000
019
001
000
003
009
003
000
000
000
138
000
042
000
000
001
002
011
003
019
000
000
022
96896
005
004
001
008
000
000
001
000
068
018
013
001
001
000
206
000
000
000
000
001
008
000
024
000
007
003
002
000
6204
000
004
028
001
002
003
180
009
010
001
004
046
3241
003
001
017
008
004
009
006
000
4628
000
007
31061
022
023
000
004
000
001
000
018
000
000
002
001
000
004
004
000
017
006
006
001
068
026
000
009
001
002
047
005
001
005
001
000
964
004
000
005
007
001
000
000
048
000
023
000
022
026
001
003
000
000
002
001
000
023
000
003
001
074
001
000
000
000
000
012
001
001
000
005
004
006
000
006
004
000
012
000
004
001
002
48843
004
000
000
000
002
001
289
000
932
055
000
604
153
000
045
003
323
094
009
000
000
029
003
000
002
001
001
090
001
000
000
003
000
000
028
1475
000
002
000
003
001
001
000
000
001
000
000
013
045
023
009
004
007
000
001
001
001
000
153
002
068
007
546
000
000
002
110
000
000
000
001
003
000
150
21321
137
000
000
031
8367
000
000
000
068
002
003
001
002
002
142
000
001
004
055
000
484
000
000
000
021
013
000
001
010
002
002
001
000
000
000
000
000
002
001
000
083
000
000
004
000
000
000
000
000
000
000
1004
3627
000
000
000
002
008
000
006
002
001
000
006
000
000
000
006
002
000
084
003
004
004
001
000
001
000
263
000
035
002
026
001
001
060
000
002
000
004
001
000
009
000
000
158
007
003
001
001
001
001
001
001
007
050
000
000
007
000
001
1007
001
001
000
130
160
000
002
001
004
011
001
002
027
002
000
002
000
014
053
000
000
004
000
000
003
012
152
002
290
002
009
000
001
001
011
000
037
012
000
001
000
002
016
2137
300
000
024
000
000
101
001
030
002
020
3832
002
005
025
000
002
000
4391
4400
001
005
001
000
000
001
386
000
002
000
001
000
001
001
000
000
003
038
000
004
000
000
001
000
000
000
000
000
027
012
010
005
001
000
017
024
002
001
001
012
3387
006
004
001
058
001
000
003
003
028
002
000
005
001
005
001
003
003
001
044
000
003
001
000
002
029
003
001
002
005
000
001
020
001
000
007
000
001
004
012
004
397
000
001
002
010
000
000
000
001
001
000
001
013
004
001
042
000
051
013
003
045
000
003
000
013
000
000
000
000
000
000
002
000
018
034
131
000
000
002
021
001
001
017
013
000
029
000
000
000
001
001
000
000
007
082
001
000
19451
007
000
001
000
013
062
223
000
000
082
008
000
003
022
007
115
003
001
001
000
001
002
000
000
001
001
001
060
003
001
027
003
000
001
000
122
000
000
002
000
000
002
000
13917716
001
001
002
003
002
064
046
000
001
001
021
005
000
003
001
065
001
007
001
052
003
001
002
001
001
076
008
000
363
001
2420
370
000
001
009
000
289
020
029
000
000
000
034
003
000
032
003
008
003
001
000
000
048
023
217
000
223
000
000
020
001
001
002
009
004
052
001
119
001
000
000
001
001
003
000
000
278
022
000
026
000
000
000
001
000
002
001
001
001
009
001
008
011
000
000
007
005
000
006
000
013
000
4131
58076
064
109
001
000
067
006
065
000
189
004
002
002
001
000
012
002
000
000
000
125
000
000
003
001
000
001
009
000
001
001
001
001
001
000
001
018
001
000
001
000
003
000
000
034
001
002
103
001
001
011
017
000
109
001
000
000
001
005
157
001
012
000
141
000
079
380
000
008
016
055
016
000
001
000
002
004
002
007
000
000
000
036
188
001
004
030
001
001
001
74413
019
000
000
000
001
001
000
002
000
003
001
028
001
000
000
230
446
000
007
000
021
002
001
129
105
006
000
011
010
045
002
016
000
001
006
000
000
000
008
555
172
000
000
003
000
001
006
000
000
001
023
001
000
001
172
039
002
001
009
000
001
000
044
000
000
004
019
010
290
004
144
3502
003
000
002
002
000
001
002
002
004
000
000
001
001
024
000
000
000
000
015
001
043
000
003
000
003
000
000
001
004
000
010
000
051
001
000
000
001
016
001
089
121
001
003
000
000
000
003
000
002
002
000
001
129
000
001
000
001
001
000
001
004
011
002
000
000
257
000
010
004
001
000
000
001
079
000
000
001
001
000
000
001
000
000
002
052
484
003
024
002
000
180
006
001
001
009
000
002
000
053
021
000
001
001
000
000
004
000
000
000
009
000
013
002
002
000
005
001
001
001
000
002
053
000
000
001
000
000
000
000
006
004
040
000
036
003
003
000
000
005
001
005
001
002
000
001
013
000
001
000
004
000
001
014
002
700
008
000
000
001
000
000
001
000
105
002
000
000
149
000
000
003
001
003
002
001
004
000
000
000
002
014
003
503479
004
013
000
550
1168
001
001
009
789
000
044
003
000
000
011
000
000
014
445
198
001
000
000
000
012
005
001
000
000
000
000
080
252
010
000
003
000
000
001
000
002
000
001
000
001
000
001
033
000
000
000
004
000
000
000
003
000
001
001
000
000
009
000
037
000
002
009
001
003
002
001
031
001
002
1393
006
000
002
000
000
002
001
001
2474
000
000
001
228592
005
007
000
005
101
1335
002
075
003
004
085
001
016
003
047
028
000
000
018
002
003
000
000
000
001
000
005
000
010
001
001
000
000
000
002
000
001
019
001
006
001
002
001
002
000
011
3208
000
002
001
000
000
000
002
012
001
000
001
010
000
022
072
001
009
20701
000
009
060
014
047
025
134
001
079
000
000
000
023
000
000
001
002
001
001
69511
009
009
002
000
000
015
001
058
000
000
000
000
000
004
000
000
000
023
008
002
000
000
001
000
000
000
001
002
000
001
002
001
030
000
006
000
068
185
000
000
014
000
000
004
011
000
030
029
000
000
000
018
003
000
007
001
002
000
007
000
000
000
002
000
000
000
001
2055
000
001
006
001
000
057
003
001
000
000
004
001
002
005
001
003
003
004
010
000
018
000
004
000
001
000
074
000
004
009
1687
003
340
005
150
002
001
000
001
000
000
001
001
000
003
000
003
000
402
003
005
011
000
001
008
000
000
076
000
013
604
000
004
006
001
000
002
000
001
007
002
000
003
000
1017
002
001
002
000
000
005
007
000
000
000
002
000
005
003
005
000
000
001
1515
000
003
001
000
021
097
000
002
000
085
001
005
025
000
000
11715
000
001
001
000
080
000
000
001
000
000
002
001
000
032
001
198
002
000
027
007
001
008
780
000
002
009
001
015
003
000
584
000
023
000
002
002
012
559
001
000
000
001
000
003
035
001
000
000
002
029
000
003
003
000
000
000
007
000
002
000
000
001
002
000
003
001
000
001
002
000
003
000
006
000
530
052
001
009
000
001
000
000
000
005
031
007
001
003
000
003
000
018
091
003
001
394
000
041
000
289
000
001
000
000
000
001
000
000
003
000
000
000
000
000
000
000
000
000
000
005
909
010
001
000
001
002
000
001
002
000
001
001
000
005
008
009
000
002
000
001
000
000
017
436
000
007
001
018
000
000
011
000
001
001
014
000
000
001
002
000
119
000
003
024
000
002
001
000
053
001
026
008
583
000
003
086
059
001
008
000
000
003
000
019
006
001
000
001
000
000
013
001
000
002
000
001
012
000
015
000
001
003
51404
008
000
002
000
013
083
2738
001
000
007
045
000
000
032
001
000
020
000
016
000
010
005
000
001
001
003
000
016
000
000
015
020
000
001
001
001
001
000
11402
000
000
079
004
003
000
000
000
000
001
000
001
000
100
001
002
003
003
015
000
003
000
002
000
000
003
000
085
000
000
000
000
000
008
011
001
026
003
000
012
011
001
000
032
001
000
007
014
001
000
014
195
002
021
002
008
007
003
002
019
000
000
000
000
215
000
1077
025
000
009
001
003
000
003
012
008
000
002
001
003
000
016
001
211
000
007
002
001
095
000
000
000
002
092
014
009
088
000
019
008
001
000
003
000
001
033
005
001
001
000
021
002
000
002
012
002
001
000
001
002
000
002
000
122
000
000
001
002
000
005
000
003
001
002
000
000
000
000
033
000
000
010
006
000
000
006
000
002
000
000
000
012
000
000
005
000
005
000
001
001
001
26037
002
001
017
000
001
001
009
006
000
000
028
003
016
001
010
001
004
000
001
059
000
014
089
000
001
000
000
339
000
000
000
000
000
005
003
002
349
004
001
002
010
037
000
000
223
2532
003
000
000
000
000
001
036
001
016
002
002
000
011
000
000
021
000
000
000
1970
000
008
023
154
000
000
002
006
000
014
033
010
000
005
013
000
000
001
000
034
278
001
001
052
055
054
000
000
000
000
000
000
000
000
000
001
000
060
000
001
004
000
003
000
013
327
000
000
001
001
004
000
000
91719
003
000
008
000
000
012
001
015
000
004
001
003
001
002
002
000
001
490
001
20704
282
033
000
001
037
018
003
001
001
001
048
000
135
000
002
260
010
000
000
000
000
042
000
001
000
000
000
000
001
001
000
000
000
010
000
000
016
171
020
005
005
026
002
000
001
001
403
002
000
003
012
000
005
002
269
000
003
000
000
6406
004
002
032
236
001
007
012
001
000
000
001
000
002
003
001
027
000
001
022
000
003
000
000
019
002
031
001
004
006
003
001
003
003
017
031
000
002
004
000
017
004
110
002
000
000
007
009
001
000
000
002
027
2251
000
000
004
002
083
000
001
001
002
000
073
000
008
3729
000
001
000
000
001
002
001
001
000
000
003
028
000
013
000
001
000
000
000
001
001
5590
040
000
001
040
000
016
000
005
000
000
006
001
000
000
013
136
001
001
000
012
032
001
538
002
009
004
000
029
003
002
001
001
000
005
001
001
000
002
000
000
196
001
000
015
006
001
002
106
001
020
085
000
000
000
001
004
005
001
021
005
003
003
000
001
001
011
005
001
001
002
018
000
014
001
030
001
000
000
391
000
004
000
002
000
000
000
001
000
003
000
002
001
294
001
001
028
001
002
010
001
000
000
002
034
241
000
006
000
000
006
006
030
001
000
002
000
433
000
001
198
001
009
002
001
005
001
004
000
001
000
000
072
014
008
001
001
001
007
005
000
003
001
000
001
030
002
000
003
006
005
000
136
008
000
3340
004
012
002
000
002
009
001
000
006
000
000
049
003
544
017
006
000
032
004
002
001
004
003
365
001
000
001
000
001
001
014
001
000
005
000
010
143
000
093
056
000
001
3528
000
002
001
796
007
004
000
000
002
000
000
063
003
000
053
000
001
006
006
000
000
007
001
000
001
017
012
000
004
002
000
001
000
001
048
001
000
000
000
000
000
004
029
2315
000
005
000
011
001
000
3464
000
000
003
001
001
000
000
000
002
007
022
005
001
000
003
000
000
000
000
001
000
000
000
000
425
001
350
001
012
004
390
004
009
000
000
000
003
001
014
001
000
180
000
001
003
009
000
002
012
000
004
000
010
000
390
009
000
003
001
000
000
035
032
000
000
000
031
001
004
000
000
001
006
006
003
012
000
000
003
002
000
000
001
001
012
020
027
069
010
014
001
001
006
072
000
000
016
000
023
001
000
000
009
000
001
000
001
2856
007
12802
000
000
000
000
000
005
001
001
005
010
003
000
000
000
001
000
018
000
001
000
007
000
000
002
050
000
003
001
002
001
000
282
003
006
000
005
003
000
006
002
012
000
032
002
001
000
014
004
007
031
000
005
9133
000
001
000
080
012
000
004
001
006
121569
001
000
001
000
001
368
033
000
052
000
32546
081
586
011
000
004
007
000
003
016
000
006
030
000
002
000
004
001
001
000
000
001
005
000
167
003
285
001
000
001
001
304
000
003
014
010
006
002
001
000
000
006
000
000
405
28633
000
000
001
001
4318
000
002
003
000
001
483
000
004
001
026
000
074
000
014
003
000
000
003
003
000
000
000
000
001
000
001
003
012
013
025
007
054
000
002
002
015
001
000
000
003
000
000
007
001
002
002
005
001
000
001
001
012
010
001
000
000
000
000
005
000
000
001
337
000
000
000
015
001
000
003
000
000
018
001
000
000
000
005
012
000
135
000
000
003
001
163
004
001
000
2977
028
027
004
005
000
001
000
000
002
000
000
001
038
003
000
000
000
000
000
000
000
395
001
168
009
003
001
002
002
000
000
000
000
001
003
000
000
001
101
001
000
001
035
000
101
015
082
001
000
001
049
000
014
001
000
988
045
481
001
004
009
013
328
004
002
013
008
013
000
000
002
004
000
000
004
000
000
006
000
000
001
000
000
001
000
002
000
000
000
007
000
000
000
000
002
000
041
000
000
007
000
000
001
001
016
009
040
006
000
000
006
000
001
003
001
146
005
000
001
001
021
000
012
009
000
001
000
001
059
000
020
001
004
005
001
004
002
009
004
000
021
013
006
000
007
001
001
014
000
003
000
001
000
004
022
005
001
004
000
003
004
000
000
000
001
001
002
102
000
002
69669
062
000
000
002
000
060
000
002
020
000
001
000
002
005
002
002
001
001
012
027
016
000
004
003
012
000
000
002
002
019
000
033
000
077
031
016
009
121
026
000
004
004
004
000
000
000
025
001
101
3742
000
221
084
000
001
002
004
165441
001
000
069
005
500
000
000
133
420
001
014
000
006
000
001
000
000
000
000
001
020
002
000
003
004
000
000
012
000
000
160
002
000
004
000
001
000
072
001
001
000
000
002
004
000
002
000
000
008
004
001
000
018
004
002
000
001
002
000
000
002
000
000
000
010
000
001
607
004
002
005
007
019
000
019
000
000
000
010
003
000
008
012
025
000
000
004
029
015
000
000
000
000
003
000
000
001
001
047
000
001
000
756
000
000
000
034
011
090
008
001
089
070
007
2792
169
002
000
003
152
006
000
000
000
001
010
002
002
000
000
003
003
000
006
001
381
014
000
002
000
002
006
044
000
001
000
001
001
000
000
000
010
000
000
000
071
000
001
029
000
000
000
001
259
000
000
007
000
003
000
005
000
001
003
020
15342
000
000
001
000
000
001
002
074
000
004
133
001
000
013
000
003
000
842
001
004
009
001
002
001
029
011
014
001
000
000
000
001
8120
009
041
000
004
2001
002
014
018
000
002
003
012
001
026
000
001
158
001
002
000
000
000
012
000
283
000
002
001
002
000
000
000
000
051
000
003
003
000
016
004
000
001
000
000
008
118
001
003
001
000
000
690
000
000
000
000
008
045
004
000
000
001
004
000
002
032
002
000
000
010
000
006
000
000
049
001
001
202
000
001
000
001
002
001
001
006
010
000
011
004
022
006
003
985
002
000
002
1021
002
002
000
003
005
019
000
001
001
000
000
130
000
001
000
000
001
004
163
039
000
002
8916
000
000
347
026
001
000
001
001
242
247
010
000
004
003
001
045
234
001
000
000
000
077
001
332
019
000
228
000
002
000
002
001
008
001
001
373
000
000
004
000
000
001
002
005
000
174
017
000
000
012
004
001
100
266
000
005
000
010
006
001
000
000
182
000
000
001
000
005
000
039
002
002
000
000
000
010
001
000
000
000
008
000
001
001
004
022
003
024
002
185
019
002
116
007
010
001
000
002
007
000
004
001
000
001
000
008
037
003
004
000
001
001
003
000
006
000
000
321
000
011
001
018
002
000
002
000
000
000
391
000
186
002
003
180
004
000
000
081
000
007
000
007
005
015
660
000
000
227
001
104
001
1569
004
002
002
000
060
071
005
002
000
026
001
000
000
000
003
000
001
017
015
001
000
2801
001
203
000
005
000
019
033
201
000
001
001
000
004
012
017
000
000
000
003
003
001
004
000
009
067
032
000
000
001
000
000
021
000
002
000
001
000
001
408
003
006
000
000
001
009
015
000
144
102
000
000
009
640
002
002
000
1145
001
004
000
5196
009
001
000
000
000
000
008
007
004
003
000
79336
000
077
000
000
007
039
001
012
060
001
001
042
001
017
003
000
005
000
000
001
009
014
000
066
010
000
000
000
016
030
057
000
000
018
000
000
001
000
000
011
007
012
000
001
128
000
000
001
7209
001
000
003
016
453
2537
443
1191
023
002
000
004
000
000
001
004
000
034
001
032
003
003
002
000
003
001
000
005
008
000
001
000
000
001
001
000
004
000
000
000
000
022
001
000
009
099
001
000
001
024
011
006
000
000
003
000
165
1673
000
003
003
078
001
000
000
002
000
000
1874
001
015
003
014
000
000
001
000
000
001
004
001
000
002
002
092
003
001
000
000
004
000
003
001
000
000
004
000
000
000
008
000
016
000
000
000
001
951
000
092
043
000
003
000
045
002
001
000
019
001
002
000
000
027
000
002
000
002
000
014
000
001
000
001
000
010
001
007
000
016
684
001
000
001
031
001
002
001
003
014
000
000
044
000
000
001
083
4455
003
000
222
674
799
001
000
000
000
001
002
000
000
000
000
002
007
000
001
003
000
001
001
017
005
015
009
009
000
002
000
000
000
000
000
000
203
000
000
119
002
002
001
002
003
006
003
000
080
003
007
012
001
002
000
000
000
001
000
000
001
001
095
000
029
005
017
003
001
005
085
006
1083
002
138
001
104
023
000
001
000
000
003
000
000
694
002
000
020
002
000
000
002
000
003
000
013
000
001
002
000
002
002
002
002
001
001
000
007
000
024
000
002
000
001
030
017
001
001
000
003
086
011
001
15918
000
000
000
000
000
000
000
000
079
000
001
001
042
002
024
004
016
000
001
001
001
001
012
001
001
001
000
000
066
017
001
000
000
000
002
000
000
019
421
037
001
000
001
058
004
000
063
000
000
000
026
002
073
003
348
011
002
000
002
004
000
154
001
013
000
001
000
001
000
000
000
2381
001
000
2688
006
001
003
000
001
013
003
000
001
001
000
000
000
024
001
000
004
002
000
025
001
003
000
001
003
001
508
118
001
002
000
000
000
001
002
000
111
33335
638
000
001
109873
000
001
001
000
000
000
002
000
009
000
003
001
004
001
001
002
000
000
015
9787
000
010
002
000
019
002
3719
026
071
000
001
000
006
014
013
000
000
004
007
000
002
000
022
015
007
019
000
165
002
002
000
000
002
000
000
000
013
000
000
007
008
004
001
001
014
001
001
001
002
000
000
000
001
014
002
002
000
001
002
059
003
003
002
000
000
000
518
005
000
000
006
000
015
000
033
046
001
009
000
022
000
013
003
000
110
252
002
032
000
004
000
001
000
003
000
004
086
053
002
000
000
001
000
000
115
000
000
001
000
003
000
011
000
004
000
014
002
000
007
009
009
016
001
1544
011
000
001
019
651
035
021
015
879
000
002
000
001
000
000
000
000
002
116
000
000
001
000
000
002
013
000
000
003
000
000
000
002
003
010
000
000
001
003
147
001
007
006
000
001
000
000
000
000
256
000
000
001
014
000
003
000
1035
000
000
018
000
000
003
000
009
000
000
000
000
001
006
128
000
007
000
001
000
000
002
000
182
004
000
000
000
066
006
001
020
000
001
000
045
001
004
011
001
000
001
157
000
3805
001
905
000
008
001
000
000
270
000
001
3766
000
007
000
3352
000
008
000
004
003
068
000
002
021
17129
032
003
010
000
001
10160
001
000
000
008
000
009
005
000
001
000
001
007
001
001
002
003
000
003
002
186
001
001
002
001
015
002
001
000
050
006
000
002
000
193
014
003
002
000
003
000
011
003
025
000
001
1634
001
001
002
001
000
001
000
002
002
000
007
001
351
004
066
013
000
001
002
000
004
011
001
000
027
000
001
000
002
001
003
019
001
002
004
000
004
000
181
004
010
000
002
713
003
016
000
000
000
001
004
000
003
000
002
004
002
000
000
000
000
004
000
000
001
018
000
000
1894
000
003
001
000
057
001
000
001
001
000
003
006
003
000
012
111
001
000
048
002
001
000
042
002
000
001
012
004
001
006
000
001
000
002
000
205
001
000
000
012
000
000
003
014
003
000
006
003
000
001
007
002
001
000
000
011
023
000
118
002
008
000
002
000
009
001
005
001
015
001
260
001
030
000
005
000
024
014
012
000
000
000
021
001
059
029
022
001
015
001
002
000
001
127
134
002
001
001
003
000
000
2527
004
000
001
001
053
004
106649
118
002
000
003
002
003
014
006
000
013
975
000
017
000
030
001
004
002
001
002
003
003
003
004
003
000
000
002
000
000
058
000
006
005
304
001
000
000
007
925
008
000
003
004
019
003
000
104
005
005
001
123
000
007
004
000
000
000
000
011
018
002
000
000
015
001
51682
001
107
026
001
000
000
007
001
000
211
001
002
003
005
000
003
005
001
068
000
000
064
090
932
000
000
007
001
031
002
006
113
001
370
000
14248
105
070
40360
030
003
000
019
001
000
001
000
134
000
002
014
001
005
036
001
000
022
000
001
060
008
001
000
000
000
001
000
000
000
000
000
004
010
756
002
001
007
001
036
000
000
000
006
000
000
001
000
017
305
018
000
000
000
1784
000
002
000
059
117
001
000
007
000
006
710
006
000
000
087
001
005
003
001
000
001
000
006
000
085
000
001
027
001
001
005
000
001
005
001
006
471
001
000
000
000
14406
002
000
000
000
000
006
000
012
003
004
144
001
010
001
190
002
000
000
002
000
000
003
000
001
000
003
000
475
018
001
000
000
004
000
000
000
000
000
001
023
000
005
001
006
001
001
000
015
002
012
000
000
000
007
003
000
003
000
006
000
009
045
009
002
000
000
000
001
001
022
000
298
001
000
022
038
003
002
001
002
000
000
000
021
005
000
098
000
004
001
000
000
074
002
004
055
000
002
010
003
3191
000
001
000
000
004
002
255
004
003
000
2953
001
000
002
000
000
000
000
001
663
000
000
001
006
000
000
001
035
022
004
001
002
000
000
000
000
002
002
004
001
000
200
110
001
000
000
001
000
000
026
000
000
003
000
000
002
001
000
002
001
001
000
024
097
000
000
000
000
013
003
000
002
001
019
004
055
016
000
000
470
104
000
005
004
011
006
000
000
000
2930
001
051
002
000
000
001
000
005
000
011
051
001
001
000
003
000
002
001
002
005
000
000
000
000
005
3294
014
029
000
001
005
000
001
000
000
000
003
004
000
003
000
007
000
000
009
000
010
001
000
029
000
003
000
013
000
000
000
000
000
022
012
015
019
000
239
006
040
000
043
000
000
006
000
002
006
000
000
171
001
003
001
000
001
053
479
000
000
005
001
001
001
000
149
000
000
000
20084
119
000
000
006
000
005
005
001
018
000
000
000
093
001
011
001
000
000
001
014
039
000
006
002
037
000
001
000
000
000
004
001
065
000
031
000
011
000
013
000
001
001
018
001
011
027
002
048
000
001
000
002
033
042
001
015
001
000
000
002
000
000
000
000
004
005
052
000
001
000
000
020
001
000
068
000
001
003
005
001
001
002
001
000
005
001
002
006
001
001
128
003
000
004
000
001
000
008
019
001
001
000
001
000
035
001
001
005
016
002
004
001
003
000
065
000
004
000
000
000
000
143
347
134
000
012
002
000
001
002
001
000
000
016
000
012
021
090
001
058
001
145
003
000
000
001
004
001
346
000
001
003
007
000
512
008
000
003
001
000
012
000
001
001
027
001
001
002
004
001
000
625
000
000
008
010
037
000
005
007
010
4110
000
000
000
001
053
000
000
145
000
000
001
001
000
000
002
000
000
000
063
010
003
002
027
015
290
004
000
002
005
000
087
000
001
009
008
000
20145
001
115
029
000
000
000
000
000
012
003
005
002
000
000
005
000
4001
006
059
000
000
016
000
001
000
003
000
009
006
000
001
005
001
001
000
001
008
001
000
001
000
109
000
035
000
001
003
000
000
001
002
000
000
007
000
002
002
000
1462
012
005
002
094
001
048
000
006
001
000
002
000
001
000
000
008
003
000
073
001
003
000
005
005
001
004
000
000
003
001
001
003
000
002
000
001
003
000
288
003
000
000
002
001
000
000
000
000
000
000
014
003
000
053
001
000
1275
001
000
003
000
000
000
001
000
102
000
002
003
009
000
004
000
001
002
009
001
001
009
003
000
000
001
002
011
001
006
048
014
001
004
003
001
000
001
001
002
106
001
000
003
000
082
322
000
3468
000
001
000
002
000
007
009
000
033
001
000
000
007
001
006
002
000
000
012
000
000
314
000
000
000
000
017
001
004
028
000
002
007
004
000
002
002
000
7748
001
002
001
000
000
006
000
002
002
000
027
008
000
000
000
008
031
002
000
014
043
011
001
000
000
000
000
001
000
034
001
000
000
000
000
008
002
000
000
057
034
044
084
000
013
001
000
023
000
003
011
002
010
009
000
000
001
007
008
010
001
095
092
001
006
003
001
001
000
000
000
001
1172
001
003
192
001
020
000
000
001
000
128
004
002
001
008
016
001
055
000
038
000
001
011
001
009
000
008
000
002
000
113
000
026
000
000
001
001
000
001
000
005
000
000
039
003
007
001
000
012
066
002
001
136
000
001
029
152
000
000
015
000
006
010
001
001
000
000
073
480
039
000
005
000
001
006
000
001
000
002
000
007
000
002
001
001
000
000
265
000
2556
004
000
000
007
003
011
011
000
001
011
719
006
064
133
001
003
000
004
004
010
018
003
004
000
008
049
041
011
001
000
001
001
000
011
000
001
000
002
466
003
000
002
001
004
030
000
000
000
000
006
002
002
3968
004
000
003
001
002
000
001
016
000
001
002
006
083
001
008
000
000
003
000
000
000
004
000
007
008
390
000
002
000
000
000
000
000
000
002
000
000
001
014
012
035
000
001
000
007
000
023
000
018
000
000
000
005
001
000
034
001
005
000
000
000
2038
000
003
004
000
001
000
004
000
029
000
012
001
006
000
003
001
001
028
007
003
010
001
041
002
001
001
002
004
001
002
846
000
000
000
019
609
001
011
001
001
001
003
000
000
012
046
000
001
000
001
000
000
056
001
000
000
001
000
000
48152
001
000
372
010
000
000
002
011
000
002
12492
001
016
064
000
053
001
018
001
030
000
015
026
059
001
010
141
000
040
000
000
007
001
153
001
001
001
010
017
000
000
000
140
000
102
000
001
000
000
000
004
000
006
000
000
000
045
004
150
000
000
011
016
000
001
000
063
000
000
000
001
1669
000
027
123
005
006
000
004
002
001
000
010
002
000
000
001
002
000
215
003
000
013
019
002
002
015
000
002
001
064
144
001
001
082
253
037
032
049
001
051
001
001
044
004
348
002
003
000
000
003
003
000
010
014
000
002
001
000
569
032
018
001
007
000
004
001
018
004
001
000
001
5582
000
001
000
061
111
095
000
001
000
001
000
000
001
001
008
000
049
000
000
000
009
001
026
001
001
002
000
000
000
003
185
018
001
034
068
000
001
031
003
005
033
004
001
022
001
001
002
040
130
000
001
002
002
005
000
000
051
000
000
001
001
000
000
001
003
000
001
002
003
000
000
000
000
1928
001
000
002
066
000
000
000
000
012
376
000
001
000
003
001
000
977
1453
000
006
000
041
000
000
000
000
000
000
048
000
004
001
000
001
000
001
000
011
034
001
006
4783
000
000
000
005
15215
023
004
000
001
000
006
164
000
004
001
000
013
000
007
001
001
010
015
003
103
002
000
010
004
013
000
031
000
000
000
003
000
304
001
000
003
000
003
033
000
013
000
000
000
001
000
000
000
001
000
001
000
000
014
000
008
019
003
000
000
001
000
017
003
4147
001
002
009
016
028
000
001
053
031
001
000
003
000
001
001
001
006
000
476
002
003
087
001
002
000
000
003
013
004
000
010
001
003
489
000
000
000
004
041
003
000
024
072
107
012
021
000
000
000
000
001
042
000
000
001
001
000
302
003
001
008
051
017
001
000
034
004
000
002
001
704
000
050
025
001
000
037
009
000
000
033
000
003
006
007
001
000
000
000
013
000
000
006
001
000
003
000
002
1473
000
116
000
002
000
000
006
000
008
003
001
000
012
000
003
000
014
011
001
001
000
013
007
050
001
001
124
024
110
000
003
000
000
000
000
000
000
008
000
062
000
000
010
000
002
000
005
000
015
000
000
008
000
000
000
088
001
008
001
005
000
001
237
000
001
000
000
001
000
000
3690
003
000
008
011
002
002
011
000
002
001
005
000
000
000
001
000
000
001
722
000
029
018
2690
003
001
002
000
000
001
000
1173
007
9879
403
001
000
001
001
001
000
000
002
002
026
168
002
005
001
190
002
192
001
000
001
003
000
000
001
000
001
003
011
001
001
111550
681
002
007
000
000
042
000
000
012
001
001
1709
001
003
000
006
000
718
000
000
001
004
000
007
000
049
000
002
002
011
000
000
001
000
7847
009
000
006
2106
011
007
000
020
001
582
030
1529
000
000
000
119
031
003
000
001
000
000
000
002
000
000
004
000
013
000
057
008
000
005
007
002
001
083
000
000
000
146
002
006
001
001
001
000
000
000
000
000
000
000
000
005
007
002
001
002
004
004
000
000
001
000
002
085
009
103
000
001
004
1779
002
001
000
190
012
000
011
001
000
012
000
002
025
000
000
000
000
002
000
001
000
000
001
009
2773
000
001
000
000
001
009
016
000
065
000
003
004
001
003
000
000
006
000
002
002
097
000
000
001
000
000
047
001
003
000
000
001
001
001
002
000
000
1033
009
044
000
2876
002
001
022
007
000
000
000
000
001
003
000
000
002
1560
008
000
000
000
000
000
160
035
000
001
037
009
064
000
001
176
001
004
000
005
001
004
778
000
000
000
002
038
000
002
020
003
002
001
004
000
021
002
015
497
001
000
001
000
005
000
059
001
000
000
001
021
000
006
001
001
002
000
001
000
011
000
000
000
000
001
002
002
567
000
000
146
001
000
008
001
000
001
000
001
000
007
006
002
079
007
001
000
000
1041
000
002
000
007
000
000
000
000
053
000
000
000
001
011
001
001
033
000
000
001
039
000
000
000
000
000
004
001
001
000
023
000
002
003
003
344
000
032
003
000
001
000
000
007
005
228
001
000
056
006
001
075
000
001
000
014
003
000
007
000
007
010
001
001
001
000
009
000
011
017
012
000
001
001
000
2511
000
080
060
212
000
121
000
000
002
000
058
000
002
000
001
000
201
000
003
004
000
000
073
002
000
042
131
000
1084
013
018
001
000
000
008
002
010
001
000
005
000
000
007
000
000
019
002
000
013
001
000
000
000
5076
001
004
002
000
006
020
002
000
000
294
001
000
176
001
003
004
016
000
247
006
001
001
321
006
000
004
017
000
001
006
193
162
002
019
000
072
000
002
001
002
004
278
002
000
002
001
001
001
028
000
001
013
007
186
000
000
003
003
000
109
000
005
011
000
000
001
001
000
005
000
000
000
000
1373
001
026
001
001
000
036
001
000
017
000
044
000
000
001
000
045
027
006
000
000
002
002
024
000
001
010
000
008
041
001
001
000
000
022
039
000
000
002
013
002
016
010
000
001
004
001
000
001
001
001
006
000
1219
005
004
002
000
010
058
000
000
074
1148
000
000
000
269
000
300
092
001
000
033
001
000
001
001
000
000
677
001
015
001
000
002
000
000
000
001
001
000
000
002
001
000
004
000
029
385
001
000
000
013
000
000
007
002
001
016
010
001
000
003
001
013
685
000
28756
710
120
002
992
000
000
002
001
000
002
000
000
000
000
008
001
006
1161
105
000
000
004
056
001
001
435
003
000
000
010
002
001
000
003
001
000
000
017
022
001
014
841
405
000
001
003
002
001
001
012
000
000
000
152
001
004
000
001
002
000
000
003
001
025
001
000
000
001
002
007
002
001
001
023
012
000
002
000
001
014
001
000
002
000
004
000
122
000
002
006
305
000
002
002
000
000
000
000
000
000
000
001
000
001
000
007
001
001
001
000
000
008
000
000
000
010
001
014
001
000
079
015
001
000
001
002
003
000
061
028
014
7689
001
001
002
009
000
001
000
002
003
510
009
001
000
029
000
001
000
006
000
020
1077
001
002
001
007
019
000
000
000
000
003
000
000
036
013
282
000
000
000
007
212
000
000
001
035
073
1092
000
003
749
000
003
000
000
006
003
000
020
000
004
003
000
000
000
001
000
000
001
021
000
000
011
000
004
000
000
001
000
001
000
001
177
002
000
000
025
183
005
007
001
002
000
019
016
000
001
009
005
001
002
000
000
000
001
004
003
002
002
001
005
001
000
019
002
055
000
011
006
002
001
001
003
001
001
000
028
000
000
001
056
004
009
008
007
000
002
000
000
001
342
001
004
011
002
000
001
000
008
000
007
003
001
025
002
000
010
1582
000
000
022
001
000
85552
013
001
153
174
001
000
010
001
000
001
006
52690
333
000
001
003
002
000
001
016
010
000
002
002
1225
001
041
000
000
013
006
001
014
000
000
000
035
002
002
000
024
000
283
000
000
000
002
000
000
000
045
009
362
001
000
060
235
001
000
000
091
024
000
002
000
000
000
002
241
051
000
000
000
002
000
004
014
000
001
000
000
003
014
006
000
001
004
122
001
000
002
001
000
000
002
1119
031
005
000
001
000
000
000
1278
000
008
183
002
021
000
000
001
000
001
000
000
001
000
091
000
000
000
007
000
006
000
000
000
000
000
000
001
1696
000
057
000
000
003
000
005
018
1566
000
000
000
004
106
175
000
000
057
004
039
002
003
054
014
2637
001
000
001
020
011
000
000
004
000
039
000
000
000
091
000
000
001
000
000
2267
001
013
003
001
004
009
001
000
013
000
003
001
137300
015
000
061
000
001
192
000
001
004
5543
001
001
000
088
011
000
000
046
001
000
000
001
2196
002
024
007
000
001
004
000
007
008
000
012
206
000
000
000
011
001
000
002
001
000
000
000
087
001
000
001
002
054
001
000
049
000
047
000
002
000
000
032
007
000
003
317
044
000
004
000
000
001
001
015
001
001
005
002
493
192
002
000
002
001
4695
001
000
000
000
016
000
003
001
000
020
008
001
100
005
009
001
001
000
000
2050
000
001
251
000
001
552
000
055
000
101
413457
001
2191
000
003
003
000
489
001
000
001
057
004
000
000
001
001
000
000
001
005
056
000
000
007
001
000
028
000
002
157
000
003
000
001
000
012
000
001
336
001
000
001
007
002
012
003
002
004
005
034
001
008
104
001
005
010
000
000
001
005
000
000
001
005
001
002
000
102
087
004
000
280
000
001
000
000
000
000
000
029
002
000
709
002
004
000
003
000
001
001
016
026
154
001
002
032
065
000
045
015
000
000
001
004
005
009
002
000
017
000
000
037
038
001
000
000
168
079
000
000
046
000
000
001
000
005
000
003
001
000
000
000
013
006
002
000
001
038
000
011
004
000
000
000
000
000
000
005
000
010
002
000
004
017
003
005
004
059
001
000
000
000
088
005
003
141
002
001
003
004
017
3832
000
013
4785
000
018
016
046
000
000
000
001
002
000
011
120
001
000
002
007
003
1569
004
001
001
000
002
000
000
000
000
040
000
002
001
022
2117650
000
002
000
000
003
260
13560
031
003
000
000
000
000
000
003
048
001
001
001
016
009
002
912
026
000
002
000
004
001
000
000
005
021
005
000
000
002
065
017
000
003
007
000
002
000
2649
277
011
000
001
005
005
002
000
002
637
000
003
008
000
001
3056
000
000
003
009
000
003
008
002
000
000
002
001
000
025
000
000
000
000
000
000
000
002
028
001
000
000
001
000
030
046
001
001
089
000
012
000
001
001
001
001
000
186
000
001
000
001
002
004
004
001
002
002
002
001
000
000
006
006
001
000
002
001
000
012
001
021
000
138
000
005
000
000
009
021
018
037
000
004
000
004
004
001
003
000
000
017
000
006
000
002
000
552
003
002
000
001
000
001
000
001
062
000
007
000
021
874123
049
000
504
000
001
000
014
000
079
000
028
000
012
030
607
000
001
040
000
045
011
000
000
262
063
001
000
003
000
001
000
000
551
001
112
001
000
000
2852
030
000
000
725
004
006
000
000
047
003
001
000
102
060
000
003
000
002
000
000
000
004
001
001
220
000
847
000
1216
004
1210
000
000
000
002
003
020
000
005
014
000
000
000
1100
001
003
000
039
000
191
017
015
001
715
003
003
065
000
000
001
003
000
161
005
000
000
004
001
005
3373
000
001
123
001
000
001
000
000
001
072
000
001
000
002
9884
260
001
001
000
000
000
014
014
000
000
010
005
004
000
001
000
015
000
001
025
004
006
005
000
006
003
002
002
002
610
000
002
030
010
005
001
032
000
008
006
001
000
001
021
001
2656
004
003
000
003
000
510
000
070
010
002
001
000
000
073
1217
064
001
232
000
001
074
250
024
001
040
001
045
013
000
001
009
026
009
010
004
000
001
959
000
000
002
005
000
005
001
002
001
000
031
000
002
014
025
000
003
860
000
000
000
001
006
001
000
003
000
001
012
002
001
002
000
000
000
000
001
006
001
5986
008
001
068
008
000
001
005
002
000
000
000
000
001
001
000
001
000
009
000
012
015
001
9617
129
000
001
001
000
000
009
000
004
141
001
000
000
028
028
000
000
002
019
000
004
000
000
000
034
000
000
003
420
000
000
000
007
006
000
028
000
005
000
007
000
010
000
000
005
354
033
003
005
004
000
003
002
000
006
002
002
001
001
6506
000
011
003
011
003
003
003
000
059
000
000
491020
001
001
023
000
010
000
000
000
004
000
040
007
002
000
000
001
001
002
000
000
007
001
037
000
000
002
000
001
000
007
000
000
000
000
002
002
015
000
000
000
000
002
019
001
000
003
002
000
001
000
002
001
002
000
001
000
000
002
000
000
084
980
001
003
010
004
000
000
686
000
000
000
045
000
000
052
113
000
017
147
044
003
001
000
003
001
002
000
002
005
002
001
000
000
012
000
013
321
000
000
018
002
000
000
001
005
000
028
000
006
026
000
000
001
000
007
002
169
001
001
000
008
001
000
000
008
000
000
000
001
1410
000
001
000
000
000
082
2012
000
011
876
000
000
000
343
000
003
000
000
000
001
000
003
000
028
000
000
000
001
2139
000
001
002
058
003
003
001
001
000
000
000
002
000
005
000
048
000
018
1688
001
000
000
007
000
022
000
000
000
001
001
000
007
000
674
000
001
000
000
001
000
029
005
005
003
131
001
001
002
000
000
000
000
003
000
000
002
000
010
000
002
024
000
001
001
001
000
004
000
000
000
073
001
5188
000
037
001
000
005
001
003
002
002
000
000
001
003
000
011
000
000
309
001
000
000
003
001
1207
002
000
000
013
254
013
113
063
000
1411
000
000
004
000
127
000
002
000
004
001
068
189
1007
001
000
001
000
000
079
002
000
000
023
000
000
001
104
002
003
006
2746
000
000
083
000
